2.494268293599145814e+00
2.674044264579806374e+00
2.577484333820175610e+00
1.758020839892941112e+00
1.839454940174715558e+00
1.525359507401263803e+00
2.502144728392150075e+00
2.331116466895453598e+00
2.333797179008706202e+00
1.905660776305283299e+00
2.500680199145423721e+00
2.076767617716533287e+00
1.893627703826164410e+00
1.764499605329810317e+00
1.881261047357562832e+00
2.220618539682210901e+00
2.767961619449394561e+00
2.396724414790127433e+00
2.529715011495637711e+00
2.470318653472639348e+00
1.835371529868061735e+00
1.769289367738806629e+00
2.179914930866539535e+00
1.844652257119040684e+00
1.589048127674599797e+00
2.858599657402796979e+00
2.674184471617540027e+00
2.270921937443707961e+00
1.506207159470553503e+00
2.280089512916356753e+00
1.868011452082976032e+00
2.124340221556092700e+00
1.707639430274230818e+00
2.370851885227707179e+00
1.947568137236267427e+00
1.385627190670283504e+00
2.447962645351433153e+00
1.503219438248465156e+00
2.063582161980696661e+00
1.682204410357942770e+00
1.401963128350681709e+00
2.510067452960608847e+00
1.884321876389663197e+00
2.591099329242638305e+00
2.243647838262305960e+00
1.986280119654797449e+00
2.680919469679281963e+00
1.686246142827692474e+00
2.222370527402609763e+00
1.432780766709060627e+00
2.043769993497748239e+00
1.623502607115797414e+00
1.956277331639907135e+00
2.534327552089874480e+00
2.156548528239286000e+00
1.386823690215539084e+00
2.538577770031062997e+00
2.620233359248538285e+00
1.932599542039742602e+00
1.837072501267264402e+00
1.946005746655252944e+00
1.613957129110281885e+00
1.477288920320581678e+00
1.934999520551770935e+00
1.717864653495176475e+00
2.029009092073296383e+00
2.419062433767431575e+00
1.884549155305018875e+00
1.358781319333607573e+00
1.439424430304549141e+00
2.044862183745855155e+00
1.556067133570739669e+00
2.725294703720034128e+00
2.203529928089981826e+00
2.224096556480865683e+00
2.460150314223060519e+00
1.833363006768998993e+00
1.644972392335899425e+00
2.100451836518199666e+00
1.847291690695911370e+00
2.267025318297742231e+00
1.925227322744168301e+00
2.307687915247708332e+00
2.288490473833838301e+00
2.037060779521723042e+00
2.500515106697521528e+00
2.216680326986037564e+00
2.690112791656697588e+00
2.900582844616296008e+00
1.918509302992803089e+00
2.120415393167086826e+00
2.382562605643990583e+00
2.299934672065417463e+00
2.525736799153771805e+00
1.989261990779554790e+00
2.424990603117707089e+00
2.275289753164747353e+00
1.722300255217977138e+00
2.785915860122692322e+00
2.401654638323793112e+00
2.711221625448549943e+00
1.829116233061610419e+00
2.695357380995420549e+00
1.738133824520293302e+00
1.753582294451916379e+00
1.827320273583795895e+00
1.543688455999241871e+00
1.845044203731719179e+00
2.109848409316957607e+00
2.435627058198268635e+00
1.884401940553778410e+00
2.627900868386434219e+00
1.738826590009807660e+00
1.875288550152768519e+00
1.959141136366055136e+00
2.213269867509093825e+00
2.877407537477152388e+00
2.703764939242357723e+00
2.608148234031675727e+00
2.414182765817348475e+00
2.162801783766125308e+00
2.417522863339103267e+00
2.093003166347094712e+00
2.329956363480134129e+00
1.785542715121859914e+00
2.246242545417791447e+00
1.887055988610582657e+00
1.892857981785841082e+00
1.912503298945458452e+00
1.731960939728253379e+00
2.540552824992659886e+00
2.158478220450771090e+00
1.649179376634270389e+00
2.587152384790444959e+00
1.843819552078129753e+00
2.036568833724696326e+00
1.335550888901757327e+00
2.353524099739665587e+00
1.753659251756814363e+00
2.555334394781247909e+00
1.689298157463029249e+00
2.018280632733199020e+00
2.236648366509822239e+00
1.894508243279605875e+00
1.714188816637773893e+00
2.243962647741766236e+00
2.179140079269592079e+00
2.188481996656947537e+00
2.581078801283189783e+00
2.245846339951392601e+00
2.363216785400333642e+00
2.100524799640062668e+00
1.890111696499920946e+00
2.322397793224688645e+00
2.428318165811334861e+00
1.677775301434264010e+00
1.673457594088747724e+00
2.168845093906647037e+00
1.676478439488251926e+00
1.982417030548492276e+00
1.929937287674954760e+00
2.114974873381638698e+00
1.564678416398122662e+00
1.323513327710447385e+00
2.703275866592122156e+00
1.598531325463381725e+00
2.524442112759553325e+00
1.843290743000036036e+00
1.526912627231308051e+00
1.211438035943067870e+00
2.092568561358287837e+00
1.199472290406613961e+00
1.915198221953064550e+00
2.026458855160173655e+00
1.803245900355238795e+00
1.499849804994379365e+00
2.517313348637140180e+00
2.105800501363213506e+00
1.740379596574939125e+00
1.724105955030828863e+00
1.410764140968287172e+00
2.365010775377208496e+00
1.251124798243742120e+00
1.583401842176681118e+00
1.645999402950690360e+00
1.462381314619251915e+00
1.341590774772571715e+00
1.678589204068726692e+00
1.851572630746583847e+00
2.103194292997253356e+00
2.744491089622972169e+00
2.041477192107668870e+00
2.780395596382581047e+00
2.075982880673828301e+00
1.945340494225664241e+00
1.296615254235780057e+00
2.170555745696981287e+00
2.278969741963276174e+00
2.191452172163461221e+00
1.756267153620000965e+00
2.431656377283046844e+00
1.895260427420453198e+00
2.329059636252772236e+00
1.808571098238289210e+00
2.193169589784606188e+00
2.082967339925445138e+00
2.648073463172017306e+00
1.964648947043849070e+00
1.488969512230201797e+00
1.046073131449454685e+00
1.915535854496468460e+00
2.473660786432769321e+00
2.221431470658433049e+00
1.845416672666426727e+00
2.187219387368032564e+00
2.698380992552936064e+00
2.198915723800800137e+00
2.339187642792387223e+00
2.710930631110685773e+00
1.772203060823742682e+00
1.818236825745339180e+00
1.607270375615112989e+00
2.454365230778078999e+00
1.242119006183902474e+00
1.751825673119378202e+00
1.680668736319592682e+00
1.223038332321601418e+00
2.441852531969107787e+00
2.548256154732527978e+00
1.392396680594237823e+00
2.101527264923171323e+00
2.301358251636298036e+00
2.669571915846858268e+00
1.431182385751985642e+00
1.563863791287169569e+00
1.667158171510523701e+00
1.598899707604334530e+00
1.378132679857493770e+00
1.608174752906603500e+00
2.634556754760342123e+00
1.375486493944461541e+00
2.029633959740473337e+00
2.017876685103405343e+00
2.270114462550298029e+00
2.044715928878404920e+00
1.717802723595891479e+00
2.227811019726120279e+00
2.555302531271163691e+00
2.192181881998429560e+00
2.757026186947463042e+00
2.535559198504068856e+00
2.197541877044788095e+00
2.065395344121350618e+00
2.296109176896444559e+00
2.871114895751671447e+00
1.786026541057614825e+00
1.926258752121951190e+00
1.530745931044750652e+00
2.427836177229361070e+00
1.302815065348189583e+00
1.447340228315926680e+00
1.795291375141035539e+00
1.505289069298091142e+00
2.491035727375603415e+00
2.144805494335528806e+00
2.600972389785193073e+00
1.825330340985111821e+00
2.678635374526951551e+00
1.460356686459462372e+00
1.952938736180718671e+00
1.941234619655344940e+00
1.880264512680348554e+00
2.381164689385028232e+00
1.206035748757724457e+00
1.682049920515335639e+00
1.483828952123569245e+00
2.546949072755769983e+00
1.858991799292440961e+00
1.490836191270652478e+00
2.346507297049728713e+00
2.273799274298713868e+00
1.771086230151390994e+00
2.199201667189003118e+00
2.362895369628894571e+00
1.900951736156188066e+00
2.122611563247169819e+00
2.060575467092879531e+00
2.315833465146622139e+00
1.498833136891280171e+00
2.216697400823016029e+00
1.593333191282046091e+00
1.821154110492362310e+00
2.104540605999289049e+00
2.533659086904979318e+00
1.958268100968360015e+00
1.285810074057784691e+00
1.110347253457258931e+00
2.677999543729276510e+00
1.952023533337584826e+00
1.962459522844506754e+00
2.567275316923513628e+00
2.758993197135401143e+00
1.716959694581875251e+00
2.164174292671025235e+00
2.008247934309489224e+00
2.117920704566118584e+00
2.015196275123239733e+00
1.681896714903846402e+00
2.223524015090970085e+00
2.167882726761723333e+00
1.987536447117004279e+00
2.664635646054287488e+00
2.236717816334067521e+00
2.827754308009386985e+00
1.409147814818021649e+00
1.830206776821375669e+00
1.982209985605052793e+00
2.255961332717016710e+00
1.494427190146793594e+00
1.899684924086941340e+00
1.723089013121800850e+00
1.326171583181412483e+00
2.222344823651972945e+00
1.965612826242466138e+00
1.912695392308220832e+00
2.031374485935688590e+00
1.860935356583908407e+00
1.773109459709772739e+00
2.268084749285670831e+00
1.900680487298227250e+00
2.098690002633651908e+00
2.629553997184285841e+00
1.997758477530169330e+00
1.572167972308258888e+00
1.656756237683702615e+00
1.907591987228415942e+00
2.092395040912695237e+00
1.960621758033582962e+00
1.461675169630651805e+00
2.168131214721831235e+00
2.430613189673684449e+00
1.886750994268182602e+00
2.107183353853922192e+00
1.719399646066911647e+00
1.981647654875297704e+00
1.377160567173195460e+00
2.213281120146195047e+00
1.754915666554045739e+00
1.657029985988241361e+00
2.499386274740225566e+00
1.852325518721184228e+00
2.105580437876496624e+00
1.896448361765477930e+00
2.470934678933627726e+00
1.746237289464176001e+00
1.868709156576557007e+00
1.890477443610515618e+00
2.671980356460881278e+00
1.317344356641573455e+00
1.994810895180918475e+00
1.854922720286136029e+00
1.950034242048443334e+00
2.369997273243570568e+00
2.357430944621051516e+00
1.019599339188806963e+00
1.457485834764034038e+00
2.647723626860001733e+00
1.940680378454511024e+00
2.238358508878650177e+00
1.688445179496314896e+00
1.561972375350863196e+00
1.393945242754923264e+00
1.500957328874117369e+00
2.080999921534646191e+00
2.676748301855216727e+00
2.582108709254884005e+00
2.702232065013643769e+00
2.078005478893342417e+00
1.800009717332682779e+00
1.312907522299921803e+00
1.961775277756359959e+00
2.026346785660723349e+00
1.672628779374611963e+00
2.215410844970885584e+00
1.911287759490825966e+00
2.814481486976825764e+00
2.347176053446853317e+00
2.661935022927526262e+00
1.723271996034503539e+00
1.448516421140346733e+00
2.262230143450153719e+00
1.879734097221518851e+00
1.120443952506980922e+00
1.407864758607465960e+00
2.229999094449162556e+00
2.425597108118511702e+00
1.812035651833343586e+00
2.172454143671525006e+00
2.560310857772260196e+00
1.958422385004384925e+00
2.579989989482103674e+00
1.749147871068797766e+00
2.106270264864731345e+00
1.489601485463122543e+00
1.389230642411139360e+00
1.721949903362026690e+00
2.353519832351113727e+00
2.085352307710010678e+00
2.057781288050266610e+00
2.050655855546321682e+00
2.095073405246580478e+00
2.067555384764304893e+00
1.286857009655181461e+00
2.807733105817745045e+00
2.740372675161299565e+00
2.226253994157232796e+00
1.341262889486262599e+00
2.049533701276965658e+00
2.027166041921128148e+00
2.373756995240190903e+00
1.831837448133894597e+00
2.420758138498866341e+00
2.303792832244495603e+00
2.487579446809206729e+00
2.384828335986224346e+00
1.643339023795370668e+00
2.078611500556103664e+00
1.359590820540269140e+00
2.317030211964930864e+00
1.680272896647122094e+00
2.621516672085093980e+00
1.659550502922032322e+00
2.866020206791489500e+00
2.347512866272092324e+00
2.361169028861788810e+00
1.945763229530919736e+00
1.635488763162820769e+00
1.891526748446916040e+00
2.420235865004336961e+00
2.091191433267471034e+00
1.889989316760858795e+00
2.755636379009462900e+00
2.831982764757162485e+00
1.338557471376280228e+00
1.909460251094401428e+00
1.509994974164539094e+00
2.277570606608158243e+00
1.105650151974167050e+00
1.588758759519182329e+00
1.512099482045588417e+00
1.775570893200266287e+00
1.897458793379070086e+00
2.158966471758804406e+00
2.066775871293455857e+00
1.561398609068882504e+00
1.749718466537609984e+00
1.555624607425441841e+00
2.045922269395093807e+00
1.701689776682571154e+00
2.476764416014558989e+00
2.039767983816523689e+00
2.415758628976536926e+00
1.535996151623560291e+00
1.410052061957755232e+00
1.804665007733188720e+00
1.847960278619066088e+00
1.737250458046213808e+00
1.698944871831198355e+00
1.395145816344698364e+00
1.648218951044816638e+00
2.428950481948470852e+00
2.412780961141558045e+00
1.964940708285199289e+00
1.634771395083492118e+00
2.830188862604084754e+00
2.032826602359172341e+00
2.335841227411441068e+00
1.689404111375427231e+00
2.707351859353620327e+00
1.676511137336480495e+00
1.854785889199418669e+00
2.232255740890411122e+00
1.649215807034108305e+00
1.807540716185374929e+00
2.474873574837660684e+00
2.424233460134736617e+00
1.821356225587683619e+00
2.091254623002529733e+00
1.676842509092740796e+00
1.984914413885144002e+00
2.474907844939892687e+00
1.559689681432899100e+00
2.122896852341699336e+00
1.357762618384462883e+00
1.788465366553762870e+00
2.461792344013067790e+00
2.125245968453758572e+00
1.560755268726429001e+00
1.677463328242169371e+00
2.117103293159987132e+00
2.659229992189957592e+00
2.340083169344331360e+00
1.868491242345340364e+00
2.519683726136375146e+00
2.132118603451260697e+00
1.698538949809111243e+00
2.125187266439406031e+00
1.885924855582900239e+00
2.174568974285012946e+00
2.777823329157506294e+00
2.361697394625630331e+00
2.022262627197104479e+00
1.797804592829051584e+00
2.773854438040394221e+00
1.884393653367611776e+00
1.268401235170761865e+00
1.600876207868696444e+00
2.324274727474130664e+00
2.215381448652303131e+00
2.514482607013611037e+00
1.967281745194348286e+00
2.375498302707149456e+00
2.277290365537880668e+00
1.633269314694379304e+00
2.469794704442493050e+00
1.667661597764060311e+00
2.113648236598129060e+00
1.407431006922272410e+00
2.643181497665960222e+00
2.222155612781458345e+00
2.500216230333813350e+00
1.911252248173354928e+00
1.975310226632210675e+00
1.597017339803369573e+00
2.247569951844020864e+00
2.105162956379435624e+00
1.990385015624334564e+00
2.557039813681440066e+00
2.770424669452644650e+00
1.686302668615304867e+00
1.868910144875982615e+00
2.197862025247513174e+00
1.947189633472624637e+00
2.128775165668779668e+00
2.322282756621957489e+00
2.000961212380849119e+00
1.204973708732768767e+00
1.772622570346764181e+00
2.818288931513316165e+00
2.690081676892789098e+00
2.556074729700358095e+00
2.099134751015689027e+00
1.610436101352040517e+00
1.792739977730427814e+00
2.293097719935170975e+00
1.387724957501629275e+00
2.123365153053775600e+00
2.372245077985016160e+00
1.795184852256046959e+00
2.136162459064952834e+00
2.691738955073371908e+00
2.627114478071938208e+00
2.412660617855671319e+00
2.279397983797864846e+00
2.067707920494321616e+00
2.206750170264723643e+00
2.308066141363894541e+00
