2.630478118038785951e+00
1.809792824125910471e+00
1.332001525049467672e+00
1.544487633460461140e+00
1.948326010153742072e+00
2.766267258969571152e+00
2.122238299793756333e+00
2.287701068686219585e+00
1.883007258878961920e+00
1.147892180409543217e+00
1.468353331785056115e+00
1.720152056209289348e+00
1.950285959929907609e+00
2.243225045749241531e+00
1.649964738627143213e+00
2.221879420009931216e+00
1.809903044325156696e+00
1.783213077117812517e+00
1.806376104027996421e+00
1.478520326640565097e+00
2.075611243555998797e+00
1.222978828898489523e+00
1.539465636851363062e+00
2.290559584199214793e+00
2.821200990181956136e+00
2.110905198399433580e+00
2.540982411345608760e+00
2.457904999771192145e+00
1.368030213712156051e+00
1.546196598292983726e+00
1.592250424844595447e+00
1.756997790864271991e+00
1.917758785514769526e+00
1.920182181244991515e+00
2.113742254373521590e+00
2.617995209690391345e+00
2.277118996017120089e+00
1.705599528475636006e+00
2.466457926412216395e+00
2.659092219786609590e+00
2.070457913443692455e+00
1.330499328953767657e+00
2.282352565883798867e+00
2.078950019476109468e+00
1.574743365979952125e+00
1.895141596480460322e+00
1.971095088680034024e+00
2.169050768090223791e+00
2.202218100295779024e+00
2.475217017333758651e+00
2.239477806355838041e+00
2.202043137760004043e+00
2.164019464546855787e+00
2.820446503662370930e+00
1.995494355305966971e+00
1.864450798402252252e+00
1.947837069677760713e+00
1.447166713532324067e+00
2.737535938126367085e+00
2.060739085169437601e+00
1.845613904067922029e+00
1.947998790920070888e+00
1.578682923371017566e+00
2.270098163030222160e+00
2.650928340551379492e+00
2.428573746768645236e+00
1.662539066139201438e+00
1.682808886825298611e+00
2.701302924681512341e+00
2.800042745887090234e+00
1.383064187564116310e+00
1.917590121036799822e+00
1.633827733452934972e+00
1.616452657724542163e+00
1.663179366833092310e+00
1.548773674792654376e+00
2.250437672407060496e+00
1.449969291622877021e+00
1.859034456132651059e+00
2.332900428686667915e+00
1.659372154516151276e+00
1.879914444231191695e+00
1.475774733496644675e+00
2.720149703692112286e+00
1.899699487288670774e+00
1.549253451829631256e+00
1.643287056372270127e+00
1.770751924258319843e+00
2.297278196418375273e+00
2.117756018370887894e+00
2.260703469655898967e+00
1.621570047253593660e+00
2.394781040705252551e+00
1.230414900152003277e+00
2.067293860772658753e+00
1.953655218734771770e+00
2.261933349371950452e+00
1.275749652536069645e+00
2.257573242251961432e+00
1.893807499020562668e+00
1.596046179667640397e+00
2.099250496182726522e+00
1.398190440650689093e+00
2.183372264770590654e+00
2.025940572018233077e+00
2.011814801686453436e+00
1.629008267726734349e+00
2.523873189445911436e+00
1.902240181792485885e+00
2.014785372631257676e+00
1.949964015609768619e+00
1.348282281126164994e+00
2.145191555301916964e+00
1.350468087761316882e+00
1.746569766405714264e+00
1.876193481808072105e+00
1.724021124979956188e+00
2.431093020266026805e+00
1.751210943598367376e+00
2.693422333062448271e+00
2.364305562459478871e+00
1.629925774797155391e+00
1.253149538520097694e+00
1.159740961722713015e+00
1.541947268195756893e+00
2.188561189629464110e+00
1.629425414531181726e+00
2.186959094879743937e+00
1.777714741072716098e+00
2.206567327282534574e+00
1.322341477562301026e+00
1.985028762127405422e+00
2.443597278161405928e+00
2.512532288738889896e+00
1.554550601519935515e+00
1.848834246285519622e+00
1.498960577730346300e+00
2.240437161864544446e+00
2.254102579949734064e+00
2.298436138264861484e+00
1.420995622656418433e+00
2.072203466576761244e+00
2.001295625796878142e+00
1.540203453400862621e+00
2.969509471439533144e+00
2.247315651742364917e+00
1.625965372618612514e+00
2.526175240670941236e+00
2.282919596774877213e+00
1.778976525365996153e+00
1.498732408659792847e+00
1.734255162587155397e+00
1.404416980192907394e+00
1.746325081230067910e+00
1.931006059512251127e+00
2.401761785735124555e+00
1.865043636968128693e+00
1.098088387208961292e+00
1.586858017377893226e+00
2.048678300972363253e+00
2.545582611270321927e+00
1.580214967682051608e+00
1.711310130352063030e+00
2.214079211134198033e+00
1.945945307677788172e+00
2.226380685506729851e+00
2.109472503232426632e+00
1.453586996490821681e+00
2.106252913633194890e+00
1.533605055244989801e+00
1.971289446235592102e+00
1.543183709850266094e+00
2.250858785018484909e+00
2.148894418920399563e+00
2.622051381278813320e+00
1.920585113468898264e+00
2.390531195705363210e+00
2.506771937948509610e+00
2.059260050976944534e+00
1.380803286052223910e+00
1.721710053223136194e+00
2.454446346659955758e+00
2.358156195424780499e+00
1.994079685689721382e+00
1.335132342860574139e+00
1.483654203696931795e+00
2.237258358699533822e+00
2.369525706001976317e+00
2.085232192602148871e+00
1.958448711644036777e+00
2.107927401997634398e+00
1.251073037776621044e+00
1.731268107321209726e+00
1.337822159452719983e+00
2.234075677075563426e+00
1.703382178536152924e+00
2.586328952492645605e+00
1.778347593394341342e+00
1.935183037116108062e+00
1.451875273404475752e+00
2.467494830727093635e+00
1.875162784925871629e+00
1.542748710965232473e+00
1.753900481768421837e+00
2.711585679693175432e+00
2.109733529284920639e+00
1.323359757560525374e+00
2.397373552813175657e+00
1.962493193007484926e+00
2.413370168093390777e+00
1.969290884099381689e+00
2.192232865084633442e+00
2.322509058741217824e+00
2.716779187562786468e+00
2.021870107952208340e+00
1.905819145190365882e+00
2.412905895568517867e+00
2.133071847260263443e+00
1.927748303763581639e+00
2.284949565603293209e+00
2.640104333402308878e+00
2.384105266474285223e+00
1.789831486010027728e+00
1.392122236032206750e+00
2.202079943484675173e+00
1.974529952464950444e+00
1.688729896704335820e+00
1.405123984610788135e+00
2.614413807935502376e+00
2.277680952576194073e+00
1.575973061252636365e+00
1.771582700840209412e+00
1.656246050637008693e+00
1.269288704299171400e+00
1.891264009198057927e+00
1.969738081519228023e+00
2.657996679747409274e+00
2.573478667327401936e+00
2.431637386422545344e+00
1.759453512807775510e+00
2.264453048424595494e+00
1.612021622735800186e+00
1.676129798337621324e+00
2.180815535591177579e+00
2.695128338477986940e+00
2.285301561131964476e+00
2.210149120394106159e+00
1.467420379342849746e+00
1.867142432340597402e+00
1.705365809826192791e+00
1.698382255011051445e+00
2.465280671043396321e+00
1.738909059141520164e+00
2.191462155625269581e+00
2.396435331126999468e+00
1.672729582318519537e+00
2.611157707652853155e+00
1.715328524577718561e+00
1.982587513352791708e+00
1.181816092510207250e+00
2.738133413496129265e+00
2.254649402292328020e+00
2.138507981506823974e+00
1.692402391757928726e+00
1.590493415241155173e+00
2.224227247484250380e+00
2.205586123113891794e+00
1.358060982762383073e+00
2.594019094446762708e+00
2.588024693163816004e+00
1.907669094935648513e+00
1.801215402562646783e+00
2.132447691125681999e+00
1.421778369946851583e+00
2.067240973271031734e+00
2.452073089266296080e+00
2.534509859152647593e+00
2.381213251946121545e+00
2.652628548184029267e+00
2.189696620937588101e+00
1.793314249154564166e+00
1.720759665291052176e+00
2.175274920873272233e+00
2.209091665081110101e+00
2.837858068404075063e+00
1.972237013935217664e+00
2.210904420253436697e+00
2.696834245870863622e+00
2.077169899867470804e+00
2.678648968688966292e+00
1.598455839020594293e+00
1.994837121256338497e+00
2.079226847272815704e+00
1.541318334335889606e+00
1.446974528404884941e+00
1.918900415246953983e+00
1.624449022048342961e+00
1.420061879544847194e+00
2.101112238154097422e+00
2.726409326657775800e+00
1.911477899167212779e+00
2.130457886080147301e+00
1.313296755297857832e+00
2.108849675117046463e+00
1.748751146538130241e+00
2.091473171176389201e+00
2.400232010810935179e+00
1.590670877580425469e+00
1.891466100358635050e+00
2.391728834060617093e+00
1.330219982814214497e+00
2.423984372012459865e+00
1.525754191154301553e+00
1.440581039945805220e+00
2.573545921566521066e+00
1.590938070949009964e+00
2.013941001750533033e+00
1.901081320863521107e+00
1.694780533391636368e+00
1.918063240414943138e+00
1.654804623524441354e+00
2.787246452730960833e+00
2.634597001095281055e+00
1.948542748696205251e+00
1.958471082470337743e+00
1.571332512103943202e+00
1.698515022016064524e+00
1.494520548303124308e+00
2.204717697810800736e+00
2.124443973396101804e+00
2.390544508088773945e+00
2.136445702400221247e+00
2.167291676224553321e+00
2.262372398571586452e+00
2.231456012000657019e+00
1.603136106460934407e+00
1.863899875009738194e+00
1.529380941010866746e+00
2.491711351613712822e+00
1.225956845757065095e+00
1.847140697562528189e+00
2.630530525106139272e+00
2.175133133014629738e+00
2.171263940253159497e+00
1.717898735785009290e+00
2.358588908694150277e+00
2.570679793792696621e+00
1.946865943337331206e+00
1.666781781558625664e+00
2.116208487021395079e+00
1.502157945227570846e+00
2.197937768632976407e+00
1.493331151354895914e+00
2.472661815710925026e+00
1.872124946927494094e+00
1.889725695933456517e+00
2.317465850561736040e+00
1.752554971167721298e+00
2.898668690233357381e+00
1.627808253661219950e+00
2.455169250236031164e+00
1.399484116194690708e+00
1.967286144721272834e+00
2.117182545366618207e+00
1.586229729788240173e+00
1.643790063420885073e+00
2.086569656733875622e+00
2.668689030440036802e+00
2.367603594991725124e+00
2.443241960059948426e+00
2.330984938223003677e+00
2.410137600875161823e+00
2.222588026080697610e+00
2.258662189820685562e+00
1.920650970757542542e+00
1.797778283073809158e+00
1.336242907969633409e+00
1.950561481373807915e+00
2.483766049998314962e+00
2.902758205368723754e+00
2.604719398799365759e+00
2.330837154650500231e+00
1.616745912213340741e+00
1.882070726966768914e+00
2.077375989164918835e+00
2.394401873829266947e+00
1.855017059703850002e+00
2.044581024316748596e+00
1.941338788089421064e+00
2.208288780047082511e+00
1.944429148717465416e+00
2.375003829569155567e+00
1.305793198216517625e+00
1.317880511976731617e+00
2.185400586962885860e+00
2.105808806820658852e+00
1.818403904343024236e+00
1.884221912983768288e+00
2.332261701384926056e+00
1.892291506655535915e+00
1.236554702396459593e+00
1.483322705091574711e+00
1.159843586105950175e+00
2.389399098496822305e+00
1.433122617557076373e+00
1.394708629153446955e+00
2.227768831467453303e+00
1.791492404940920213e+00
1.889762307428331845e+00
1.581877302100529903e+00
1.560107622511753833e+00
2.576668781161757682e+00
2.144762740962297798e+00
1.621852986920608197e+00
2.389522258984364989e+00
2.781854750513852004e+00
1.824231354928067539e+00
2.382451012264422019e+00
2.494327855722893172e+00
1.782226203793522146e+00
2.398429797850668344e+00
1.415140052079020272e+00
2.163473284185279510e+00
1.954917662489174202e+00
1.536321312958119467e+00
1.612861918727400035e+00
2.717496768823010278e+00
1.651040421704429217e+00
1.756671354603992263e+00
2.063051747744454545e+00
2.471836817133701736e+00
1.802465614620103462e+00
2.595897764912652228e+00
2.327726771301628972e+00
1.906089553709874096e+00
1.262462720860620280e+00
1.743059441970440382e+00
2.458382407685598903e+00
2.004758299250125830e+00
1.974345635282592104e+00
2.194485049336508009e+00
2.607942238237818344e+00
2.281025682361245366e+00
2.398313029161696086e+00
2.002003298600732784e+00
2.151953095542438632e+00
2.060581694131258690e+00
2.112729566048622942e+00
2.160216352957860853e+00
2.199612299736120935e+00
2.304011558693478179e+00
1.697305407520350418e+00
1.472340753643285316e+00
2.301021878881088778e+00
2.201721674478951396e+00
1.990859909467398214e+00
1.958234042137431574e+00
2.379946636887154465e+00
2.458094452874896696e+00
1.549477438191116274e+00
1.886530109581257442e+00
2.519019174347201684e+00
1.678004078864711257e+00
1.169485338454816725e+00
2.097475839262571640e+00
2.343844406498560851e+00
1.714558128251165936e+00
2.024429818299829265e+00
2.034794357941044574e+00
2.099454333961369379e+00
1.478410075741991569e+00
1.933680369908774122e+00
2.226168976937528132e+00
1.374680815955246160e+00
1.806414191806653857e+00
2.013133602373065933e+00
2.519563316139743492e+00
2.381821893392140232e+00
2.151693403201084376e+00
2.424015093953000743e+00
1.499133158165377733e+00
2.394847677096641370e+00
2.329072040532999210e+00
1.491556030618871986e+00
2.432407422324872392e+00
2.167046540238887431e+00
2.471730211478263328e+00
1.611211597404897722e+00
2.101876515511728272e+00
2.110809378238514888e+00
1.253230644797041826e+00
2.532150705285013181e+00
2.042594482995713001e+00
2.086935846273462403e+00
1.485233435455439288e+00
1.858289674924469281e+00
1.853655915122175202e+00
1.687733056136545118e+00
2.106503324764938512e+00
1.674513497258097949e+00
2.852115429233216481e+00
2.099057780587208821e+00
1.398820907800959468e+00
1.748255989058172144e+00
1.551078889345344880e+00
1.726805153309978635e+00
2.279303266319829824e+00
1.202603047801602765e+00
2.227007104072527888e+00
2.098786450864481345e+00
1.199431769458962682e+00
2.603507269253038547e+00
1.943635503280298327e+00
1.725207107863046652e+00
1.527402912237626476e+00
2.095595176397127446e+00
1.518498732349190083e+00
2.335688806769981696e+00
2.575132683141076129e+00
2.365559148717187199e+00
1.916819111027714628e+00
1.332883189553296877e+00
1.390854923271642729e+00
1.778575052886550489e+00
1.743874798039232843e+00
2.899203815636957948e+00
1.973060912258082444e+00
2.122041394480665755e+00
1.351633565505228063e+00
2.123967899344277654e+00
2.385114506075633134e+00
2.469360432838212382e+00
1.399328857555662164e+00
1.782567488843982417e+00
1.572720634954849261e+00
2.216866716041354213e+00
2.301006766788026958e+00
1.619456562449875792e+00
1.868344579402536620e+00
2.123575265404874735e+00
2.021526181399797117e+00
2.173404676611593089e+00
1.928865219514654727e+00
2.170900573063927474e+00
2.018167580340056944e+00
1.740750144449129566e+00
2.278923763098401611e+00
1.596749067890524287e+00
1.716679847612454957e+00
2.351446383664897333e+00
2.267679462189676087e+00
1.634982845780929228e+00
2.762104527142430488e+00
1.905673864605061718e+00
2.147639937555646750e+00
2.662632643635608254e+00
2.682565953043343221e+00
1.455199812917097102e+00
2.177000574528513699e+00
1.193003605329700845e+00
2.386067987218658093e+00
1.723077607935323829e+00
2.486346615297850171e+00
2.359355685646891132e+00
2.295738139172791126e+00
1.775531826325749574e+00
1.272952844253965043e+00
