1.610048488621133034e+00
1.794410210753255575e+00
1.475387485622685402e+00
2.147904802123793200e+00
1.945069178332836657e+00
1.697796614323518583e+00
1.641820091665042503e+00
2.615596054815005012e+00
2.497065618229854955e+00
1.841250396516777466e+00
1.873263381704047159e+00
2.365711556191365972e+00
2.402621909527113520e+00
1.865625226429211692e+00
1.311481816899463748e+00
1.401057871461607318e+00
2.246942897675244133e+00
2.469884603631136599e+00
1.119574163839029524e+00
1.955775308969142534e+00
2.452193058678049375e+00
1.255473867794200782e+00
2.180729486462956501e+00
2.229936304908835432e+00
1.907828171704604170e+00
2.499986913597650684e+00
1.809614813274268208e+00
1.705193874056480707e+00
2.360940083495442376e+00
1.467329333930731394e+00
1.557924971776156076e+00
1.713429256268721002e+00
1.951935884912061159e+00
2.156409607422685504e+00
1.072399063161451060e+00
2.162042389956616795e+00
1.431894084061718919e+00
1.992078251264588928e+00
2.063830916449887809e+00
1.614652226276672931e+00
1.953232083873070124e+00
1.776374655035494410e+00
2.097084271766101793e+00
1.948742987187451536e+00
2.253294945840102592e+00
1.611204821761045736e+00
1.449768536103440919e+00
1.294682482652528055e+00
2.236085912042887092e+00
1.680906816639216705e+00
1.929678330883158210e+00
1.395135490590443839e+00
2.124605742799911656e+00
1.325539060131589952e+00
2.304462551833151629e+00
2.092731728162406490e+00
2.247862867345752136e+00
1.758081845642879504e+00
1.799202015735051674e+00
1.348218118253910136e+00
1.789601627444158627e+00
2.131959210400712568e+00
2.045350231404105212e+00
2.252469794881173826e+00
2.350638639522744100e+00
1.611507376615855414e+00
2.272502593305953944e+00
1.841445221790441344e+00
2.229438750333120556e+00
2.387292593753189252e+00
2.857222936934627811e+00
1.686824473154095339e+00
1.212353227058945659e+00
2.298825416422373813e+00
1.544241569129602976e+00
1.991500366467244376e+00
1.176260169855930293e+00
2.155323680402291053e+00
1.565436919759583878e+00
2.420424966098718045e+00
1.262364987362359692e+00
1.245423667687649782e+00
2.032968922346965357e+00
1.719499585287060039e+00
2.043718436773773295e+00
2.697630598970285121e+00
2.239409307871465860e+00
2.813817354686727334e+00
2.804117605828710946e+00
1.840522164974302211e+00
1.771372297031020615e+00
1.220266575117108676e+00
2.222559294488966497e+00
1.685857684153272640e+00
2.468686908044972483e+00
1.835802551444716491e+00
2.158983087215957219e+00
1.770939595062101413e+00
2.275982163696720573e+00
1.339608271182443744e+00
1.932870584320471208e+00
1.794343986892272591e+00
2.080427921638353883e+00
2.094365133944966040e+00
1.411017512351661285e+00
1.680036005095775664e+00
1.841919849525043507e+00
1.885971078547712398e+00
1.758683163066383948e+00
2.548411380511985236e+00
1.704570554808612082e+00
1.724299317003145315e+00
1.961314667857971816e+00
1.519577878244211533e+00
2.647444173723332739e+00
2.088875850498049580e+00
2.455078275257300824e+00
2.043182747872318128e+00
2.240393618498297990e+00
2.193512888344456790e+00
2.253119887686567679e+00
1.650448518605832415e+00
2.090809699936927224e+00
1.783916749624400833e+00
2.567389674807126099e+00
2.024985737598089308e+00
1.518348286801560976e+00
1.402616791914793826e+00
1.905327284476639793e+00
1.364005747212950537e+00
2.095053423703804096e+00
1.770234835808842666e+00
2.394957024895545850e+00
2.248367060844755461e+00
1.710727631266488968e+00
2.684530669285839721e+00
1.847559063835343407e+00
1.823222926600949201e+00
2.501178027033036599e+00
1.592330194882761063e+00
1.730608997041588104e+00
2.301627931663845494e+00
1.409420305733638745e+00
1.384538169205308256e+00
1.674751715997015555e+00
1.659791017131011515e+00
1.833718043682619037e+00
1.773277376367226488e+00
1.541933277340693742e+00
1.469721650986444805e+00
1.781243427294896264e+00
2.215122150584254435e+00
1.617968261203008629e+00
1.738333674152155339e+00
2.263186876307575979e+00
1.251815778175874527e+00
1.861839038069903030e+00
2.047333284816871934e+00
2.490480626280131560e+00
2.410289247403064827e+00
1.607004495740869121e+00
1.748660576255077759e+00
1.661655486868133469e+00
1.707829096466217944e+00
1.588191421318386976e+00
2.342280523700707384e+00
1.944587562836500361e+00
1.424353771951928582e+00
2.164993678383422715e+00
1.628492492467839670e+00
2.109863255487542943e+00
1.936241026706670532e+00
1.887178242876153211e+00
2.241421144050277370e+00
1.317087601836637756e+00
2.287059728445189677e+00
1.770815439524732193e+00
1.948550360348840993e+00
1.718595889197151561e+00
2.264920881200464198e+00
1.327052243235796070e+00
1.698590557737601703e+00
1.930243955637768849e+00
1.758023098479896351e+00
2.762795016307125540e+00
2.032920202503678109e+00
1.459285721722459961e+00
2.472899787306658048e+00
1.604094102532714006e+00
1.511367700093618094e+00
1.933162587411469069e+00
2.765274829416151992e+00
1.791984766378882821e+00
1.791123306099105861e+00
1.780724774229665908e+00
2.063032044845854784e+00
2.452893478712100617e+00
2.105865656199614744e+00
2.392832727029815754e+00
2.520317008639808343e+00
1.844416906815437240e+00
2.241266067868983303e+00
2.068629718223420788e+00
2.122710131775380482e+00
1.412797888491922116e+00
1.993358710137927092e+00
2.493492001905092792e+00
1.413757746798200321e+00
1.884139640590174913e+00
2.779668940094960572e+00
1.926592513069470325e+00
2.157428111882416566e+00
2.542669287298680025e+00
1.574288046852104772e+00
2.159551220281911377e+00
2.372183248171249925e+00
2.678372120817693158e+00
1.735579521734425423e+00
2.162762649254960756e+00
2.497664612034816045e+00
2.158116519966694291e+00
1.802590885387722386e+00
2.068291513704751061e+00
2.158477684069628477e+00
2.279934749454883836e+00
2.581655215233634060e+00
2.172096770063904891e+00
1.168121853997242665e+00
2.473881553851961179e+00
2.009354698276351492e+00
2.025359922131269030e+00
2.588137221177729153e+00
2.345336142171094984e+00
1.486632153832001535e+00
1.400197012200612878e+00
1.770143444596264271e+00
2.032541804966008669e+00
1.975557497550972652e+00
1.542859788755907235e+00
2.664269352624156095e+00
1.982651541405869855e+00
1.606759022892988664e+00
2.061158924057751918e+00
2.052243697822383695e+00
2.744148041021950313e+00
2.468509500164312698e+00
1.642653058391620124e+00
1.813738216900226519e+00
2.804564875909186572e+00
2.223591146957849318e+00
2.429198546717987739e+00
1.646014564421023563e+00
1.478332446524849964e+00
2.225901740027053322e+00
1.868923798474384945e+00
2.259865949342130698e+00
1.958395282569724838e+00
2.552837286720327281e+00
1.818679101341301063e+00
1.673582678322186101e+00
2.572284331736888863e+00
1.760927701586756378e+00
1.638519570938504089e+00
2.020474742583410865e+00
2.062633754592556379e+00
1.892710010020463685e+00
2.390101504790182574e+00
1.746239247216562207e+00
2.242522621153520745e+00
2.204437665382689815e+00
1.939353479806448899e+00
1.318437701053723599e+00
1.515828793147718123e+00
2.391628843375807723e+00
1.691053155756458759e+00
1.989004999206542834e+00
2.172925007458291091e+00
1.647962612211507860e+00
2.554553239567769474e+00
2.321080727944464073e+00
2.303239477777450084e+00
2.516541224899266460e+00
1.802868734470354006e+00
2.325905554281593624e+00
1.710051813518580710e+00
1.587615063605832155e+00
2.689577440597369140e+00
2.235557011330426391e+00
1.965542406070908354e+00
2.024109645624752485e+00
2.202032262962082321e+00
2.409747932514130220e+00
1.762317957455755035e+00
1.281218340630202679e+00
2.037791313342803612e+00
1.801662563581065246e+00
1.962057420769202531e+00
1.943210588330804178e+00
2.235310238031685159e+00
1.659887243495502762e+00
1.814831790158833336e+00
2.622193612538989971e+00
2.284832390556173820e+00
2.372316494917364516e+00
1.717800255757515604e+00
2.520959861177931138e+00
2.065425451932389578e+00
1.977361402576925942e+00
1.860715906412987231e+00
1.635583064162926537e+00
2.100442019736237675e+00
1.836799125181632908e+00
2.523602382679873912e+00
2.579140750126378556e+00
1.571516990361413457e+00
1.366972573174613181e+00
2.893646571730557504e+00
2.229874613139399386e+00
2.196468916009802985e+00
2.387547977976880453e+00
2.478130950775523367e+00
2.497922047258315459e+00
2.113190342411382261e+00
1.849254289456075728e+00
2.484526770608280533e+00
2.151235068877053180e+00
2.028937428144956368e+00
1.824426628615951618e+00
1.891071707233651589e+00
2.055626752376984445e+00
1.517083014146917375e+00
1.895243876393626570e+00
1.941134139142111970e+00
2.568327878581565749e+00
2.065605521685328405e+00
1.158533452548128118e+00
2.592958713570093110e+00
1.362798590235347218e+00
1.156211377911034344e+00
2.779569704659315743e+00
2.707516769943412172e+00
2.062995590720239747e+00
2.047874437229292077e+00
2.625563715040156065e+00
1.551094162120647990e+00
2.373301957063398859e+00
1.739418687821823184e+00
2.128473906584922748e+00
2.403872717450861174e+00
1.677506805053276429e+00
1.568100446868568643e+00
2.170190236601269973e+00
2.143033575764348164e+00
1.987913771479097313e+00
2.074578994096524909e+00
2.487924590291889615e+00
2.709308190677296224e+00
2.034571985380188686e+00
2.328234242717199365e+00
2.750935762116227146e+00
2.518774511701318275e+00
1.928188754016733952e+00
1.937210576519047933e+00
1.980410008919135434e+00
2.653244521800457445e+00
1.608631530462284243e+00
2.087465065777021067e+00
1.569820353796533841e+00
2.052831851316933687e+00
1.671037215109878904e+00
1.967334760830730556e+00
1.903297651581958405e+00
2.216551772340312532e+00
2.087081988738721527e+00
2.279552497697246771e+00
2.450916896369710773e+00
1.337948262145577827e+00
1.752952929978766949e+00
2.395824846039122491e+00
1.889397719045386559e+00
1.633148524770396293e+00
1.376742627271990038e+00
2.547427122487952555e+00
2.165302168948624484e+00
1.637202816319467846e+00
2.583399996829786716e+00
2.280866752172752143e+00
1.928946968385271354e+00
1.699049069990910654e+00
1.472883758114466923e+00
2.672987616299837388e+00
1.355507510474552868e+00
1.518050479209187564e+00
2.442251156988807903e+00
2.823805558823076822e+00
2.072140234174835172e+00
1.988783637243453084e+00
1.904120531371519043e+00
1.195696238483679785e+00
2.047029981554983724e+00
1.452233040876559356e+00
1.666308770823183849e+00
2.035594486532682268e+00
2.078449119149651469e+00
1.771355911565454466e+00
2.471962212308890905e+00
2.329789291085814895e+00
2.422085061199864775e+00
2.664744746276888954e+00
1.413446512181367742e+00
1.635708425561916313e+00
2.181523505743514058e+00
1.426570660521224942e+00
2.404673898071718163e+00
1.868067780365180175e+00
1.928827424543853475e+00
2.885479174141476477e+00
1.651410591429677499e+00
2.321524444593942249e+00
2.650620200954493022e+00
1.585560785832601294e+00
1.434962357004099909e+00
2.174813999578984358e+00
2.624218039685950465e+00
2.161911245286501693e+00
2.248340123843842076e+00
2.776950301889077988e+00
1.739357256792502415e+00
1.308857722938509660e+00
2.049319966371851987e+00
2.413744853929948420e+00
2.852730051286917146e+00
1.651004090787820733e+00
1.493898927151642297e+00
1.240568655249496555e+00
1.806986867831947174e+00
2.318899605191132807e+00
1.985269870229015909e+00
2.571414036513238965e+00
2.158121377927030071e+00
2.722503353689472938e+00
2.181207358570067534e+00
1.858505079671926019e+00
2.220182598972740173e+00
1.832041612436348998e+00
1.592260864720144387e+00
1.970908604812740439e+00
1.367625809351552535e+00
2.521051990114863361e+00
1.674992099150124147e+00
2.463256353044772418e+00
2.674729388636467586e+00
2.194536632269452170e+00
2.311344834226688683e+00
2.607564016576524146e+00
1.786183490298711707e+00
2.464603838403604641e+00
2.205264326373514105e+00
1.502877054414329061e+00
2.014486413908432638e+00
1.398445214472046283e+00
2.146196955925860017e+00
1.999763544670444038e+00
1.463362671639984347e+00
2.526017587689377564e+00
1.920905244513174903e+00
1.923468510075647897e+00
2.578407548010906325e+00
2.722486888769786617e+00
2.891390891278127206e+00
1.843888860647845851e+00
1.769934192464931666e+00
2.739875004576380668e+00
2.258825679692137101e+00
2.740306055294627008e+00
2.073987058642952519e+00
1.961698249300245056e+00
1.932976251317241267e+00
1.885409093386938517e+00
2.233008799608252382e+00
2.347167779409161881e+00
2.614344328458014566e+00
1.441264699672661465e+00
2.158861529580732075e+00
2.056292956689258489e+00
2.217000636909161937e+00
2.554245501893388060e+00
2.487085781465268486e+00
2.866354777531896936e+00
1.965603208027358884e+00
1.921415053316719357e+00
1.898660748783861596e+00
1.713235244200755680e+00
1.528321947965634253e+00
2.253234004762579623e+00
1.912035585219891143e+00
2.071985545451971333e+00
2.752306340818175379e+00
1.560886565895901690e+00
2.660534962715488838e+00
1.822185126246298470e+00
2.253660799676229232e+00
1.840821268243518105e+00
2.632636907951550143e+00
1.486635573057247584e+00
2.423121746530040976e+00
2.372244017942144900e+00
1.944475190627583006e+00
1.992844262827451640e+00
1.954118217641516608e+00
1.947128470069642958e+00
1.615799155212722216e+00
2.289242122546780500e+00
2.620993798082158932e+00
2.049114457403049094e+00
2.306714090030422604e+00
1.861167385965353249e+00
2.665552404552271604e+00
1.572125315791933264e+00
1.910418989829915093e+00
1.769913704202242588e+00
1.702808613868282528e+00
2.325529415049826909e+00
2.102515741944687377e+00
1.617491954523409881e+00
1.910734679450903029e+00
1.592261566519642901e+00
1.910494123939979527e+00
2.020432730079146921e+00
1.609800990369441465e+00
2.381895895330554680e+00
2.111919404262292410e+00
1.837288566762337094e+00
1.564682426126859482e+00
2.175767478740365135e+00
2.613664836017524529e+00
1.543185705679716690e+00
2.452709650116639217e+00
1.808489820536130610e+00
1.756407886905656301e+00
2.078808145440383726e+00
1.862297306757441540e+00
2.575141396793414916e+00
2.264347897779612317e+00
1.428307523230446741e+00
2.416349410331240399e+00
2.453251336886082434e+00
1.728440194565770804e+00
1.947433914084539586e+00
1.922128781783075446e+00
2.391595078300681632e+00
1.463479697432654492e+00
1.791669230623686104e+00
1.551377030138059832e+00
2.209583061265724346e+00
2.576302838897737146e+00
1.685581978137363546e+00
2.142919369283010411e+00
1.972994258218057073e+00
1.644129684804259472e+00
2.287001319381105624e+00
2.634310206095188178e+00
2.049979395013671546e+00
2.234522399582515639e+00
1.688163778255163061e+00
2.728517812226759265e+00
2.726732004029943646e+00
