2.583934499467490209e+00
2.273470170214290320e+00
2.228541653792429855e+00
2.074567489202390647e+00
1.940458157679772366e+00
1.567789552990950241e+00
1.974712819743051240e+00
2.038972691227244116e+00
1.442518005782434720e+00
2.116991228197027120e+00
1.545724023152152959e+00
2.611863276570057124e+00
2.246294289646972864e+00
1.211496960280539659e+00
2.098055754301604292e+00
1.492028040802355848e+00
1.678189062304122015e+00
1.537285503893965455e+00
1.792409768533950842e+00
1.824620325022964673e+00
2.508212772910842769e+00
1.827922539633133336e+00
2.539719252237194080e+00
1.418842574676884460e+00
1.180036119667264627e+00
1.996574258532147983e+00
1.744169415395518952e+00
1.327754684201310820e+00
1.341667162928426471e+00
2.197888238203868028e+00
1.143912172602191912e+00
1.408813603751059240e+00
2.629910412486878624e+00
1.824119309576831327e+00
2.087098415831675879e+00
2.483463223850498114e+00
1.470672949645463135e+00
1.369613862680366445e+00
2.298623069803735763e+00
2.175741549479367265e+00
2.099910653636080760e+00
2.227399924815050891e+00
1.550915246116937540e+00
1.830238528559188005e+00
1.802530640573833054e+00
2.362122244421073880e+00
2.574024128375522302e+00
1.204187000097305837e+00
2.675347886669272590e+00
1.328345416922873889e+00
2.248177263689291827e+00
2.508944278075717182e+00
2.589365033484111400e+00
1.499208928470012081e+00
2.275059955029125724e+00
1.186551132971428224e+00
2.454594256397337304e+00
2.123810425245264533e+00
1.579459546581371887e+00
2.063668435171750914e+00
2.424525174112398762e+00
1.979594647494455906e+00
2.503179342530086338e+00
2.289071425602472232e+00
1.942867900153701699e+00
2.498307623094213170e+00
2.408028126874301567e+00
2.644701276152770841e+00
1.834587989205909819e+00
2.304258830148992132e+00
2.167619032364305198e+00
2.130100244193686265e+00
2.088227869097722955e+00
1.325298570001696374e+00
2.095072177284986292e+00
2.259237154319643892e+00
1.939621082600175850e+00
2.174041153627531919e+00
2.205808253531365892e+00
1.449372732050642876e+00
2.002400256249837973e+00
2.313210675826030460e+00
2.536227124814820932e+00
2.047920227135370475e+00
2.466751528139468075e+00
1.587823232560191533e+00
2.049905885302842456e+00
2.521600328860736262e+00
2.570530361005425757e+00
1.780334558133788381e+00
1.882781543114566691e+00
1.518642149917056372e+00
2.571008401480440853e+00
2.375050093911539761e+00
2.307420717450731740e+00
1.497023713657530175e+00
1.222283649035106112e+00
2.757325365278651574e+00
1.528586979419938041e+00
1.542055373589031664e+00
2.033222036500783148e+00
2.632830388527049870e+00
2.158530899009230897e+00
1.263515307664365928e+00
1.651234895298130390e+00
2.179759728420172848e+00
2.206093003684493237e+00
2.028082776550103716e+00
1.785217033327024971e+00
2.024569238576523933e+00
1.740105569049470891e+00
2.351006215218341300e+00
1.877842348889772195e+00
1.904040799032970632e+00
2.737905519933322651e+00
2.728122725654671843e+00
1.289202816600754309e+00
1.357593756274199759e+00
2.111658071461412600e+00
1.424910226073931030e+00
2.564428565366505097e+00
2.686045816600351799e+00
2.350538320614358412e+00
2.337030404959982377e+00
2.103466493437569085e+00
2.082496100076842716e+00
1.943364654626518195e+00
1.882138722523467811e+00
2.356046256847814213e+00
2.403129340282800008e+00
1.854651561165792995e+00
2.657519918731644726e+00
1.593050621785006893e+00
1.101672636912199188e+00
2.381222579673101691e+00
2.234409114995095536e+00
2.685753298006869905e+00
1.775724650393636139e+00
2.373418249102011046e+00
2.195814092187819977e+00
1.909947263009734719e+00
1.885178298053965085e+00
1.721278786028888730e+00
1.851170804115024993e+00
2.018335209580599088e+00
2.234556849283027447e+00
1.841201257756513998e+00
2.502601865692024141e+00
2.304054303238527446e+00
2.308848782186482929e+00
2.122038463637741401e+00
2.406952937253088010e+00
2.099507126782390376e+00
1.974467049311593003e+00
2.241611401682530147e+00
2.101910641990295314e+00
2.580515903028320679e+00
1.229305116807892562e+00
1.615947891033155948e+00
2.394045927842873844e+00
1.469815834222737427e+00
2.557863532123763939e+00
2.011072035658388213e+00
2.513130980193191810e+00
2.400823958522972479e+00
2.344179584426244745e+00
1.879094628835493719e+00
2.236753346057676950e+00
1.856496594375542486e+00
1.548590632353953556e+00
1.697088237694615032e+00
2.286008395690460659e+00
2.452419617927419804e+00
1.891409374852945247e+00
1.864031104313959908e+00
1.841378909266597308e+00
2.474625789620043648e+00
2.537594604769004114e+00
2.196706900437970233e+00
1.764069316088169526e+00
2.169255296656161125e+00
2.210095672918534149e+00
1.070689341076820789e+00
2.575584597446985313e+00
2.403058616441874573e+00
2.324165520736259261e+00
1.345597086119498798e+00
2.749139693081910529e+00
2.320222280637544987e+00
1.885151843953567941e+00
2.063884066146770557e+00
2.631452085564005117e+00
2.354603456714324139e+00
2.556436807818961210e+00
1.587711785428389977e+00
1.691918252165234282e+00
2.754056618001024415e+00
1.987533245239004209e+00
1.872912433862714110e+00
2.020039870982232699e+00
1.827981099266497100e+00
2.072621711381338105e+00
2.144001796711583196e+00
2.297399732526255178e+00
2.380001372318051978e+00
2.650239729003944333e+00
1.715729189659205067e+00
2.456431151132310031e+00
1.684034102603432226e+00
1.531615784605994346e+00
2.440916717153262194e+00
1.274475521800300548e+00
1.831687237930103462e+00
1.885014620624050119e+00
1.566178044899336985e+00
2.682267802347998220e+00
1.314557199812722121e+00
2.375164779084453670e+00
1.660659352488262019e+00
2.483404667333870108e+00
2.364207311201804274e+00
1.841252853928820432e+00
2.438138932880264953e+00
1.610609894424856137e+00
2.195963159788587582e+00
1.861922341147487447e+00
2.159234462116109032e+00
2.203531478105527519e+00
1.997739985476445046e+00
2.080670936889759126e+00
1.703580828474957842e+00
2.325213560408965208e+00
2.463301696256588791e+00
2.612126253352818228e+00
2.094082808129862361e+00
1.447716019344040150e+00
2.176497910109975287e+00
1.934559036034611657e+00
2.036745091022431176e+00
2.843641802046389166e+00
2.324823328286096835e+00
1.177856990618675992e+00
2.458256065770749732e+00
2.790971169815200881e+00
1.670897884264085143e+00
2.315606907346150933e+00
2.475143493042932796e+00
2.089480166316836307e+00
1.724060854794012831e+00
1.677678903560253953e+00
2.221945414412861197e+00
2.160437520038217762e+00
1.497585020575295189e+00
2.112016065182324986e+00
2.166597558930781098e+00
1.477022473899498145e+00
1.427888923684405231e+00
2.096828180193185620e+00
1.939567336038932943e+00
1.796733740592675321e+00
1.948260205726827454e+00
2.394619287452077305e+00
2.534609977575817741e+00
1.594347459459589889e+00
2.868022751381388069e+00
1.462552997622722950e+00
2.231535412583960820e+00
1.981508540202078450e+00
2.287512603179200354e+00
1.574026294811273541e+00
1.752179371101294514e+00
1.608448397277263187e+00
1.411486228435575585e+00
2.224100330086100641e+00
1.691552283014348346e+00
1.115268331221018761e+00
2.349602612201972196e+00
2.369476767473336132e+00
2.071534818781051612e+00
2.035631336088165266e+00
1.651720688246596680e+00
1.570894493468786735e+00
1.260969763193510840e+00
2.143085729575846976e+00
1.813936758591218723e+00
2.063072122362243910e+00
2.089122990658409229e+00
2.282168357586591867e+00
1.673533306899560369e+00
1.228043270804553000e+00
1.846340916354932471e+00
2.244578093132461483e+00
1.856248651961970086e+00
1.866533982942194747e+00
1.287155478928710295e+00
1.590999604066996920e+00
2.750498746965335251e+00
1.579150741491795351e+00
1.322461018443686687e+00
1.715674113472934526e+00
2.011388616144976105e+00
2.195994995742011291e+00
1.809505459574348940e+00
1.996475748023451624e+00
1.309323903944813461e+00
1.945492606285029069e+00
2.017759529497906712e+00
1.724734419093228555e+00
2.881389043566398911e+00
1.928058096243922215e+00
1.500340083133310687e+00
2.336452405443433022e+00
1.522571904685322774e+00
1.695924118057493768e+00
1.277652459672510510e+00
2.032429678599012135e+00
2.893103442973109285e+00
1.607036309457937850e+00
1.796876599023683019e+00
1.829928129312473839e+00
1.886752923340967447e+00
1.497768027749577069e+00
1.789427410817789221e+00
1.808360190262810363e+00
1.665217921694974734e+00
2.135553512725682168e+00
2.101900513530537751e+00
2.012454390258043624e+00
2.145002635859740714e+00
1.556847655012601805e+00
2.579911839272691410e+00
1.528641305597463695e+00
1.621538570547656821e+00
1.841270243054257794e+00
1.059599481479455152e+00
1.831717718036894649e+00
1.985896132776395095e+00
2.469692198513532055e+00
2.323053761943637330e+00
1.762597427471223277e+00
1.431894007693207627e+00
1.200101825383266929e+00
2.158173951097138943e+00
1.699880970322814822e+00
2.493388670903961213e+00
1.769335931534086637e+00
1.792695626454881008e+00
1.999185225006998134e+00
1.631539943708101736e+00
1.671624359465697651e+00
1.468421370216778765e+00
1.395892047994900187e+00
2.084405204794204103e+00
2.496523946321782539e+00
1.627921849537960153e+00
1.736217998353956071e+00
1.224067478224455163e+00
2.086994435286806393e+00
1.780537234317760564e+00
2.259013747301608532e+00
1.370923612753196741e+00
1.921234098956337899e+00
1.779346208030244902e+00
2.414985496720519542e+00
2.004565623191066237e+00
1.896775818634279354e+00
2.542275718239457305e+00
2.395365761295628282e+00
1.991711622486543654e+00
2.322754048662625692e+00
2.688124497849009753e+00
2.192133587726257993e+00
1.845851954676169582e+00
2.127875012483781525e+00
1.691346132015819848e+00
1.791252887648720815e+00
2.408469552753666143e+00
1.691773634888164901e+00
2.710868391455536486e+00
2.086359934333399835e+00
1.247662761727431846e+00
1.946685719690857130e+00
1.468332270849793009e+00
2.275743339587353198e+00
2.635286441404431468e+00
1.744194509935351523e+00
2.932643773351749417e+00
2.520432228487146986e+00
2.316154255646837967e+00
1.425174477700115183e+00
2.554823571899162982e+00
1.985314417864408654e+00
2.176057650492539075e+00
1.635447465494812125e+00
2.526055976111627466e+00
2.233303372084566529e+00
2.274637569116352953e+00
1.437203389719871049e+00
2.466020995385338477e+00
1.628748308158058045e+00
1.757878950609442326e+00
1.555081660188904813e+00
2.357468620031106354e+00
2.032911600384030848e+00
2.663369640825851370e+00
1.776444103935730379e+00
2.100502737448970869e+00
1.870897800526450272e+00
2.832309790412167239e+00
2.726713492574249109e+00
2.196426776891183152e+00
1.444264197088932278e+00
2.808038624232121805e+00
1.841331815897259361e+00
2.540797267754864919e+00
1.254276261543073812e+00
2.273726079203488570e+00
1.931867998121805652e+00
2.606273716052565526e+00
2.223051998127664852e+00
2.298818219871520352e+00
1.457356969092088672e+00
1.838600306136429108e+00
1.949558911921047022e+00
1.261640950572960884e+00
2.316776021654987971e+00
1.785648850262060883e+00
1.321200942116393051e+00
2.437909243383343583e+00
2.020832917243651217e+00
2.530871019165239932e+00
1.547741305078927265e+00
1.681840590391403767e+00
1.734297874018676744e+00
1.405547483626898631e+00
1.574242839799447236e+00
2.336983559601969240e+00
2.205675122416814293e+00
1.405996274884991903e+00
2.093668967975633954e+00
2.328846397777836419e+00
1.502839704240975127e+00
1.637437007878160600e+00
2.817950941313674740e+00
1.713854964908586354e+00
1.845556825105646670e+00
2.646010841675215275e+00
1.372860037448913051e+00
2.670783169007242108e+00
1.823261559508627894e+00
2.072033145137475607e+00
1.674589859497579436e+00
1.962765063053871106e+00
2.290479033986932755e+00
2.424347597268665666e+00
2.122268681538878266e+00
2.357308280609594853e+00
1.801461319095519986e+00
2.108891327992443276e+00
2.550625819181004061e+00
2.742920393412565883e+00
1.864049986739013898e+00
1.851880112249949084e+00
2.192002549179986381e+00
2.765122903992625503e+00
2.308233263905750565e+00
2.410609935196775133e+00
2.681440067589265119e+00
1.637951283007476722e+00
1.950621075171572016e+00
2.061633484887926748e+00
2.841638635646502209e+00
2.664593928998497230e+00
1.777897117753854062e+00
2.535595899791371011e+00
1.842197720741260758e+00
1.854601044287948586e+00
2.853056272207163957e+00
1.965159065401006266e+00
2.147433976605320538e+00
1.565141798701930043e+00
1.552280727987873199e+00
2.038797349601275233e+00
1.667924477171617959e+00
2.109559904597830382e+00
1.514264356580499182e+00
1.730214472458117658e+00
1.481742227767705256e+00
2.125498423615348020e+00
2.591171722418163625e+00
1.135140006256371681e+00
2.042379038586786599e+00
2.383713450563090142e+00
1.605209347821713539e+00
2.643912544137735132e+00
2.655743656023833665e+00
2.703142787942484304e+00
1.552089455389695782e+00
2.146824190088431727e+00
1.740382042328472600e+00
1.992913043210775115e+00
1.707331860755278097e+00
1.960947896904336574e+00
2.411455555915510196e+00
1.747439533768377018e+00
2.072243550541804424e+00
2.098916515594471122e+00
1.822534698848681245e+00
1.326572561131446948e+00
2.482028120502182134e+00
1.733611345659020309e+00
2.423171464146863130e+00
2.837355227200979435e+00
2.508980560497986900e+00
1.426338993780584596e+00
2.121134964147832314e+00
2.009119381605262600e+00
1.290565853939737551e+00
2.133075377025035024e+00
2.617550427696286430e+00
2.028527906611974352e+00
1.985713172386418535e+00
1.346099189339630353e+00
2.675847323080657425e+00
1.441493134122061370e+00
2.296267768000504361e+00
1.822935511820542587e+00
1.815042168092593222e+00
1.455827205698225546e+00
1.990175595346608706e+00
2.176613410331242449e+00
2.038076434247471536e+00
1.817497337501830845e+00
2.417720083362737249e+00
2.225254900010687376e+00
1.533925212254314108e+00
2.650905352529302927e+00
1.861787402796711177e+00
2.242010066973320725e+00
2.413670745325481093e+00
1.728440886004825927e+00
2.134178593087059816e+00
2.004343224205909380e+00
1.374184831832301334e+00
2.071511075876308894e+00
2.750032653608847966e+00
2.163072386261590374e+00
1.906843855322641001e+00
1.446218778594665633e+00
1.873199372141107322e+00
1.784936424220114892e+00
2.555926143725410604e+00
1.697207690140046576e+00
1.839394292563096833e+00
2.735541465932791461e+00
2.305797971705817240e+00
2.551229736704806239e+00
1.820356548285690268e+00
2.182028134014077470e+00
1.585231893982479434e+00
2.961799481041985427e+00
2.740426969977519001e+00
2.347220232705463872e+00
1.889553388596712402e+00
2.653197695260919531e+00
2.223912255759900702e+00
1.897625820533509700e+00
