2.042916304876678524e+00
2.309090577410232825e+00
1.281600945302810102e+00
1.711541787081862331e+00
1.967659229107728613e+00
2.169091981682353065e+00
2.194209981196051373e+00
2.235801083033881476e+00
1.991277085966364435e+00
2.250050562303059110e+00
1.716569324304636268e+00
2.091735574546470300e+00
2.243469958710837098e+00
1.338332235916706026e+00
2.028798661225246214e+00
1.419711077464540283e+00
1.611026291736202598e+00
1.965718525291831220e+00
2.008526842559771097e+00
2.160569089668500808e+00
1.847556280831018860e+00
2.123147733338941023e+00
2.352973601018001126e+00
1.745722729584948452e+00
1.365068730442198008e+00
1.210851447095150135e+00
1.484666653087333810e+00
2.077623174269530804e+00
1.619203912141404134e+00
1.717360749373472384e+00
2.335990626425274996e+00
2.455281665010252468e+00
2.304617322310057226e+00
2.050485900559340990e+00
1.541013988626747100e+00
1.962145691551481885e+00
2.619050621610280682e+00
2.405265375490839297e+00
2.154237054082341452e+00
2.361682677274872688e+00
1.693268283065871405e+00
1.624280905422954557e+00
2.216306727189850889e+00
2.570177247765097928e+00
2.685951805855009589e+00
2.221161330429110237e+00
2.663416380539557871e+00
2.078592585596577003e+00
2.517715756635332092e+00
1.834028181545382274e+00
1.130061079703593263e+00
2.121946983524878760e+00
1.635522775223033687e+00
1.725428529328437488e+00
2.083912474491595113e+00
1.491862614593532754e+00
1.330714606617521278e+00
2.112974912003731554e+00
1.205411177807514278e+00
1.738626635233407214e+00
1.332715074477161421e+00
2.029127479453023852e+00
1.110524762351275063e+00
2.039866176280235699e+00
2.467237458437413267e+00
2.687428525208053198e+00
1.820049812182336524e+00
2.358333347163577010e+00
2.211368604842199659e+00
2.220597777273983553e+00
2.242383208188114985e+00
2.507381488225346455e+00
1.720587725300015247e+00
2.044222008807778046e+00
2.164030311106484028e+00
1.959592831561696391e+00
1.692853132420004236e+00
2.834343852220859272e+00
1.600341500091550406e+00
1.849819597391135328e+00
2.484899788789797892e+00
1.859420824536818673e+00
1.895446165786076165e+00
2.310160360342928598e+00
2.379169309717986458e+00
1.527168629011886214e+00
1.598342879900015001e+00
1.441995357267384259e+00
1.922233686315657497e+00
1.524528407290404175e+00
2.081493531495551608e+00
1.475169958668319126e+00
1.465796498211023868e+00
1.310187836229402158e+00
1.877897869728287095e+00
1.731277612449223735e+00
1.510742613208213569e+00
1.965676731092769636e+00
2.281976101688580449e+00
2.260606213728054925e+00
2.084904889973902442e+00
1.743279638775312002e+00
1.617346845086487406e+00
1.811262311017511450e+00
2.642941398753563931e+00
2.248113573832346113e+00
2.210880619360970911e+00
2.048653958562173916e+00
2.598598200381322609e+00
1.355680130805456463e+00
1.419776690023539789e+00
2.291573119301967054e+00
1.720596181785438272e+00
1.655734871806624930e+00
1.547731078005030181e+00
1.776376987770838856e+00
2.496999400208263609e+00
2.224620043728416263e+00
1.609773960342018917e+00
1.437410092027510133e+00
1.900959531249780010e+00
1.535056509836736804e+00
2.089869790090434165e+00
1.746537119505951585e+00
2.097893529910016319e+00
1.679641039605471953e+00
2.008476526854628297e+00
1.888161972578217718e+00
1.282147188047203734e+00
1.808697580270797856e+00
1.711498817147019125e+00
2.220773972727354106e+00
1.800058680935212596e+00
1.547080632924647370e+00
2.475786623443271495e+00
1.861245444142313854e+00
1.241467312236654852e+00
1.943985426958881657e+00
1.961794390793147880e+00
1.559692853704863769e+00
2.369720938982205372e+00
1.526465247414846349e+00
1.295742337034471614e+00
1.320782271985058598e+00
1.637305800038519887e+00
2.621860465491129943e+00
1.714724063966323042e+00
1.972594680768955389e+00
2.064944105895355264e+00
1.051601138600682273e+00
1.464434708845935074e+00
2.811175319927524008e+00
2.091206567935335769e+00
1.740016763582408643e+00
2.255424755503084189e+00
1.864493897987430815e+00
1.560234142065742180e+00
1.115745962693145410e+00
1.905289367819873902e+00
1.417935428486199800e+00
2.057580137341669335e+00
1.746629943896914838e+00
2.360754432608122233e+00
1.941715119322719119e+00
1.724017699041901386e+00
1.983154918264820932e+00
2.777240082550634703e+00
2.280924460001114706e+00
1.584953680997448711e+00
2.085997432519845596e+00
1.704595031807039085e+00
1.919990856054108352e+00
1.696343814568978425e+00
2.591206833495975026e+00
2.411812237975154094e+00
2.603392311546412152e+00
2.023375807746018662e+00
2.824188664958302120e+00
1.383710930158084107e+00
2.185966637406300261e+00
1.802311090717195086e+00
1.681057296793854849e+00
1.481532773897469957e+00
1.459661369872471859e+00
2.245222900582968251e+00
2.277628586076897665e+00
2.185932317624404320e+00
1.710989132755023068e+00
1.449908276806379348e+00
2.457632214847471186e+00
2.600457836608117024e+00
2.197911350388427998e+00
1.487246608394097835e+00
2.046017404128897432e+00
1.527163610984697995e+00
1.850409737892338535e+00
1.500095158640059267e+00
2.208116796476041088e+00
1.641948012232065102e+00
2.055657597656840530e+00
2.027555157838674127e+00
1.522763188604201900e+00
1.588357932977186193e+00
1.877539114001289811e+00
2.004635448024440159e+00
1.562940764191082632e+00
1.727522816547751638e+00
1.965236248758982507e+00
2.247754702576805208e+00
2.278954341816210594e+00
1.917591159980747584e+00
2.015113106105427043e+00
1.946760806593970994e+00
1.941907354487104165e+00
1.687125640879119093e+00
1.931453060045570824e+00
1.564137980048490473e+00
2.173444718357091077e+00
2.417450293962358998e+00
1.456698303360690394e+00
1.859298319880309247e+00
2.666274029467831319e+00
2.332675973937586189e+00
1.835439085051226993e+00
1.818476299413483988e+00
1.788892828416002834e+00
2.255884460561277560e+00
1.591592681675753518e+00
1.168079874608447311e+00
2.390550911293076730e+00
2.366575304905548016e+00
1.938080077650058852e+00
2.058815795668336612e+00
1.706461652630334003e+00
1.832751084395686680e+00
2.599699932601543750e+00
2.398993305498862583e+00
1.437935288978446247e+00
2.189793643433457504e+00
2.022788508047927536e+00
1.446396947001751698e+00
2.456949166075014901e+00
2.285352370739365924e+00
2.542182564130598177e+00
2.479962429891914510e+00
2.591532667568865467e+00
2.332998897235715408e+00
2.401236553692982501e+00
2.535862042169092945e+00
1.798987137216493393e+00
2.188100586089160693e+00
1.896452380254352477e+00
2.012412201055260752e+00
1.552584776901525077e+00
1.781329609825447857e+00
1.448222524211380646e+00
2.479058806592827402e+00
2.200353469832708520e+00
2.728628488830130205e+00
1.677038816167274016e+00
2.207955795364426876e+00
1.543546912541895910e+00
2.716772202840566752e+00
1.344668126681948239e+00
1.687357916084990528e+00
1.970244721123114218e+00
2.857085613607536878e+00
1.758935626347823744e+00
2.899329953945007254e+00
1.445204065017340556e+00
2.237788203548062960e+00
1.301229543218883400e+00
1.870471896651249466e+00
1.769091314940179682e+00
2.104552087380413106e+00
1.501324914232209817e+00
2.280117720368940226e+00
1.465126541873601251e+00
1.692095253043147896e+00
1.525056077446307778e+00
1.906059079298407788e+00
2.123673816641182821e+00
2.550898054080866117e+00
1.793593951394378605e+00
2.371150542891042434e+00
2.498173455757438433e+00
1.676595413412477420e+00
2.043506796556062710e+00
2.097479348779647701e+00
1.760859790098815658e+00
2.348012438906001975e+00
2.617572162309666162e+00
2.105769703600286036e+00
2.248126434535618223e+00
2.802858421981881065e+00
2.135364992528534511e+00
2.451549592749684425e+00
2.044854637008584497e+00
1.532446676709926736e+00
2.021616851544298044e+00
2.351578361160468589e+00
2.811903105447048468e+00
1.831388638264132007e+00
1.986396914229445976e+00
2.616413527351829860e+00
1.989920139569750113e+00
2.513734324532236997e+00
2.289193622733591393e+00
1.987062810362463239e+00
2.129962437252394647e+00
1.291330960604224476e+00
2.322043623391849998e+00
2.702778685681073156e+00
1.652002917065510390e+00
2.546220189945135548e+00
2.592867120433037798e+00
2.149539134609520730e+00
1.115898339175834586e+00
1.731492842729843495e+00
1.423353671830815070e+00
2.144152150512018018e+00
1.163402333163745528e+00
1.910957378929699413e+00
2.321400510037218368e+00
1.984009258697014166e+00
2.696904533579974839e+00
1.447941722868388403e+00
2.724088141971404475e+00
2.072533292913372627e+00
1.431591077981060334e+00
1.988003808607040845e+00
2.656281227843704684e+00
2.640277162099968766e+00
2.627573597503634950e+00
1.489521000353399183e+00
2.049170430528570286e+00
1.726969639049257488e+00
1.998349177637343876e+00
2.039368059003792588e+00
2.092618506930582711e+00
2.651900159505710786e+00
1.667410454080574311e+00
2.446602527928618542e+00
2.208244565348091104e+00
2.305343967374209768e+00
1.807518015698350133e+00
2.223505478152882908e+00
1.926468821166117840e+00
1.411607018581776396e+00
2.352021744860895769e+00
2.702694519068424839e+00
1.435366263550489130e+00
1.800081121920524163e+00
2.481011718649375641e+00
1.404334247374313449e+00
1.225900542681534366e+00
2.526174742456533284e+00
1.956732604876147974e+00
1.432695425994907845e+00
2.157237712912502658e+00
1.619639923778798396e+00
2.169073288304820046e+00
1.620860083891460190e+00
1.882950955623938993e+00
1.365081513271067859e+00
2.389908734370351784e+00
1.650699043577908531e+00
2.582267483180192613e+00
2.209470328758662561e+00
2.046278238885060219e+00
1.959876524956485344e+00
1.841151256063386699e+00
2.022640346746809925e+00
1.609456010240045698e+00
2.071180655605247445e+00
1.287028585070903786e+00
1.619966113431136279e+00
1.784937649840924401e+00
1.210005444292567400e+00
2.216543570272217156e+00
2.115545549317605634e+00
2.360590026524020502e+00
2.666647590544478419e+00
2.531914093358810902e+00
1.941763038205661207e+00
1.976707253700795697e+00
2.595264881117087974e+00
2.506748807760737829e+00
1.934186244240745145e+00
1.450442406611526902e+00
2.466776889001634387e+00
2.899461969278924744e+00
2.438745530263032091e+00
2.472651063007838879e+00
2.239995906797330072e+00
1.336872733109654376e+00
2.445247750475455284e+00
1.679309747730742597e+00
2.010445468568385241e+00
2.556590473541959785e+00
2.152429883788824050e+00
2.520122207675003168e+00
2.141570302025936456e+00
2.213034425383460402e+00
2.199768650753543664e+00
1.714129528397124957e+00
1.680463619241505668e+00
2.164100258836337609e+00
2.427840838776552435e+00
1.918958241388789121e+00
2.534033387469400989e+00
2.184734296780179719e+00
1.479962633018474749e+00
1.577006164352978024e+00
1.447199180822397402e+00
1.600307950159870929e+00
2.021580355861529732e+00
1.704622303575424658e+00
1.696338485001424257e+00
2.157358544060654193e+00
1.928149363753528966e+00
1.379451510754221566e+00
1.870167516197966062e+00
2.455981356301170315e+00
1.559040961007969628e+00
2.401522640846457612e+00
2.591193179854878181e+00
2.471497852339166190e+00
1.494355007329018381e+00
2.197455228781678649e+00
2.378805835394974366e+00
2.412081906172679702e+00
2.393906370382965498e+00
1.494520459884090879e+00
1.761240158369025366e+00
1.547487744420186218e+00
2.453095104509885438e+00
1.435302463692081476e+00
2.181123666480860201e+00
2.366691741013317696e+00
1.731209637809554724e+00
2.004032184879358525e+00
2.017732422223721400e+00
1.345951394944415513e+00
2.456702743404757250e+00
2.893885114091408362e+00
1.954946890967955486e+00
1.200934276628289776e+00
2.149207031010170077e+00
1.467312712769948568e+00
2.203876279571766794e+00
1.260914448060648008e+00
1.995309862817390645e+00
2.124230525357447164e+00
2.449560121472914354e+00
1.162560117820325090e+00
1.706985644634432475e+00
2.228156157268524673e+00
1.705512833345177448e+00
2.378802392867186644e+00
2.275711562005596100e+00
1.846285584697168858e+00
1.400000674223435437e+00
1.705207648395818731e+00
1.396704873689904147e+00
2.655833626665624614e+00
2.584426139301302605e+00
1.966657279111523771e+00
1.438676347396060873e+00
2.575887895117543458e+00
2.461004594481269514e+00
1.992794588117446697e+00
2.234630153626915305e+00
1.650283419334177326e+00
1.711556172638179163e+00
2.099204801723199676e+00
2.656883680341394438e+00
2.051913119111821615e+00
2.625569273686886085e+00
1.122469682148954595e+00
1.864675771408268456e+00
2.013572205111603619e+00
1.834269322832458915e+00
1.852369738044981951e+00
1.651922076718600252e+00
1.774922786043355849e+00
1.714807863596934601e+00
2.481830051554163141e+00
2.273319924678847137e+00
2.135731609217467408e+00
1.642982714448993686e+00
2.677026316057205868e+00
1.526687592473347621e+00
1.522879524760555991e+00
1.316423343130058932e+00
1.351304979301914067e+00
2.190351710313516609e+00
2.252454319205976496e+00
1.922919759481629631e+00
2.332710239469939495e+00
2.484520779486666164e+00
2.229468391865207622e+00
2.274127108870296343e+00
1.996614103794059014e+00
2.003229830633928010e+00
1.935358729595672234e+00
1.988298008830354568e+00
2.088860680145514515e+00
2.845870291842318878e+00
2.092286437933128962e+00
2.706842802476547405e+00
2.576800138995482214e+00
2.573437203292336939e+00
1.811484334878368685e+00
2.071092071690650016e+00
1.886623608491216686e+00
2.080067732808201786e+00
2.179469727851891303e+00
2.252639939334344810e+00
2.777900139510526500e+00
2.304393138145838904e+00
2.293051092972420157e+00
2.282456067046523707e+00
1.495984458574324716e+00
1.639957633820976923e+00
2.488973132160539947e+00
2.639481473323715299e+00
1.929969735015407473e+00
2.059968357836346353e+00
2.034807959383764686e+00
1.752310042973629800e+00
1.605144294293133100e+00
2.890651452441094893e+00
2.374847176623319456e+00
2.282393108813334237e+00
2.253988262702169898e+00
2.062280278805549649e+00
1.890985842018425123e+00
1.329708729897222996e+00
2.330175813436673238e+00
1.916045897365458828e+00
2.305808351308721527e+00
2.828944444652387258e+00
2.913944685910769383e+00
1.919945199534790703e+00
2.426080831599181753e+00
2.648797666302780129e+00
2.029241249565950866e+00
1.799435869492015172e+00
1.689645088941734929e+00
1.946422029230575612e+00
1.887853012100697558e+00
2.743432498352885496e+00
1.815898504067698260e+00
1.740906633421141159e+00
2.443707631229081301e+00
2.354986380229388221e+00
2.298442575104159502e+00
1.453947506057186034e+00
2.032102076102970223e+00
1.873986259994698145e+00
2.702819172491180755e+00
2.218499156989635956e+00
1.780979202469214373e+00
1.701719598472380746e+00
1.808571668661900889e+00
1.847099689794481803e+00
