1.704528752595716901e+00
1.123653171210921009e+00
1.847851955735481555e+00
2.679185427713499656e+00
1.874193911118128941e+00
1.789299926958402231e+00
1.807977938003182183e+00
1.862588199517672960e+00
1.593461332171199230e+00
1.845950464872847974e+00
2.137949479902961247e+00
2.151782287692493245e+00
1.949347336308323797e+00
1.981410699831833711e+00
2.630015765834487595e+00
2.187938225882025911e+00
1.208311903300317125e+00
1.995092396846082305e+00
2.235649992775078587e+00
1.708810898917716647e+00
2.728769893888600251e+00
1.960078908031723355e+00
2.822997761926382410e+00
2.008878353465145761e+00
2.604931389583510892e+00
2.191929746649460053e+00
2.140980183052603181e+00
2.632925325651322979e+00
1.798122542481599861e+00
1.559695541147469333e+00
1.594142732104625981e+00
2.094244243038657860e+00
1.472244332343069617e+00
1.810704734605989241e+00
2.343311322077300307e+00
2.171675122236722544e+00
1.530378737034737036e+00
2.714415655686267304e+00
1.253409088587297715e+00
2.555875409420296229e+00
1.981241484310956480e+00
1.756035748543586905e+00
2.786977903416676838e+00
2.320442804623922939e+00
2.206586003187772427e+00
1.443659718656354229e+00
2.792472587397274886e+00
2.253841130660646730e+00
2.475389524832985799e+00
1.918928885713578669e+00
2.004839207624064201e+00
1.542108139887252038e+00
2.290387199847588207e+00
2.203284507423369121e+00
2.511855382592599550e+00
1.892788942688581777e+00
1.757977551518524528e+00
2.315310072700450306e+00
1.755669491818992345e+00
2.057461295976107607e+00
2.358876415516511393e+00
1.591789762858537571e+00
1.459069237729293089e+00
2.170758597798633005e+00
1.813754694940622691e+00
1.561687184569970910e+00
2.802850042988644930e+00
1.907826553931990521e+00
1.978049604551010754e+00
2.238454792400313753e+00
2.750011135429423437e+00
1.929453267421613383e+00
2.892785450119511381e+00
1.599581982998066199e+00
2.536285059004740106e+00
1.756412219067363445e+00
2.136111994189026309e+00
2.741409654831366005e+00
2.185509484742367725e+00
1.905934795207405941e+00
2.217150315468076727e+00
2.090775273343755902e+00
2.639768034633609872e+00
1.838440211453630457e+00
1.812333078901687600e+00
1.463848195127554597e+00
2.334609392192719568e+00
2.162646222102916127e+00
1.676345058098303031e+00
2.016577430307894492e+00
1.153023847144631242e+00
2.478383242891581517e+00
2.271751129819469472e+00
1.710839014882121312e+00
2.141765177441389945e+00
2.336002549983648091e+00
1.374969908655539808e+00
2.401755426919486069e+00
1.787497018262549142e+00
2.390969973612148802e+00
1.658817046068872036e+00
1.697282750305441734e+00
2.101106209127614033e+00
1.783773412020230431e+00
2.072388846089364023e+00
1.678142757361007043e+00
2.109106749452241747e+00
1.430931381276977721e+00
1.631376144784636217e+00
2.333961469191201399e+00
2.417498313851486280e+00
2.291259643495521026e+00
1.886550970223747292e+00
2.156742224359262217e+00
1.689512534910585284e+00
1.986879884347471537e+00
1.559316018576605734e+00
2.343523232763629949e+00
1.601252048351910595e+00
1.819451544568027046e+00
1.926827345725216967e+00
2.214145345248805796e+00
1.834584656026924998e+00
1.658919674157931734e+00
2.099479003871972616e+00
2.240146024365333055e+00
1.485144311117289950e+00
2.116767712816598035e+00
1.742608989187608426e+00
1.587148611999715353e+00
1.828718468939521058e+00
1.618087135697879209e+00
2.464145155002318788e+00
1.746345981487577248e+00
1.827633126846874179e+00
2.269577287048216263e+00
1.851670538819580658e+00
1.354590448106315126e+00
2.041062382671031017e+00
1.800053327589188568e+00
1.786398727948054876e+00
1.791589048304609300e+00
2.309643650994666508e+00
1.806233775233148542e+00
1.602100119141587342e+00
1.718835463622187643e+00
2.102438238328772080e+00
2.319643149032532214e+00
1.507122561386113002e+00
1.786028461423704528e+00
1.467001621749342011e+00
2.210434406281802211e+00
1.611628822942440475e+00
2.078336112440835493e+00
2.749079422629444824e+00
1.812506860885305660e+00
2.647636481500777350e+00
2.400784011072499169e+00
2.233591439533915590e+00
1.346747399397276945e+00
2.109705194992706367e+00
2.699322349805381105e+00
1.792910679901641657e+00
1.978263663786232751e+00
1.559284000097935774e+00
1.609036428461698032e+00
2.052862436889875575e+00
1.499615164884969598e+00
2.324952570278431274e+00
2.454940648659850400e+00
2.345720679976107448e+00
1.972969349792805360e+00
2.143738249929685313e+00
1.364290837280678792e+00
1.331684223464128625e+00
1.666425065740146483e+00
2.086817984525723091e+00
2.760767401013785260e+00
2.185223353796939882e+00
2.613283302494207039e+00
1.469907507256882795e+00
2.031515414412757625e+00
2.204283694000238381e+00
2.297734938686712525e+00
1.313080004216727437e+00
1.464789471661715137e+00
2.597858351859433590e+00
2.550314200817011656e+00
1.630443290189926175e+00
1.598140005003817699e+00
2.158496718312191476e+00
1.671798643594770040e+00
2.863212991376606453e+00
1.671409031192683470e+00
1.715374284898763868e+00
2.243547495087470534e+00
2.410231862503172451e+00
1.443945557673440128e+00
1.657612847205036655e+00
2.417012236849163109e+00
2.129982648533756517e+00
1.474515001393280844e+00
1.975147271630488532e+00
2.232405365099122463e+00
1.425349643725888793e+00
1.579526299961020452e+00
2.102143706286731639e+00
2.227805496822685249e+00
2.412452993560736836e+00
1.861796314899941907e+00
2.050846722869616556e+00
1.582209122806695234e+00
2.085736214158254498e+00
1.672595648517725131e+00
1.865644059255526122e+00
1.478938279990002158e+00
1.245870797301169786e+00
1.734540336966829965e+00
2.599848161067714436e+00
2.447671641284913768e+00
2.076412383518960070e+00
2.193810218181429406e+00
1.988088898485404821e+00
1.584750135694572792e+00
2.663077206608748249e+00
2.230033145399571204e+00
2.426519056806142771e+00
2.417798388320482772e+00
2.353113312950403824e+00
2.187936722817362067e+00
2.805589375758689386e+00
2.065254472475463565e+00
2.193687202036522343e+00
2.429491128169475989e+00
2.126775198153853630e+00
2.486646104301292848e+00
2.287736341654212247e+00
2.760179836788148933e+00
2.045386572243450551e+00
2.272104779768296723e+00
2.260075412114159299e+00
2.437777356983740873e+00
2.235669165362099697e+00
2.708044677673549394e+00
2.298331950567474635e+00
2.030229014027341350e+00
1.661051152097822392e+00
1.691600139075417175e+00
2.095586651040821202e+00
1.647085478931266334e+00
2.238936633894857309e+00
1.658135825756710702e+00
1.800195004005196386e+00
1.637575149341005343e+00
1.938001471498593142e+00
1.730065692480061479e+00
1.502881388296929854e+00
1.808374194052870365e+00
2.210775025886611012e+00
2.473172732400539253e+00
2.229967868461150360e+00
2.038695312447297514e+00
1.870211093412052827e+00
1.806926401550722705e+00
2.745837078218023919e+00
1.235802157372280607e+00
1.767951726861821893e+00
2.142022862154158602e+00
1.578318355406221007e+00
2.205112555935025753e+00
2.028323640252955862e+00
2.511829718074298334e+00
1.743965343228336629e+00
1.638023710075236838e+00
2.364294001836771741e+00
2.003422510624185193e+00
2.735260887689395570e+00
1.495507173659555988e+00
1.780724193767494690e+00
1.986239755436716603e+00
1.799829398896056754e+00
1.656363689015123875e+00
2.598466191234873435e+00
2.035843926642828983e+00
2.027622100218398948e+00
1.885420863875772346e+00
1.922934744749895231e+00
1.895661461662281333e+00
2.030172070022197239e+00
1.972219718297550273e+00
1.312459005322564209e+00
2.025367791051467137e+00
1.503902870292095351e+00
2.199615833863124870e+00
1.177727070204623860e+00
1.738031888949951309e+00
2.431533749311769910e+00
1.283652728168136248e+00
1.887970664455117520e+00
1.375055884049591448e+00
1.527205416295601692e+00
2.631234857481713263e+00
2.506110227832162085e+00
2.607648154929592010e+00
2.028174769946599731e+00
1.350969218824696672e+00
1.425427069984896322e+00
1.947844177872046778e+00
1.773529167698442155e+00
1.593458175029686341e+00
2.281561286218482643e+00
1.441018373477820358e+00
1.671492758491522235e+00
1.976386754949819080e+00
2.740270462302810017e+00
2.666895789444603260e+00
2.215277832127386048e+00
1.613569709573941413e+00
1.888949145572828447e+00
2.094800097457377497e+00
1.506069231695237765e+00
2.367762870778540751e+00
2.655387828203988221e+00
2.503910732008192142e+00
2.189922093980903206e+00
1.773982081926325449e+00
1.446125709561377093e+00
1.350308580617665566e+00
2.045380236292716702e+00
1.134039934586807075e+00
1.777816600164592753e+00
1.252224850187815264e+00
1.228737677215926860e+00
1.549586932722139876e+00
2.477368411697074002e+00
2.599734749491824370e+00
1.707592688326710739e+00
2.422895931623218146e+00
2.350498461488960800e+00
2.492987958896767609e+00
1.549805281198892715e+00
2.692186576866822278e+00
1.890996995398894320e+00
1.906435334373576040e+00
1.437316256174671958e+00
2.345974204817166786e+00
2.021864202052084281e+00
2.429410863251920460e+00
1.721784338215919252e+00
2.603436372862165449e+00
1.444058273713464846e+00
1.647406158776345997e+00
2.643026161321197609e+00
1.605826560915537105e+00
2.056274438446497932e+00
1.887630972085712067e+00
2.194480329518348594e+00
1.522789546767659763e+00
1.743231430159360107e+00
1.377505618247587549e+00
1.295344270983939561e+00
1.933722574922008608e+00
1.956575613020910431e+00
1.684386450656081280e+00
2.214550390549978154e+00
2.400287082191604249e+00
1.619674833968959282e+00
2.184271045871990502e+00
2.940311813474167479e+00
2.124403389975554113e+00
2.615412453028234552e+00
2.602010367568865945e+00
2.360513490967555583e+00
1.613463962920365091e+00
2.013936419523276733e+00
1.836441077317391812e+00
1.484269838061401448e+00
1.892697760302238130e+00
1.894029838240736119e+00
1.835747919457449084e+00
1.614916280848054164e+00
2.253277388946209214e+00
2.389466335238520145e+00
1.897478500091461573e+00
2.334258228074786334e+00
2.033774571587189328e+00
1.787814878144165398e+00
2.111956148280927259e+00
2.155874279206382305e+00
2.097060505921549911e+00
2.110856642347355816e+00
2.207879504789711955e+00
1.805140884835286563e+00
1.106461825579847735e+00
1.193223636074841165e+00
1.622120674375979066e+00
1.866471368143979515e+00
2.056364121375017895e+00
2.284297846748863492e+00
1.766912970872340782e+00
1.668046541294263996e+00
1.826563579078390287e+00
2.344435094661905250e+00
1.969894740992140791e+00
1.468416528084380390e+00
2.494992496160223006e+00
2.228005861364115159e+00
2.572784632082354861e+00
2.237435979641571038e+00
2.022680336619692376e+00
2.074946205210324912e+00
2.128176048827742584e+00
2.071875448353654114e+00
2.668610129182926727e+00
2.842301186172254024e+00
2.593342608712898567e+00
2.550895134575515755e+00
1.413145690311609526e+00
1.947619439165542143e+00
1.690264196917696804e+00
1.635276322005897898e+00
2.043967038080370280e+00
1.482832853516051319e+00
2.318805839673279134e+00
2.193871323392822426e+00
2.186322201667876719e+00
2.041283426082419972e+00
1.913291868586606270e+00
1.916254434225968639e+00
1.847335738307712250e+00
2.245210105376461485e+00
1.732875413097054285e+00
1.925556559475320562e+00
1.349956842524606238e+00
2.053383253933430908e+00
1.940303379939043005e+00
2.736695486792504184e+00
1.694109354193933381e+00
2.252374963081039461e+00
2.255945485968519293e+00
1.422008128970853047e+00
2.118577186868637163e+00
1.670219672030895275e+00
1.651140554665512461e+00
2.609197928175102987e+00
2.327260780815604502e+00
1.328047395707047551e+00
1.545168130325501377e+00
2.047745438366164628e+00
2.103961082094640389e+00
2.104868359690923896e+00
2.066639666219869831e+00
2.548667411833761776e+00
2.645138243261131450e+00
2.536162685578725373e+00
2.043412418730757629e+00
2.446838160289241060e+00
1.692198497142824998e+00
2.860053622583734967e+00
2.712277963840331818e+00
1.048867707291486040e+00
2.558528112214924377e+00
2.208832208036374922e+00
1.976985556059293048e+00
1.740148369595169386e+00
2.529079445488026323e+00
1.495811171234114223e+00
1.543422732368572081e+00
2.518939790683525359e+00
1.728504986181695680e+00
1.390590094022890799e+00
2.764685224060326352e+00
1.867165785186309268e+00
2.012932225604933123e+00
1.580286594597049010e+00
2.013975604007451903e+00
1.889610430466964308e+00
2.396580386555743569e+00
1.981199285876637628e+00
1.471303295170537817e+00
2.301383408024530119e+00
2.893013654992901973e+00
2.306475625122818229e+00
2.501795012566423448e+00
1.276709724135828061e+00
1.988995084003507330e+00
1.131455383275000059e+00
2.812322729648975006e+00
1.080141638844446028e+00
2.113898433197917814e+00
2.905771680719384520e+00
1.281289427310891904e+00
1.316680795307082708e+00
1.835759438905110841e+00
1.199705620950451301e+00
2.388399335850723837e+00
1.625214089585699684e+00
2.045350372486742785e+00
1.972943004178055570e+00
1.784611220392443798e+00
1.838279834803564938e+00
1.920179112196926052e+00
1.688941500675516849e+00
1.983621707579251936e+00
2.396882118817225571e+00
2.064205533088729894e+00
2.145392809520090260e+00
1.967040423198380239e+00
2.685230227645869938e+00
2.449124107334480271e+00
2.388792905407870037e+00
2.267874195599887788e+00
2.168492000829467248e+00
1.723131887450946476e+00
2.208978333680573058e+00
1.372342279859905867e+00
2.060523039322685435e+00
2.306441623113683725e+00
1.098343803266883301e+00
2.733732344134876868e+00
1.832969143456955274e+00
1.186788974388659490e+00
1.639655112718676033e+00
1.943120374723706245e+00
1.644295567765377664e+00
1.895858227301504328e+00
2.113462222111415212e+00
1.683916590988278283e+00
2.115169292173916027e+00
2.500738919329778653e+00
1.860725496652797073e+00
1.891091501858714441e+00
1.310226457015995383e+00
2.198218437708815198e+00
2.450727589038116605e+00
1.145858668656166479e+00
2.250803426432442134e+00
2.054752000782234411e+00
2.029458925734346053e+00
2.097215301071612359e+00
1.590442435976955116e+00
2.588144718533142985e+00
1.941690265104492497e+00
1.165752507843775154e+00
1.343725045688478170e+00
1.848734523490645154e+00
1.913271966885409459e+00
2.227707797920793098e+00
2.192067029332910977e+00
1.229128981674371568e+00
1.944996138061003466e+00
1.824931660994855154e+00
1.037706644521711574e+00
1.279980774692321965e+00
2.341217036581967559e+00
2.689886591636301727e+00
1.898800839537563068e+00
2.179098169115348149e+00
1.592804912487921554e+00
2.404062048292728182e+00
2.492176832991908952e+00
1.496176877914031644e+00
2.359658012539770588e+00
2.343678721515934260e+00
2.565752832432741215e+00
2.253356744333013140e+00
2.514548506439187037e+00
