2.329921196152237250e+00
1.297848171706024845e+00
2.082982848297635137e+00
1.704584506180792935e+00
1.975688410271071227e+00
2.391978727872655419e+00
1.391348912378601366e+00
1.976379156617357635e+00
1.992925445371222404e+00
2.487272133970983568e+00
2.013847449060530259e+00
1.604283573519511119e+00
2.673058737191499112e+00
1.923729066367938056e+00
1.564947007573851856e+00
2.131444855542691919e+00
2.649875342696182301e+00
2.429195838568352972e+00
1.951876104647415344e+00
1.777997089365746852e+00
1.972768532774733741e+00
2.053222568019545502e+00
2.015444395278350953e+00
2.476687930000509574e+00
1.643169451310615869e+00
1.710303153246373942e+00
1.943642695880286819e+00
2.054820441257621866e+00
1.774063341625482515e+00
1.483798850727264806e+00
1.544021762549027343e+00
2.530041412477690876e+00
1.727583791956723402e+00
1.748189134481020979e+00
2.596915535988443935e+00
2.189635068893882597e+00
1.877742379840233955e+00
2.224631044471043317e+00
1.691663148389068283e+00
1.937248062832700235e+00
1.326355894847705885e+00
1.396159178476087170e+00
2.503447684357325009e+00
1.322126278710366698e+00
2.494439887499196651e+00
1.210335519325077103e+00
1.786955238151490155e+00
1.651187076586638103e+00
2.421535365552847541e+00
2.411770827429480235e+00
1.777272399383555523e+00
2.563478688657661486e+00
2.682178505212319042e+00
1.372041217616661424e+00
1.634995625165817756e+00
1.670590279607976569e+00
2.077957631523762672e+00
1.597297050470336988e+00
1.564222992074734364e+00
2.426917521475450812e+00
2.218847581083979392e+00
1.609889604472278357e+00
2.442726205007803131e+00
2.250059964799697276e+00
2.038550817631434420e+00
2.031089917192906213e+00
1.362308745104930718e+00
1.995601947505233786e+00
2.518307951143465395e+00
1.876904698818434136e+00
1.779759505622645843e+00
2.095648428865137358e+00
1.833673131560216607e+00
2.170338372656511083e+00
1.751226194568815231e+00
2.060789682459656547e+00
2.189091230953272849e+00
1.732086872821429813e+00
2.527777773187700916e+00
2.353490251623385099e+00
2.236476606919217680e+00
2.072243927658893980e+00
2.087647996998586386e+00
2.428812233321338887e+00
2.333621412172858900e+00
2.695859938871137729e+00
2.077953695627624331e+00
1.889205004358031070e+00
1.971691930383921321e+00
2.544372476486486789e+00
1.338036592954106263e+00
2.273838419494868646e+00
2.112755578968354975e+00
2.587573603325171057e+00
2.159434843719309605e+00
2.027148391003279038e+00
2.248598594740782719e+00
1.814822343299216545e+00
1.677533746623888211e+00
1.516029378199332811e+00
2.173545969327609129e+00
2.254348542600517646e+00
2.583632282460399665e+00
1.520342180850191793e+00
1.189738663593165491e+00
2.288803310875912267e+00
1.610370059804822285e+00
1.849425709646308702e+00
1.732252565222327290e+00
2.307434476407555390e+00
1.853009992785085824e+00
1.902778228747436851e+00
1.347684018413517482e+00
1.252771967268204278e+00
2.039915198514646200e+00
1.406439704982385797e+00
1.708999936594254088e+00
2.326524247471827067e+00
1.891032844255004175e+00
2.189136732319580059e+00
1.547181051846820754e+00
1.999933093006131202e+00
1.962133107693525336e+00
1.751550594767535607e+00
2.347055399777516538e+00
2.104932434510484285e+00
1.639368564279746421e+00
2.532687720682046617e+00
1.514469282772858305e+00
1.679773278612636478e+00
2.499523192180667763e+00
2.820430777433991842e+00
1.864205629900631767e+00
1.838926048459635920e+00
1.646743618937213771e+00
1.578947307270442968e+00
1.968420380139043413e+00
1.578509273582927142e+00
2.215716563041040477e+00
1.955783236732939301e+00
1.603750775473056889e+00
2.450951585081876605e+00
2.425660951121715314e+00
2.452595825395837537e+00
2.283759475727404009e+00
1.629553600601189034e+00
2.217031944781342023e+00
2.033048281143797986e+00
2.104187120302684733e+00
2.456597128191110535e+00
2.344250156610254709e+00
2.070658259083319130e+00
2.113214841690692403e+00
2.093899418060792605e+00
1.834097532474912473e+00
1.399902560672688034e+00
1.739352407197824579e+00
1.927670222148734958e+00
1.737846787192753428e+00
2.200961200054049272e+00
1.909469216267561276e+00
2.504046905242715670e+00
1.625510081838971388e+00
2.473155546451215159e+00
2.173249112055320786e+00
2.415966427981365072e+00
2.441175795748098398e+00
1.413776434153872330e+00
1.934961121207287693e+00
2.543450423333960764e+00
1.971846635914498602e+00
1.641909438232607599e+00
1.861609821950693799e+00
1.820523515013780180e+00
2.156131188560975964e+00
2.691757980506063408e+00
1.421210645406123518e+00
2.200482977098685566e+00
2.345702681771963949e+00
2.689571895222979236e+00
1.148178299916944756e+00
2.786910604773533251e+00
1.607663000259134112e+00
2.079503994420160318e+00
1.856316532143716502e+00
1.972069989404578783e+00
2.150242750618602816e+00
2.015519761192127390e+00
2.013398715265529049e+00
1.210357793070432786e+00
2.144293159514811364e+00
2.271862002001394210e+00
1.657210339570537538e+00
2.378716179628320493e+00
1.912743091094796011e+00
2.539477354252563046e+00
2.793377145714086573e+00
2.588807962846013666e+00
1.950945960912798149e+00
2.500827795756745076e+00
1.908556563531055295e+00
1.147479691983114503e+00
2.403072609992857878e+00
1.722540369747429079e+00
2.209252145165386594e+00
1.541594238451601706e+00
1.644200111315482715e+00
1.592151042840109554e+00
1.853102391006184568e+00
2.566464498348812739e+00
2.250289921159353668e+00
1.613558730672586705e+00
1.634485539133922583e+00
2.212944361441254060e+00
1.426303557848968229e+00
2.302286335614597945e+00
2.651650052270159819e+00
2.007082275458194065e+00
1.456129813788469951e+00
1.965168405730324253e+00
2.379481097466505268e+00
2.276175541315910600e+00
1.387948213957064025e+00
1.193451710311354219e+00
1.599749819114278271e+00
2.767701377513569483e+00
1.568995576442528517e+00
2.306245693123431195e+00
2.079551338335722921e+00
2.473655584045302280e+00
1.949943050312722415e+00
1.991806210718909176e+00
2.236540646347549455e+00
1.904228246521550094e+00
2.436749334347514839e+00
1.892892264135532132e+00
1.931574871973267493e+00
1.783000802221064829e+00
2.418726466339621517e+00
1.922595616880475644e+00
1.543872942343155197e+00
2.513048811511930936e+00
2.344140958138732689e+00
2.212471318489201089e+00
2.488836752635499749e+00
1.782450662035768296e+00
2.133132174032701389e+00
2.300107102322347608e+00
2.715223301998921812e+00
2.040948525112295187e+00
2.563450125810928792e+00
2.253239552408532020e+00
1.657638908772030906e+00
2.681776063872998606e+00
1.632836030186782805e+00
1.543372171714829655e+00
2.167601080151067006e+00
1.196938714603976717e+00
2.077030380855064529e+00
1.981552350507419735e+00
1.656290634092070224e+00
2.090279843511894775e+00
2.011799934609153073e+00
1.838785203178053607e+00
1.208742905245828947e+00
1.514573718968323490e+00
1.117173696697840724e+00
1.158039596808211780e+00
2.461720967419211092e+00
1.637185415800047616e+00
2.147458610351536734e+00
2.308261485425456172e+00
2.049588088055021906e+00
2.656772609033554389e+00
1.669844173537742726e+00
2.732935315493577821e+00
2.079885274903314318e+00
1.906351177310968037e+00
2.042504485787171475e+00
1.933147186681849483e+00
1.533484926455980890e+00
2.259822765544557743e+00
2.072750558043625180e+00
1.496998261759894033e+00
2.372970703958521277e+00
2.109615773356853907e+00
1.353447169213535251e+00
1.487067507073040362e+00
1.796149871550342780e+00
2.317531080345060168e+00
2.568074994367799846e+00
2.111467902990341372e+00
1.278955591494479904e+00
1.850848835184917052e+00
2.068081907825085608e+00
1.904544882401715711e+00
1.690449569128029017e+00
1.927037139245584729e+00
1.967514765192124315e+00
1.888664605746446234e+00
1.714798428268027752e+00
2.322676652371793438e+00
1.810709391663416934e+00
1.341669032404323225e+00
1.839606703714377955e+00
2.271446902769239440e+00
2.459022195347039919e+00
1.658011593434757014e+00
2.451529891877935796e+00
1.331953935515162168e+00
1.478111236111002036e+00
1.779622957923257864e+00
1.840972146640142526e+00
1.153547405261808656e+00
1.293373954839825979e+00
1.446597440772388277e+00
1.833340889151497066e+00
2.297420502926923014e+00
1.490690084408574201e+00
2.479198129881818424e+00
1.825725942871007312e+00
1.376489832478162478e+00
2.167537040855627151e+00
2.512463329694317071e+00
1.674057713668501979e+00
1.420980090130897100e+00
1.136558658005636380e+00
2.464421996464731812e+00
2.178904546295351352e+00
1.941171309742571571e+00
1.874816950789002679e+00
2.335491705229690407e+00
2.098064338418430985e+00
2.192663893138053322e+00
1.450083513136936064e+00
1.433719575035944382e+00
1.834058678742531479e+00
2.015317043201603653e+00
1.771361398013278077e+00
1.352596209755061452e+00
1.596298590516509242e+00
2.253811643187958236e+00
1.659146924631460518e+00
1.555731868981316435e+00
1.789977105001326674e+00
1.921011188328348496e+00
1.939034115936522307e+00
1.370106709841555581e+00
2.071576978571380678e+00
1.915718630911018572e+00
2.034816551687874675e+00
1.639634187412070343e+00
1.979714841527562497e+00
1.697516769426034244e+00
1.579133976805092487e+00
1.665133923009376460e+00
2.537129205663334552e+00
1.499847933684744339e+00
1.937069989692459693e+00
2.551144899005336253e+00
2.162542696773242845e+00
1.335486042124362172e+00
2.063637202204474441e+00
1.639009600780804377e+00
1.581399291771225624e+00
1.272898775712802522e+00
2.129951409286332975e+00
2.331264263707168105e+00
1.334479458831935306e+00
1.780219763131885902e+00
1.479352062108197252e+00
1.856487820283081680e+00
1.399849151350212928e+00
2.573287941455649097e+00
2.008931932783995844e+00
1.674308166220613181e+00
1.923467290465875390e+00
2.324296937699734222e+00
2.098905661144669033e+00
2.413423415082009527e+00
1.556140841238353056e+00
1.495731848877480896e+00
1.929586756608403508e+00
2.582625031746784039e+00
2.127987668207004024e+00
1.966214625604059796e+00
1.480694995199944630e+00
1.670088031324486799e+00
2.514019737661625342e+00
2.178826345014273080e+00
2.190861949149366161e+00
1.560674187012715208e+00
1.711778315352098900e+00
1.292508922000904503e+00
1.500652433023920374e+00
2.549145432343665085e+00
2.123044609202705324e+00
1.999814617983620035e+00
2.448862642658224065e+00
2.406520610372945956e+00
1.548616386872822659e+00
2.692558164701592371e+00
2.648099319086955283e+00
1.814967475402599950e+00
1.607507218781552671e+00
1.623644301129826273e+00
1.920548458455038299e+00
1.775567606013279676e+00
1.630862954421290700e+00
2.282686813803595172e+00
2.349271977586110616e+00
2.259987000472055030e+00
2.436964637966913649e+00
1.449000883054378352e+00
1.920893238587165097e+00
1.570362414618674762e+00
1.651970762664734416e+00
1.383436148549437972e+00
1.829083826053658157e+00
1.230028899169059331e+00
1.472067033936980351e+00
1.608953768314094868e+00
2.770968487323381524e+00
1.862493173394065504e+00
1.633830342721757756e+00
2.096538963340383255e+00
2.108849030006101799e+00
1.558295428265349392e+00
2.255225791744845498e+00
1.718877658773408257e+00
2.316613466534648502e+00
2.583797405489840493e+00
2.828454974025982782e+00
1.723142799953444992e+00
2.384739576838035724e+00
2.669093736395467431e+00
2.121833360039857119e+00
2.531805128825551421e+00
2.576709561034502105e+00
1.156512646070363859e+00
1.692701440667754742e+00
1.753971122178426212e+00
1.740343120224330686e+00
2.480685785267847443e+00
1.453269345253793698e+00
2.410485565051997625e+00
1.996156249773214819e+00
2.067082636173784405e+00
1.973970604975218812e+00
2.777402152385472167e+00
1.967629487343139028e+00
1.992043359689700033e+00
1.977440334602653227e+00
1.369716388683380526e+00
2.303635500929861468e+00
1.550669656920271144e+00
1.733301750037711031e+00
1.725855266950494293e+00
2.201168579072016129e+00
1.765567277168219817e+00
1.354758474692256076e+00
2.662244219566896497e+00
1.798370952386226129e+00
1.251812633043934309e+00
2.225909755168158366e+00
2.774932879584440570e+00
2.111408188380459627e+00
2.019330287556294401e+00
1.697337692528950281e+00
2.204306210256450349e+00
2.621747004559311645e+00
1.407510768604128382e+00
2.620607155558660750e+00
2.205269168457584250e+00
2.214402882793277350e+00
2.583290674240852347e+00
2.680362279279073334e+00
2.180816616510673711e+00
2.160368676479089700e+00
1.657462059838895385e+00
2.800289441696379278e+00
2.228656672992506138e+00
1.390158901514100043e+00
1.288452691546416728e+00
2.116611282981554432e+00
1.699500548592408844e+00
2.146842444520562943e+00
2.359825294060254208e+00
2.723829704159614451e+00
2.161998522519747112e+00
2.488903315390826432e+00
2.750845393581420772e+00
2.647343692182844599e+00
2.399652773782354753e+00
2.501338909563460611e+00
1.599882073906127244e+00
1.524294185265964607e+00
2.007447967007833789e+00
2.687088537173758951e+00
2.069014924690432800e+00
2.231389410388234573e+00
2.027353351426094186e+00
1.413722382876313244e+00
2.175360567338471274e+00
1.995696257133404039e+00
1.789500138878985513e+00
2.249041509594027488e+00
1.343156438826308419e+00
1.684516588218752720e+00
2.769173840129205644e+00
1.741477288933534817e+00
1.710012646943785519e+00
1.899932050652863413e+00
2.775796273856137475e+00
1.357036942457534368e+00
1.942486566647086299e+00
1.668395083544398805e+00
2.568078288074886029e+00
1.709047509191345959e+00
2.158666903764855594e+00
1.944023832996176093e+00
2.055032013490799336e+00
1.988153652042003117e+00
2.624239914257702200e+00
1.850067332845523271e+00
2.039031601679283323e+00
1.842621660396628336e+00
1.732563629423742313e+00
2.434376437197737886e+00
2.005774718503182008e+00
2.195989574257219523e+00
1.294077024707246171e+00
2.042811882099223375e+00
1.849351835960345358e+00
2.401417228372308088e+00
1.713301596387133641e+00
2.179320661331658915e+00
1.671912518823304605e+00
2.115974510872915104e+00
2.234205809573440504e+00
2.919531660603993828e+00
1.663260060027668574e+00
1.937105035323611668e+00
2.441935757029900067e+00
1.881811015318346270e+00
1.573558984429809904e+00
1.997723974870972530e+00
1.988970000924051851e+00
1.473154945872374277e+00
1.968744152005920345e+00
1.825240780083210668e+00
2.102179429402768029e+00
1.318291403743141466e+00
1.238141334951490036e+00
1.798812827182237672e+00
1.965608534851293276e+00
1.720326718299768576e+00
2.010043359224773063e+00
2.034866534978126751e+00
1.667180181123602223e+00
1.484334034404288793e+00
2.152377872456047392e+00
1.999736888968693727e+00
1.561922461984556199e+00
1.603951754362904936e+00
1.679442369684829739e+00
1.488435046505259152e+00
