2.365197968440291731e+00
1.978840532401426877e+00
2.936961463904903979e+00
1.434783653376308310e+00
1.533540676432327166e+00
1.417097878150910706e+00
1.493479553844948793e+00
1.515317648039745446e+00
2.205820436853289657e+00
2.221085670452292327e+00
2.200983217989603169e+00
1.541001528289783096e+00
1.623898697263559621e+00
1.566481245150899371e+00
1.676336720221286436e+00
2.817022468321458195e+00
1.747680814643880476e+00
2.212226748274599863e+00
1.442704886596136049e+00
1.632955601271593338e+00
1.838372667435316021e+00
2.168869333395215371e+00
2.242648606378983001e+00
2.510477978798297372e+00
2.187974743707109315e+00
1.737543492421798064e+00
1.235421615673851781e+00
2.301595274793700519e+00
2.015175370896054474e+00
1.414516434605215256e+00
2.165658963446849050e+00
1.842615656094778842e+00
1.915820973946124273e+00
1.212930817406256967e+00
2.361240042555777130e+00
2.337992642869199944e+00
1.371031100723158147e+00
1.864938677573696024e+00
1.472662306367739316e+00
1.624475466260576484e+00
1.857290913396546062e+00
2.194348048949908758e+00
2.617255294269602572e+00
2.217944866671744730e+00
2.376086128865146030e+00
2.217876496607273928e+00
2.077224478083262937e+00
1.709784109258252194e+00
1.229852050430274568e+00
1.368123557532211043e+00
2.106440947155376442e+00
2.291851485081209727e+00
1.236484870444981787e+00
2.292615809865442333e+00
2.046124708250746771e+00
1.545112208402942056e+00
1.615513698523707298e+00
1.617989312628963061e+00
1.817790328099600838e+00
1.593171776183655464e+00
2.379774770555424634e+00
1.659195595285119396e+00
2.667301541892431072e+00
2.687660647486542764e+00
1.685959687520949046e+00
1.272118199365464886e+00
2.425293110126932383e+00
2.229153315225954390e+00
2.581221760056722214e+00
1.723354870342620249e+00
2.022375462421440950e+00
2.031261848090116118e+00
1.424220215007689916e+00
2.166195422012266114e+00
2.066026796549696343e+00
1.167117516315922421e+00
1.771099791958783198e+00
2.746852034560665956e+00
2.300184906616283165e+00
2.548790713059842616e+00
2.279374250229326826e+00
1.886009943527157784e+00
2.601276256931798869e+00
2.546648394178703256e+00
1.515703069502742029e+00
2.287368542754667722e+00
1.788483089441652352e+00
1.992567984858723662e+00
2.122144891921485144e+00
1.267528370537917670e+00
1.854645061827786989e+00
2.099816472371844434e+00
2.643270112135122751e+00
2.281509715074974132e+00
2.065076512602463943e+00
2.171770949036529341e+00
2.209619770006227224e+00
2.056875632758728756e+00
2.675275797240891151e+00
1.249069060389135011e+00
2.014980137026095353e+00
2.187513920705293380e+00
2.212239909108643765e+00
2.180912837348082611e+00
1.854671139274627567e+00
1.960954511214772378e+00
1.915138598024924921e+00
2.167137529674313612e+00
2.580715140404289620e+00
2.350897362754533759e+00
2.525577877583399911e+00
2.136469588137518194e+00
2.543746712811769228e+00
2.785732664310792916e+00
1.580090929877450812e+00
2.419195665459040079e+00
1.994004333857590350e+00
1.918723631170869526e+00
1.259192941531646515e+00
1.955547124602916131e+00
2.642714481793932091e+00
2.002766525071317361e+00
2.509308515939732587e+00
1.618409486295057320e+00
2.118699593078276155e+00
1.493057123055998137e+00
1.873267901037031447e+00
1.465930758767178599e+00
1.651437005278162840e+00
1.600219429768279245e+00
2.445306836872097822e+00
1.486224581016297286e+00
1.504000074247580976e+00
2.318583483781704757e+00
1.854167979432140623e+00
1.746469190391398474e+00
1.676448330738517623e+00
1.617270215459694960e+00
1.500600210154653613e+00
1.728698442663838986e+00
1.858163985490170145e+00
1.913863551983784106e+00
2.435079249598817164e+00
2.344161089539075427e+00
1.681474233941637086e+00
1.586130155834528210e+00
1.649721806340623598e+00
1.219775342071653501e+00
1.165445981387780883e+00
2.324633397889481756e+00
1.661576363058683725e+00
1.527724344474101770e+00
2.339038463015286062e+00
2.016081699552703554e+00
1.712007597151175009e+00
2.018893165982838411e+00
1.436629590564001635e+00
1.878304585849197794e+00
2.281857590278059345e+00
2.175602467485664437e+00
1.788458557418463712e+00
2.531896433732394591e+00
2.390135120532703716e+00
1.713627730365235635e+00
2.406093552023469861e+00
2.519674878941063234e+00
1.766913522568433148e+00
2.133625846008422755e+00
1.471272008621929306e+00
1.553664429416456549e+00
1.506624210020699017e+00
2.041740458576308370e+00
1.618485301762771833e+00
2.413083443160225272e+00
2.074154946535914590e+00
1.923137175707050783e+00
2.023004930071787832e+00
2.122706192108672507e+00
2.534377381930184470e+00
1.841822502600817035e+00
2.127621163151149020e+00
2.731910288615671867e+00
2.037477982128138798e+00
2.365366450385424812e+00
2.036547597778348706e+00
2.047373813425278577e+00
1.957832505078779928e+00
2.562925747715829150e+00
1.387409505678324662e+00
1.643999935542475921e+00
2.048933732054545764e+00
1.725407461721368607e+00
2.647641342903831685e+00
1.175867389219996229e+00
2.142767553316346607e+00
2.145873369164472688e+00
2.118512942366371998e+00
2.173370460664432180e+00
2.251399148736634714e+00
2.202321685122503148e+00
2.085445288494467420e+00
2.211716285831872852e+00
1.981381450872832906e+00
2.301585570428147598e+00
2.275531358495445744e+00
2.835780971956001650e+00
2.059501263743479527e+00
2.134775534645833694e+00
2.484653958970113319e+00
1.420643366704394284e+00
2.486959037192331579e+00
1.751016424556854911e+00
1.469640515839937489e+00
1.745049434197544880e+00
1.737074582895970831e+00
1.767237490187919313e+00
2.491149166929332637e+00
2.461892793357021159e+00
2.469961936824816462e+00
2.367871736655109860e+00
1.651235053993421520e+00
1.428108216100688388e+00
1.665107211799620401e+00
2.413257489180639759e+00
2.034305600601706843e+00
1.602474102051488325e+00
2.211887660536612010e+00
1.690943934387408421e+00
2.641368289587616935e+00
2.468385371502146430e+00
2.068021388775044045e+00
1.635619110060137160e+00
2.339292221537940808e+00
1.528887073584101586e+00
1.457829277185852757e+00
1.889903754542341385e+00
2.700890182008127915e+00
2.483887186665351798e+00
1.757977312133175207e+00
1.802614118750490713e+00
1.807105514890273046e+00
1.633324340927980955e+00
1.640399441403973313e+00
2.565936701167455425e+00
1.302538832329179108e+00
1.611935538643223698e+00
2.281702413763164294e+00
1.880553229091077139e+00
1.509700487450835293e+00
2.513358983885038089e+00
1.767379319261582982e+00
1.759046458254553080e+00
1.803989639006644774e+00
1.389028409943806608e+00
2.139077635333105576e+00
2.294530390880389348e+00
2.669237368391653931e+00
1.945587321404445458e+00
2.115650884596502301e+00
1.367106008403594419e+00
1.581119638621515167e+00
1.766005100237737491e+00
1.382828522920976910e+00
1.548553880981025310e+00
1.749299933339029334e+00
2.092928442754702800e+00
1.547265559212385622e+00
1.557667407730614517e+00
1.610958824876409734e+00
1.134526598332401548e+00
2.359388059737721477e+00
2.031414088379725147e+00
1.491257522339940689e+00
2.374748347191260933e+00
2.306202157350807802e+00
2.138264499173874178e+00
1.937574796459562876e+00
1.454145773818585230e+00
1.783775365406807811e+00
2.101717568355386589e+00
2.067634994601441178e+00
2.484107680587053224e+00
1.663325438483403307e+00
2.809370033344115836e+00
1.789804385081479321e+00
2.185512341932347002e+00
2.154026359110777555e+00
1.203426572288717411e+00
2.100350965794083535e+00
1.120009297927462955e+00
2.645605207052169838e+00
1.642527210468036625e+00
1.788823328163142712e+00
2.561413664110125499e+00
1.425115590935647880e+00
2.160737859180396292e+00
2.189884257894490815e+00
2.157076260570033988e+00
2.794540284407393216e+00
1.162691880465920535e+00
2.303216052865933783e+00
2.134409240400255925e+00
2.131536935093897078e+00
1.921818803445863422e+00
2.116026393778891013e+00
2.319240917079125719e+00
1.331734879834490792e+00
1.988429268331542987e+00
2.070550221874182917e+00
1.871858672218724262e+00
2.057288642529724321e+00
1.664727724401080966e+00
1.693697911489822072e+00
1.625318272293823973e+00
2.601826441033683768e+00
1.575831698119856128e+00
2.712706700318391562e+00
2.471042475095694968e+00
1.358791252949159034e+00
1.374171014965249515e+00
2.594657337641259609e+00
1.458917604709941696e+00
1.661392637913035042e+00
2.416878618261431910e+00
1.733391661421227914e+00
1.612491369718175083e+00
2.748897823479327762e+00
1.587180547555365973e+00
1.932097040206348870e+00
2.085524443395741834e+00
1.860669242523193212e+00
1.720558016942053792e+00
1.847509275182539046e+00
1.653296334868467277e+00
2.564796862319083104e+00
1.687656033807455991e+00
1.694637628325314171e+00
2.163064992961805544e+00
1.649332670769113385e+00
2.236513432467113205e+00
2.181880821523273006e+00
1.505433205043227751e+00
2.070244139359671998e+00
2.196002868578562417e+00
1.490881165250170115e+00
2.631484785509640822e+00
1.769353081756463997e+00
1.479409320343706646e+00
1.995093711677832005e+00
2.163237551759245481e+00
2.227270102159551790e+00
1.986890072053457690e+00
1.828675060703347288e+00
2.028944458679783125e+00
1.572249998195009990e+00
1.631479340263984668e+00
1.884541606755093079e+00
1.670204823881395129e+00
1.535829917838798631e+00
1.266108448491213512e+00
1.350776650781577493e+00
1.895948805762888822e+00
2.193172156012669571e+00
2.153705062809227577e+00
2.018799572910098483e+00
2.498267111824275410e+00
1.707469862059020294e+00
1.419112830697303762e+00
1.527387715260069001e+00
2.256526808978566834e+00
1.680448527549092130e+00
1.625809581449468855e+00
2.570771917567010068e+00
2.611310343447292404e+00
2.132672580598361733e+00
2.216574703797434598e+00
2.192362274736114447e+00
1.312090892443379175e+00
2.368228971223295787e+00
1.350123056745123229e+00
1.740900107276260211e+00
1.921052219512658255e+00
2.172879683599552969e+00
1.465697728918679221e+00
1.888283674725304451e+00
2.637747270049315418e+00
2.031113697936876683e+00
2.590140468029081156e+00
1.930854584177960742e+00
2.243338265113412611e+00
2.403570566220309068e+00
2.195824858642934085e+00
1.554164442830355597e+00
1.658939360816836128e+00
1.882122000005258311e+00
1.308964484488495117e+00
2.374437569619474164e+00
1.997490946685687829e+00
1.959940158069066740e+00
1.948430759351796215e+00
1.762221340735622643e+00
2.337783498068818133e+00
1.786927604592927654e+00
1.835821886948530546e+00
2.374826047351635161e+00
1.595095864818187437e+00
1.627241511042166966e+00
2.362293885345669864e+00
2.558790277917839084e+00
1.660086125331899254e+00
1.206286883873470606e+00
2.210388190615901749e+00
2.726484141492940161e+00
1.742458840349445204e+00
2.092609294107897089e+00
2.379721888875359959e+00
1.647800808621314061e+00
1.627249344815427268e+00
1.849776568226050522e+00
2.083949159773215598e+00
2.525973642123099605e+00
2.085049761193073614e+00
2.609926522474988353e+00
2.258440954323996941e+00
2.512884587050696172e+00
2.296184098799727291e+00
1.654597417275322613e+00
2.227639888587701567e+00
1.457136895147799205e+00
1.696869233913448127e+00
2.584248670515680857e+00
1.822089864847650453e+00
2.800880559903590417e+00
2.864865440602010871e+00
2.198692827272616057e+00
2.396921223342203255e+00
1.540059661710169392e+00
1.586154041475009713e+00
1.301764828790908712e+00
2.309018271687765633e+00
2.451671423055024501e+00
2.295657222232849293e+00
1.641815922924103166e+00
2.272417561173294409e+00
1.535985304269297913e+00
2.392243857190217149e+00
1.561746018532267577e+00
2.016824180741380257e+00
2.383978810671221193e+00
1.350593183586803470e+00
1.561291495180412880e+00
2.059017210194946657e+00
1.410442454550412839e+00
2.423630430050888407e+00
1.619973867417408009e+00
2.243335563721359449e+00
1.915273957278801564e+00
2.581935891036228448e+00
2.013560450268385260e+00
1.739005382665013588e+00
2.480220228019774709e+00
2.223228704576391657e+00
1.865453165573721206e+00
2.838514220395369048e+00
2.212666573950758497e+00
1.897008828485774234e+00
1.830227102156879226e+00
2.104192049290044331e+00
2.293969229522643261e+00
1.617709776581465864e+00
1.934288928459983348e+00
2.766339843890791794e+00
2.017415335901453943e+00
2.638650945744790199e+00
1.884551691185679889e+00
2.441005543521515442e+00
1.359424852491917468e+00
1.897182194132682298e+00
2.313975133364768233e+00
1.890028217435689939e+00
1.768302400800851215e+00
1.507512836621146768e+00
2.001760273459229467e+00
1.982512922504077846e+00
2.232724499396788076e+00
2.027347044093109396e+00
2.496983947267881199e+00
1.867996699851336873e+00
1.915974253005582995e+00
1.423267286393160358e+00
2.618221776843650872e+00
1.755553457529989148e+00
2.193936631814248805e+00
2.571350516278740450e+00
1.856138148056419634e+00
1.637316734100308757e+00
1.810588113622245032e+00
2.295684046546564439e+00
2.184439968136518750e+00
2.027701989979036057e+00
1.605362687091271390e+00
2.270168007447638914e+00
1.781686156791370212e+00
1.832353318361391148e+00
1.938102956024232437e+00
2.295327090622834021e+00
2.312303702641874459e+00
2.539475618074479968e+00
2.049267393600999299e+00
2.233465313105421401e+00
2.299643641386671877e+00
2.452515939757006436e+00
2.277898209834619436e+00
2.519549310529787700e+00
1.956547011122756308e+00
2.392130020314760408e+00
2.495058826915297789e+00
1.322325700543334648e+00
1.935657529516552788e+00
2.469333061445697197e+00
2.802437540856002496e+00
1.505884874087602743e+00
2.232486866176915274e+00
2.000210070286214670e+00
2.562512092393125496e+00
2.275613221502882588e+00
1.752356915012188043e+00
1.411307508704952252e+00
2.390450736770292295e+00
1.613540826253028637e+00
2.049365839546203993e+00
2.105919499829560060e+00
2.194401122504245016e+00
2.031466031812000139e+00
2.338527651893070214e+00
1.623491203425706297e+00
1.662621407735978218e+00
1.486296330707765678e+00
2.213915051162139491e+00
2.559594755857154347e+00
1.966371676514938827e+00
2.304681691652308295e+00
1.906332716055997301e+00
1.453925598750071213e+00
1.964372112807419857e+00
1.651038304589188543e+00
2.829431428466214093e+00
2.025525081119583959e+00
2.042302461864052177e+00
1.981770838178536387e+00
2.454344846403174074e+00
1.337577021686392476e+00
2.207263523829404051e+00
1.602108321375233402e+00
2.868965917240575259e+00
2.636702693202352954e+00
1.922181333464291875e+00
2.033228411774302025e+00
1.632511367520179446e+00
2.498938678980020089e+00
2.383759060039271294e+00
2.493091099468526473e+00
1.735544894818903838e+00
2.412535343830662704e+00
1.718158537838887501e+00
1.985279354060693890e+00
1.768753194348907654e+00
