1.940242075209671846e+00
2.443521346827427720e+00
1.427432935781949519e+00
1.674262271212056508e+00
1.397187397990403479e+00
1.420496999900917157e+00
2.008942892216721177e+00
2.362757877876104473e+00
1.746012182002174562e+00
1.580206924027659277e+00
2.121871333066404297e+00
1.153183438401099492e+00
1.974005625022032806e+00
2.355791252941616953e+00
1.822150662158322554e+00
2.385064813714001808e+00
1.628099600074722986e+00
1.185306227735854145e+00
2.483143846072062288e+00
2.310473046589948343e+00
2.007827783282744250e+00
1.593467438455136609e+00
1.822020386797968960e+00
2.119384891483302003e+00
1.893425660379732811e+00
1.648750344527166733e+00
2.024910182823286497e+00
1.601900350104331849e+00
1.341607511597564528e+00
1.921953277625011891e+00
2.017924918130909795e+00
2.056458406853202803e+00
2.165882812517955447e+00
2.487476574542304419e+00
2.762445929433542169e+00
1.953214251478767594e+00
1.204502564047829960e+00
1.988222183880459237e+00
2.054717745940840334e+00
2.173927068822834929e+00
2.520112042065424163e+00
2.499700375825653076e+00
2.599741545749427729e+00
1.775575292093946267e+00
2.557889471375779600e+00
2.717141214204705335e+00
2.226485567174534275e+00
2.187894760770772606e+00
2.769706546476521147e+00
2.347701341843455136e+00
2.006439673815914926e+00
1.532684316592481721e+00
2.622309167784129702e+00
2.864867590751352999e+00
2.473383551114330281e+00
1.517242191132421869e+00
1.352562182639649446e+00
2.132522030984154160e+00
1.417512590537946870e+00
2.272491817324316266e+00
1.526276742953323495e+00
1.692497979998130342e+00
2.458953826034711021e+00
2.123971703197623295e+00
1.352911097134095186e+00
2.154993682871085170e+00
2.008068838371324105e+00
2.961542582857610739e+00
2.653989935164287495e+00
2.369676848476784947e+00
2.514194552765434132e+00
1.700442214976770394e+00
1.525224993778196314e+00
1.864758268140435771e+00
1.801748260787115363e+00
2.701792568331655264e+00
1.946887961895284347e+00
2.192026191605592089e+00
1.272418531800713071e+00
1.439602717113379615e+00
1.997237933283668276e+00
1.695205551615696082e+00
1.602428706697351268e+00
2.419850192423275814e+00
2.564894330127783562e+00
2.558209873343200158e+00
2.242588909126157493e+00
1.347414187730289870e+00
1.512324895156935023e+00
1.736613865781836630e+00
1.531313577145054339e+00
2.226141916577408786e+00
2.059657196597378448e+00
2.223410458610635132e+00
2.895366198564401472e+00
1.769050172804440324e+00
2.077972284855116314e+00
2.149338236003099922e+00
2.093816815372427698e+00
2.260017665156389910e+00
1.975710627779854622e+00
2.472967879854472528e+00
2.551084569472056973e+00
2.424652342010778838e+00
1.482478555150961386e+00
2.389100209439256162e+00
2.302603925965170717e+00
2.047255691280166268e+00
2.402314383617782045e+00
1.699326910570743365e+00
1.979179815090374550e+00
2.356162705574165628e+00
1.847446547473906797e+00
2.508217403452830396e+00
2.230908003506694826e+00
2.371321253596365697e+00
2.004557230216051700e+00
2.507005019049681760e+00
2.004372829011668689e+00
2.462466075110151031e+00
2.398709460658789538e+00
2.757922223141575202e+00
2.822389162098561499e+00
2.028172343963871249e+00
1.719678656227393798e+00
2.206848189870295407e+00
2.203105288373378379e+00
1.492982240494487911e+00
1.204190855837935281e+00
1.408924575070355623e+00
2.435709840911201240e+00
2.486776616902773629e+00
2.708506011984556316e+00
2.228965368782088952e+00
1.624833681422149123e+00
1.876211799295819826e+00
1.908985059601720824e+00
1.578051275006646881e+00
1.807291968183510900e+00
1.520481148225109269e+00
1.657531928306716917e+00
1.882886649097335940e+00
1.627952164267925550e+00
1.573064704164759853e+00
1.701250732323303261e+00
2.009003475572971986e+00
1.728668849232792848e+00
1.953051436151977738e+00
2.633950060282507444e+00
2.703956619513116166e+00
1.328195125043499347e+00
1.689989948797278929e+00
1.369134192831793495e+00
2.326854701157972549e+00
1.538514171622045845e+00
1.884512107175637885e+00
2.415739822682667626e+00
1.969265208787548405e+00
2.215554337489813896e+00
2.766307438736129498e+00
1.770810684136075119e+00
1.767382557143916122e+00
1.833990050297014562e+00
1.225146667133550693e+00
1.681609181807584896e+00
1.713296859892957436e+00
1.654678647052936880e+00
2.160988856416660830e+00
2.436114019234858041e+00
1.810716627183064364e+00
2.292164602101407489e+00
2.126375185508831755e+00
1.606403629017126633e+00
1.868278062543987872e+00
2.152867081839175079e+00
1.247863077895494666e+00
1.258139073124064033e+00
2.286973909392601367e+00
2.438051915104593625e+00
2.431141082906264295e+00
2.795721038422592564e+00
2.734941121520504836e+00
1.954337170849820060e+00
2.114258406442948157e+00
2.314169024984416900e+00
1.837270601816608950e+00
2.093945712671882120e+00
2.596295113789873099e+00
2.778138160802579915e+00
1.760575808969754963e+00
1.930620679492363045e+00
1.727374120870203589e+00
1.403431146079100467e+00
1.880151507621765861e+00
1.722151335688687723e+00
1.738994360497555292e+00
2.144634373705113894e+00
1.343865608430577563e+00
1.679185824171911978e+00
2.387191696230611004e+00
1.676208964675523827e+00
2.515297533224797100e+00
1.825261023584520359e+00
2.327494797125422732e+00
1.774739488112485830e+00
2.036113176296597160e+00
1.599836809105640967e+00
2.809291542203806280e+00
1.728650480553359348e+00
2.354484172284046828e+00
1.523304491589476228e+00
1.623259171033362147e+00
1.800507700732759009e+00
1.804581247434002611e+00
2.540322524285844707e+00
2.002172931997534988e+00
1.788226176166548109e+00
2.448504199770165091e+00
2.498979815111153080e+00
1.861009184678084738e+00
2.269666775921265867e+00
1.490149679012325201e+00
1.510073452654598913e+00
2.406398707652270375e+00
1.986117232852057990e+00
1.883076765937864661e+00
2.513102215254334748e+00
1.529389623491341332e+00
1.968755348748433942e+00
2.483475175900200060e+00
2.159712231160050067e+00
2.464546190014055504e+00
1.749540117732731881e+00
1.835667439076581475e+00
1.633213036558940567e+00
2.561071408080445977e+00
2.053797414347243500e+00
1.648852419358227461e+00
2.697430287715604003e+00
2.057472081778170203e+00
2.009046107106254198e+00
2.253408875936391276e+00
1.315293332478048693e+00
1.377742561890251238e+00
2.228180781807501010e+00
2.320688476978304049e+00
1.904442126929341228e+00
1.956801773342428552e+00
2.303649524150369832e+00
1.589743509889427031e+00
2.000872886653139116e+00
1.682758136512042091e+00
1.520588272887363868e+00
1.674945527478789442e+00
1.269479172618336982e+00
1.919042119299432470e+00
2.233466615953358492e+00
2.389715183289748968e+00
1.963076014282655102e+00
2.421193329610162870e+00
1.784057596773517940e+00
1.216064850822921706e+00
2.201559580534654614e+00
1.984834789144446887e+00
1.547951972365951390e+00
1.477807734272205575e+00
2.442087476498337573e+00
2.292649853269475457e+00
1.564018459196989452e+00
2.795782722719883040e+00
1.707287399700595065e+00
1.913669419699764340e+00
1.729773147681765488e+00
2.192347202381188964e+00
1.713406278953325534e+00
1.958411117268942903e+00
2.271000534173386765e+00
1.623751034343524857e+00
2.098424878399967941e+00
2.158934385730300942e+00
1.775419977682284323e+00
1.522295853429996182e+00
1.828561624713986422e+00
1.573875869786290682e+00
2.414468814233109661e+00
1.698804243587149543e+00
2.771626472670868591e+00
1.711764290875390726e+00
2.141940223515060637e+00
2.478950041867827192e+00
1.397132812441153948e+00
1.355563702236867174e+00
2.247921918514583339e+00
1.566379025743795728e+00
1.485941544193327024e+00
1.478361542434176945e+00
1.974781332965157121e+00
1.657648004222748828e+00
2.096311700239150255e+00
1.608160792484236046e+00
2.194639156390047141e+00
1.771342300666250535e+00
2.777427168451108486e+00
2.493105390862826010e+00
1.473349182638652888e+00
1.930073529347121397e+00
1.505760723969143289e+00
2.457385217661300914e+00
2.042426700850689336e+00
1.631744909853622083e+00
1.841019453716917997e+00
2.715449500788514214e+00
2.485687063359473647e+00
2.638315096922077885e+00
2.244151288855998683e+00
2.429308677161949870e+00
2.041818143060820212e+00
1.604079785406039127e+00
1.923638059030285952e+00
1.605951367494783177e+00
2.388536285310896012e+00
2.300505378649981836e+00
2.144303113212260747e+00
2.082763923649267213e+00
2.102316879963567864e+00
2.705767384964615552e+00
1.534146216306246258e+00
1.989811262038279294e+00
2.366132798739922549e+00
1.759433275570348787e+00
1.431903047486682290e+00
1.466047433438020464e+00
2.761565167461838222e+00
2.449394006713698335e+00
2.224754961899205075e+00
1.662036018975272089e+00
2.144053362390463846e+00
1.823787050502424067e+00
2.452665629405545999e+00
2.420422069788956243e+00
1.940899519970242570e+00
2.516864999047601970e+00
2.563604170115263869e+00
1.888985351732607842e+00
1.366172588650898412e+00
1.271548362790220210e+00
1.902500964978786069e+00
1.881014196921241055e+00
2.869993948033092934e+00
2.832611010961023634e+00
2.139175336244606651e+00
2.635045242613994532e+00
1.937278102877839636e+00
1.538640763410475065e+00
2.015218643206390325e+00
2.364275522833848342e+00
2.425869842795243869e+00
1.979320330306641118e+00
1.910425842225408122e+00
1.682549135246669936e+00
2.136070347478574494e+00
2.642884744699554034e+00
2.548608929509785348e+00
2.356453921770622628e+00
2.007956945679040928e+00
1.599730428845828056e+00
2.241364424799638932e+00
1.751081608171473292e+00
2.712679136913268341e+00
2.375250757366346832e+00
2.724433598169728743e+00
1.762661465001114980e+00
1.441502799826254844e+00
2.061990601671880086e+00
2.046535579495250001e+00
2.127872468513456905e+00
1.730103074436152522e+00
2.400551446479824769e+00
1.732580542603915585e+00
2.252941315939402944e+00
2.008922017593995690e+00
1.114605021850886057e+00
1.663539901254615261e+00
1.387566611038629549e+00
1.924559612950677678e+00
2.011058050030373856e+00
1.224294343422660525e+00
1.993834192339952516e+00
1.734077825060491573e+00
1.986745666579750935e+00
1.828798479240605346e+00
2.081289103752997693e+00
1.595117537645655670e+00
1.762679223203969858e+00
2.498217673658236215e+00
1.485039019180863118e+00
2.834188256136913608e+00
2.063773756388243008e+00
1.748483566669831735e+00
2.499756785311351592e+00
2.678265563481830647e+00
2.960141974915619478e+00
2.328836622136111423e+00
2.419684168392769230e+00
2.297879670362808380e+00
1.847263753560749677e+00
1.627060780977765742e+00
2.574657415717629405e+00
1.342083449521269900e+00
2.054093385856995635e+00
1.966860992010219800e+00
2.306551616584802566e+00
2.178799952022332675e+00
1.649198559403461051e+00
1.172922110509480031e+00
2.288777713648020296e+00
2.014595575817011763e+00
2.516582251985552965e+00
2.155471038760127911e+00
2.668122482377047966e+00
1.237436766953711409e+00
1.966586973824802964e+00
2.222650784867196805e+00
1.937305541285348154e+00
2.088940769535220010e+00
2.207972840453311214e+00
2.395527361235805230e+00
1.659583139631895854e+00
2.001875229396844702e+00
1.374094890270455505e+00
1.149470638284094015e+00
2.336962208113369854e+00
1.335680384146044730e+00
1.632590669691684315e+00
1.635978471686277746e+00
2.261489070573205140e+00
2.619899303923767686e+00
2.187681585977519383e+00
2.548158126704715087e+00
1.851931478853255708e+00
2.212372958692796932e+00
1.949625040470829962e+00
2.119946309253992744e+00
2.145421546663481838e+00
1.330501634297139413e+00
2.273398221153433596e+00
1.767581290848662778e+00
1.724018269628310840e+00
1.843461727375993675e+00
2.640961995357638425e+00
2.673178716292826884e+00
2.780792308683120773e+00
2.369201920220695534e+00
2.629873136581563742e+00
1.861260348918708729e+00
2.477911693961947215e+00
1.791158174402726289e+00
1.983160379120646688e+00
2.697563210055444749e+00
2.059640873880143275e+00
1.429374996365111006e+00
1.513320338546644495e+00
2.156793416999847057e+00
2.051748281184782474e+00
2.187222303748853403e+00
1.681938267175179469e+00
1.683249141966308482e+00
2.553167283766553552e+00
1.257207824818393105e+00
2.286360656476527531e+00
2.246281001458940718e+00
1.668690778129719998e+00
1.280427177196216126e+00
2.154382145151592987e+00
2.572656383882338638e+00
2.769875801071673749e+00
1.799238898695882050e+00
1.858434816872486017e+00
2.540397246508167228e+00
2.364843466823103757e+00
1.304133108429335497e+00
2.889389055557217922e+00
1.416762028228666370e+00
1.560354073197517177e+00
2.695049455608253375e+00
2.123794689648361711e+00
1.525004544461427081e+00
1.744122657964369161e+00
2.501904995762266548e+00
2.443102987048549224e+00
1.753445068228455916e+00
1.673861987099758197e+00
1.636312319912289759e+00
1.735134804734383529e+00
1.910155820685793149e+00
1.752309338614842726e+00
2.461202653469590107e+00
1.935028132343785678e+00
1.687575709370850774e+00
2.104557466275571720e+00
1.514131484620534263e+00
1.630725589825670285e+00
1.653779834760041867e+00
2.278241808130605062e+00
2.875297551990218636e+00
2.341937714238030210e+00
1.564135137388043884e+00
1.827842122943877934e+00
1.918249965537559332e+00
1.922342147219588515e+00
2.382192694107533981e+00
2.252466726606345393e+00
1.368635940166849529e+00
1.914646591319917324e+00
1.856087176785366166e+00
2.749813586065034343e+00
2.682115494318624727e+00
1.559959064079255109e+00
1.803689866680020959e+00
2.046477537306682581e+00
1.314143394472099269e+00
2.308537049054607770e+00
1.815429649762261954e+00
2.349900434759586432e+00
2.417164409548531179e+00
2.544232928011809669e+00
2.198219078267237947e+00
2.072840221667543226e+00
2.552408498277211280e+00
2.177483516874703540e+00
1.875632585421341147e+00
1.967539721712390666e+00
1.881224810493064226e+00
1.799513267452218290e+00
2.516331880068181093e+00
2.132428254016270230e+00
2.508791804207310072e+00
2.182270487958707594e+00
2.181361266366099727e+00
2.272233452554230038e+00
2.063644226592478592e+00
1.538901507545532343e+00
1.930977957938871725e+00
2.051892101614724240e+00
2.378405396530480775e+00
2.082849903130173264e+00
1.905330790285487241e+00
2.028694311603504996e+00
2.561278343788003120e+00
2.443243304985269315e+00
1.855690144772748518e+00
1.708270184048789053e+00
2.054238085493110599e+00
2.069116987408767372e+00
1.921724250515943755e+00
2.432102673720854646e+00
1.596529928642394403e+00
2.282941257668165136e+00
2.669517175280811117e+00
2.145859784200255138e+00
1.337691822653724216e+00
1.733439272275152376e+00
1.527641718044148167e+00
2.497290610640344077e+00
1.715459253273127427e+00
2.370864442680512330e+00
1.669101062116536749e+00
