1.799312745666636237e+00
1.954100991774939899e+00
2.379509471297174272e+00
2.345857112645794107e+00
1.567308575049696007e+00
2.338950094381641698e+00
2.714374812502486023e+00
1.610268036841689732e+00
1.623622016651122379e+00
1.354618203126139120e+00
2.316240764967382404e+00
2.021042572423294104e+00
2.063930242485783939e+00
2.319251757441838535e+00
1.959101395928880551e+00
2.519222388708035609e+00
2.054621480845781889e+00
1.563878178703514088e+00
1.689732500370732637e+00
2.206643654772699747e+00
2.315300466437680171e+00
1.977875652218585190e+00
2.327395548565649896e+00
1.982101022992009964e+00
1.264603937597861494e+00
1.945291575116014915e+00
2.468250639228944721e+00
1.301554567078154978e+00
2.291736815838056884e+00
1.920168942469418383e+00
1.789699233463310613e+00
2.149139298012220145e+00
1.589206849431142654e+00
2.357877274681112745e+00
2.348416156238033903e+00
1.476055399552594238e+00
2.483405024132439465e+00
2.075346630939817416e+00
1.828354697842923038e+00
1.964920428643369021e+00
1.598550659544029084e+00
2.147892966462830788e+00
1.922591426114341306e+00
1.793501826592724946e+00
2.549303594641671999e+00
1.327582082259057827e+00
2.034691771264137472e+00
2.028250516192821262e+00
1.394035283649358137e+00
1.597902139090642493e+00
2.214805113574336293e+00
1.980451484672961282e+00
1.741623140943782566e+00
1.960962239229339321e+00
1.608451947939404825e+00
2.437401623690294450e+00
1.430224555025795485e+00
1.277722197723909936e+00
1.378450437953589791e+00
1.342787585982922138e+00
1.305928589115565197e+00
1.760115115036138711e+00
1.589449643864310424e+00
1.890083822479604159e+00
1.753344219795290426e+00
2.021234324093764911e+00
2.216049291102446084e+00
2.624184673276233504e+00
1.872111623358091004e+00
1.468574732917276471e+00
2.075199347887227042e+00
2.159133449473940480e+00
2.582573039172378682e+00
2.658297738223818651e+00
1.876501476584854888e+00
2.850166384629810423e+00
2.007161549066644568e+00
2.594492721361912224e+00
1.795799559670799184e+00
2.291714708071590501e+00
1.684703130800798032e+00
1.640688580308709010e+00
1.883684778045808361e+00
2.726843398770322224e+00
1.478714418686916332e+00
2.711747673601585085e+00
2.521088322186911590e+00
1.805755588609210704e+00
2.463985153903960779e+00
1.918045739306075692e+00
1.218072101690739872e+00
1.493719511128077215e+00
2.330512623627786883e+00
1.305734273711453453e+00
2.790179725167235780e+00
1.819589656080444762e+00
1.888676271525316031e+00
2.437991023179059802e+00
1.895269046408022851e+00
1.600774165811079008e+00
2.716566780043665030e+00
2.302999395136204885e+00
2.139497546304414133e+00
1.708337454044096315e+00
1.049652366435571471e+00
1.094988959733469214e+00
2.253093550906193787e+00
1.191716324196994137e+00
1.367142031217971621e+00
1.864546840022875740e+00
2.893464885074335413e+00
2.484762768990399273e+00
1.928598237498278412e+00
1.153500965595942951e+00
1.349200677490401734e+00
1.712715696425060941e+00
1.175293373428568655e+00
2.197483203700850041e+00
1.980305504286143270e+00
2.386475098579729170e+00
2.775053722845413517e+00
2.690152234978235413e+00
1.648542775556592233e+00
1.769525501108846210e+00
2.041790640275435997e+00
2.638121328066873605e+00
2.316459255493576563e+00
2.050808858832422032e+00
1.441051105329869575e+00
1.872334719055614993e+00
1.592643341391521750e+00
1.793314110386554860e+00
2.452463011063545917e+00
1.922651700772749273e+00
2.012731217013953078e+00
2.001011669769694912e+00
1.589235532194638090e+00
2.536165388394306941e+00
2.700841053394863245e+00
2.097262402601381304e+00
2.165785497124439907e+00
2.153221772581173532e+00
2.450852515047191815e+00
2.359378186497921526e+00
1.688002132389220034e+00
1.810466828568265907e+00
2.603422118810189811e+00
1.449940190317537514e+00
2.422341370202818922e+00
1.642667765537618063e+00
2.282737319241542995e+00
1.846277646030321851e+00
2.155031270875696681e+00
1.732949755782129397e+00
1.543671280516446975e+00
2.054354621327591168e+00
1.538499105876532713e+00
2.092130902045451712e+00
1.386478646140893556e+00
2.082966397297607575e+00
1.581549333138587254e+00
2.299562925773452449e+00
2.021993060781719365e+00
2.575356827837252727e+00
2.105277588623098772e+00
1.768107923826058192e+00
1.784690303181068360e+00
1.632543058048197659e+00
2.467635168438545801e+00
2.205821117334170189e+00
1.955862326214404590e+00
1.929884587347024283e+00
2.723695410433364827e+00
1.423811256954053972e+00
1.779344392733187785e+00
2.019059108573950656e+00
1.599424150386816290e+00
1.952736209481422680e+00
2.255799553010656489e+00
1.762394422541719408e+00
1.825807044312418137e+00
1.352524676323476616e+00
1.604888208665352423e+00
1.708715302964869176e+00
2.300971674576003601e+00
2.486872308924121810e+00
1.373750714207995438e+00
2.058893329145766060e+00
2.035938150233319810e+00
2.129624760329737576e+00
2.036440158373669540e+00
2.394724902595404270e+00
2.295920528157194163e+00
2.206151453270734919e+00
1.204088200470238013e+00
1.839398579516848375e+00
1.741710363237852111e+00
2.277124606296127229e+00
2.631263054492782416e+00
1.905867576394686180e+00
1.509751816568251304e+00
2.752481520506547596e+00
1.505828214871223869e+00
2.360636534455744950e+00
2.058454505914162347e+00
1.838113849144143552e+00
2.009995749500856910e+00
1.470500049964192257e+00
1.696711682377598063e+00
1.549597400716760109e+00
1.693664049160356067e+00
1.361794269284394066e+00
1.971433496458512069e+00
1.430008251854287593e+00
2.406422721979536661e+00
2.042184273831182395e+00
1.659252947005610324e+00
2.254240101368095495e+00
1.799177736902472624e+00
2.690923379773743296e+00
2.195912188555672273e+00
2.358993265943052364e+00
1.773245535108291193e+00
2.765065303409134145e+00
1.415216888139628537e+00
1.166850284384458369e+00
2.189091897070277071e+00
2.000927231426191000e+00
2.207089621339950014e+00
1.990333578870164821e+00
1.882040122762638212e+00
1.423055442793494940e+00
2.106530119353334563e+00
1.771249218374398415e+00
1.760422591558238992e+00
2.497574728831045476e+00
1.550468739289110331e+00
1.864380905824070345e+00
2.072144648215075158e+00
1.777019236399381086e+00
2.043782162053914497e+00
1.961813641357968319e+00
2.202640516607949017e+00
2.324326592330841823e+00
1.934132722024519246e+00
1.849570928638091694e+00
1.969070710943227276e+00
2.597587920218948465e+00
2.250426097494543143e+00
1.704790671740835206e+00
2.039465378425325603e+00
1.872316575395202243e+00
1.945774269065599249e+00
2.365737566286579607e+00
1.370205828333668219e+00
2.193202925464818875e+00
1.336251470900072569e+00
2.053600252290394224e+00
1.733320828222251642e+00
2.761117147555756546e+00
2.660467227062870421e+00
2.361536948839149996e+00
2.497075169333799138e+00
1.281266644642471420e+00
1.436394282647417642e+00
2.591076927224719384e+00
2.538529476831173248e+00
1.555339875356650081e+00
2.259410148490469616e+00
1.777232068501199080e+00
2.430364019969370570e+00
1.455306642292671260e+00
1.688032676333770521e+00
1.972665186078937705e+00
1.905347551090154745e+00
1.783838751150433666e+00
2.129181982334742429e+00
2.372436310591447661e+00
1.474066171079435161e+00
1.729052807103498957e+00
2.230713385253548786e+00
1.361195351455745328e+00
1.997728482021372542e+00
2.372750718299253769e+00
1.708607513305169245e+00
1.615683375884523709e+00
2.278814484848567190e+00
1.085081821858590256e+00
1.208140430555591394e+00
1.857256650941578657e+00
1.222914033078942087e+00
2.128532181804617895e+00
2.155040491499526922e+00
1.660223229639107068e+00
2.252098417246328310e+00
1.623154300033320840e+00
2.643549366032437842e+00
2.185385367493629882e+00
1.485317787775527254e+00
2.124148142754774149e+00
2.446676375138945314e+00
1.129649582222818083e+00
1.765049880322718590e+00
2.188162628427870793e+00
1.636286380141501295e+00
2.135651194404442954e+00
2.118643209129613680e+00
1.868518278287100820e+00
1.947852456581778968e+00
2.375578644572794218e+00
1.794091930535247847e+00
2.522223507216179605e+00
2.119065633075186916e+00
2.407539608750057347e+00
2.491202029164008458e+00
2.134285166988187044e+00
2.779639008804574818e+00
1.862408244321068551e+00
1.837519703925655001e+00
1.235340700350705312e+00
2.133824829588334637e+00
2.577317491022212970e+00
1.340666663285643878e+00
1.561365315499381401e+00
2.057571808302406158e+00
1.842408246501752833e+00
2.407185548175057477e+00
1.268863465524489698e+00
2.513975091201414713e+00
1.635265810524227259e+00
2.002714857382671187e+00
1.970299782643402109e+00
2.544067321564883244e+00
2.641048023682292190e+00
2.637578678141130339e+00
1.859685777437151355e+00
2.444833507813310547e+00
2.119822497289451491e+00
1.781577925686984365e+00
1.797545859014845870e+00
2.160890315171466458e+00
2.065508348400422634e+00
2.157584674435971017e+00
1.345051869091138386e+00
2.455486872322708791e+00
2.391277543124702643e+00
1.709918458745451675e+00
1.437891813333632252e+00
1.997321095305233385e+00
2.086126338994235496e+00
2.361681905612182941e+00
2.492898431681219051e+00
2.081479270560546269e+00
1.520929658658410677e+00
2.070959253535851641e+00
1.972022443090430066e+00
2.189815104749058161e+00
2.546829023335883235e+00
1.922857657515831598e+00
1.751531233691873801e+00
1.908746833497741324e+00
2.349101168149242191e+00
1.793794596930613938e+00
2.385353380780340871e+00
1.443756215912754826e+00
1.907633919538546330e+00
1.801518430027944984e+00
1.578227310864843025e+00
2.253568992259324055e+00
2.099810811714895920e+00
2.621199508317391569e+00
1.922684526823331908e+00
2.074456526433934300e+00
1.479079173896423960e+00
1.947430546557941788e+00
2.093725769737401876e+00
1.407946195768810416e+00
2.466733616963798781e+00
2.405569521295886304e+00
1.702576435423323709e+00
1.509400263268960263e+00
2.081586188736213483e+00
2.621231618718825374e+00
2.566468274540866901e+00
1.386808295074431374e+00
1.958859067987562819e+00
1.545160378344853314e+00
2.091672907706159101e+00
1.625660902780349026e+00
1.428491520943036441e+00
1.921827812568102090e+00
2.042818507786436477e+00
2.049153506836463023e+00
1.809068781396429682e+00
1.073029539230239582e+00
1.461709524627288204e+00
1.556260569529468896e+00
1.701572689681488448e+00
1.492675077395775762e+00
2.609045213430649213e+00
2.266926443412636161e+00
2.192846511295356127e+00
2.400755929267972100e+00
2.808180034702730588e+00
1.644312404259563598e+00
1.441672336366877527e+00
2.413594451122146545e+00
2.322773810037767728e+00
1.952235108854457835e+00
2.335104616189252802e+00
2.582224444316698175e+00
1.185917478572900086e+00
2.359589045917849681e+00
1.579439656986938223e+00
1.464062523911329627e+00
1.704543844374076578e+00
2.495969099895132715e+00
2.223292214459522409e+00
2.247436202605972433e+00
2.157200194211165822e+00
1.376631865690229439e+00
1.408498458642076789e+00
1.945081656680923032e+00
2.387331208784007508e+00
1.681607045501652520e+00
1.736606780248034054e+00
1.282737912367080790e+00
1.942951074331987327e+00
2.895625069679536256e+00
1.630436896839977390e+00
2.087296126451062328e+00
1.996037304621213204e+00
1.495026822515304277e+00
1.637855867792009867e+00
1.579590382495414946e+00
2.134026660113362617e+00
2.619408237089167812e+00
2.188294779088474140e+00
2.082172429397067148e+00
2.417397445376295195e+00
1.943688645107884749e+00
1.106408933458083332e+00
1.789252829663273037e+00
2.019208067635159143e+00
2.008195478836064751e+00
2.191022091894783586e+00
2.071020032063823457e+00
2.197557129160510936e+00
1.177220031242316889e+00
2.025422325006599689e+00
2.608960959126179979e+00
1.954928481354372583e+00
2.271027764935077187e+00
2.465086137218674534e+00
2.645602168124654874e+00
2.569560469487699450e+00
1.455566823552719935e+00
1.752442552466138004e+00
1.716565180528312640e+00
2.024558183049957272e+00
2.339879476996086893e+00
1.738014678186384776e+00
2.150071400401240673e+00
2.489386374769033239e+00
1.720842051580860010e+00
2.428676796011942862e+00
2.099527106029565715e+00
1.776477862547980013e+00
2.180656276789575188e+00
1.548211022025325789e+00
1.657656984856092253e+00
2.358058229017710339e+00
2.814039991052828871e+00
2.071594689329226302e+00
2.558689821834540634e+00
1.788514409299744035e+00
2.198102245156790424e+00
2.458211135809305059e+00
2.448919108393668775e+00
1.460405218277680994e+00
1.819800540417127355e+00
1.623982548742959997e+00
1.815525466904449825e+00
1.512538201482851452e+00
2.307520901842444072e+00
2.210915569892240917e+00
2.484830396508923123e+00
1.789661016989177567e+00
2.459933029941376859e+00
1.494840995284708152e+00
2.112256504070133545e+00
2.304700917851237651e+00
1.878774652328620176e+00
2.156077488471884074e+00
2.018308407044851815e+00
2.476445468868647914e+00
2.566212778254610249e+00
1.656455923835854493e+00
1.304150484936031251e+00
1.771390902157778058e+00
1.757372575273342008e+00
2.193738448230055038e+00
1.695233915573580052e+00
1.355330121008729405e+00
1.297689577597461286e+00
2.172218741429253974e+00
1.947142361495288299e+00
2.305537252986763264e+00
2.427294720417917162e+00
1.939545899032561582e+00
1.684967585336708540e+00
2.699091264017997371e+00
2.664890148509821088e+00
1.814187100404954567e+00
2.053873873243710069e+00
1.671708604839988288e+00
2.540066822694186044e+00
2.329279668229341738e+00
2.569183703652771822e+00
1.916852645697980861e+00
1.399186086177253152e+00
2.233324801271383997e+00
2.250365207554308355e+00
2.608059575910351757e+00
1.736473355577879518e+00
2.393811553221063981e+00
1.293657521843456726e+00
2.590762203498984562e+00
2.131319866594680867e+00
1.856365185500284731e+00
1.610114893295091054e+00
2.224330724389173231e+00
1.604727669060615369e+00
2.520921270194540043e+00
1.353884162428291349e+00
1.882145495446804206e+00
1.693561784778398138e+00
2.026704484945505591e+00
1.874870224591765222e+00
1.928633079623872870e+00
2.066896254173068215e+00
2.417312071946075225e+00
1.982644763088200257e+00
1.897507584683454818e+00
2.448907982206861789e+00
1.745874860776335691e+00
2.710013660518328038e+00
2.111532213048183060e+00
1.663665156117733801e+00
1.221956882816182643e+00
2.178565160915223675e+00
2.069860992832985858e+00
1.539567076624809072e+00
1.713965151228572514e+00
2.027981361995915499e+00
2.145201777734398796e+00
1.772663152855895596e+00
1.630208892333870452e+00
1.494164333481916795e+00
1.934877991265239183e+00
2.587910811311282977e+00
2.091565244543150737e+00
2.057531685845496838e+00
2.505150804168177814e+00
1.292186309001400080e+00
2.002832240546998932e+00
1.861598675725122387e+00
