1.813553482356857316e+00
1.741136171470168303e+00
1.990164134021541464e+00
2.226855480638186613e+00
1.519673222115617062e+00
1.868113873064749075e+00
1.566503908022310654e+00
2.059431976493529159e+00
2.251506017896796941e+00
2.609735085171941638e+00
2.511273324944081953e+00
2.490114775294570038e+00
2.387830033759490878e+00
2.594668886966209342e+00
2.379991357936006580e+00
1.180765618703276232e+00
1.720021385385113177e+00
1.365399333603935172e+00
2.643955052468254685e+00
2.318098441215527217e+00
1.928599239191568060e+00
1.782396565312787562e+00
1.843567806766063910e+00
2.120661473935059327e+00
1.409623802822634442e+00
2.280052212982921933e+00
1.348358189710891608e+00
1.240935250368251808e+00
2.512278692770992805e+00
2.325351132264688481e+00
2.767050646025512428e+00
2.881029028315875706e+00
2.817083433321216912e+00
1.518746709214706225e+00
2.454080698707806540e+00
2.533400199100329431e+00
2.500044947228221570e+00
2.545400407044354996e+00
1.901896671232181202e+00
2.630430877580722360e+00
1.544915053161981522e+00
1.631294641137171375e+00
1.667507112841657868e+00
1.442110465673880793e+00
1.372527575970755587e+00
1.740149012066304124e+00
2.033429482177236736e+00
1.590335922668252522e+00
2.333333971668721585e+00
2.081563147616402265e+00
1.559799418520412262e+00
1.308394571450433030e+00
2.185881294162079325e+00
1.438740347689924537e+00
1.268740774158327644e+00
2.038775757234499331e+00
2.074991694361140837e+00
2.734639903144878481e+00
1.803072146444494317e+00
2.570515029890583669e+00
1.678265907279326008e+00
2.061129372903659274e+00
2.043194753616103476e+00
1.636777409196241262e+00
2.123353889927996896e+00
2.166922565282223712e+00
1.976411102422587440e+00
1.869289093913674593e+00
2.308840540114269757e+00
2.302133447753263340e+00
2.004600561930658831e+00
2.217497079510646785e+00
1.791301761476980392e+00
2.321914754984693907e+00
1.419239476652281784e+00
1.704262960030857643e+00
1.475023905397756074e+00
2.118048776653970400e+00
1.787364564078457008e+00
1.735457185949770054e+00
2.559412795450718647e+00
2.970156720944341799e+00
1.535475526332323426e+00
2.331825848389963873e+00
1.299793136652479086e+00
1.889205113711798223e+00
1.280062206115461398e+00
2.243975119145869002e+00
2.291187997541165977e+00
1.740645067404505530e+00
2.361592903191414461e+00
2.053165714360567939e+00
2.476794406313317154e+00
1.672036425749189092e+00
2.273421841074750205e+00
2.595938533523172609e+00
1.889361566985534591e+00
2.366718497771371332e+00
2.434530523661490253e+00
2.253510343135852523e+00
2.139154445080055034e+00
1.883474765486723879e+00
1.345247732480023828e+00
2.627429104057957598e+00
2.781712392642972986e+00
2.045320627523993018e+00
1.936390739607417810e+00
2.381146363470622696e+00
1.508223206870304534e+00
2.264983690030366148e+00
2.118458827067452699e+00
1.406080277640904264e+00
2.169145840624738142e+00
1.998259998544958282e+00
1.960102939494954288e+00
2.002517150963352144e+00
1.537186919923474671e+00
2.163332708727083720e+00
1.069713920645509964e+00
1.979635389363580522e+00
2.079802807772877848e+00
2.358142916327390815e+00
2.359915312491434491e+00
2.111142337127460245e+00
2.140708624099807444e+00
1.160798136115531287e+00
2.439132077583280100e+00
2.226928079677402472e+00
2.205469240827385935e+00
2.454166978102770180e+00
1.566766966883812673e+00
1.884623095102224699e+00
2.722872900933283713e+00
2.347805207241227876e+00
2.245217119414461671e+00
2.491650901166325482e+00
1.877070817095367161e+00
1.813323333372804935e+00
2.032025340112836531e+00
1.778173694972776886e+00
1.876818980047834984e+00
2.814012492558268352e+00
1.973691627722643727e+00
2.414368644443988465e+00
2.074807083519143003e+00
2.679188191757242432e+00
2.166384948866656668e+00
1.337195913080238441e+00
2.523366239220562690e+00
1.909926294282675130e+00
2.390021958868745244e+00
1.808398130690820782e+00
2.511361013958944177e+00
2.384981870573875007e+00
2.369979186598431653e+00
2.547231278008121880e+00
1.857825191040960000e+00
2.657778666832416370e+00
1.727585426505734212e+00
1.970863076797078284e+00
2.232056655154842417e+00
2.172769830615865594e+00
1.876948385289862298e+00
2.278733320899886117e+00
1.591965133934706733e+00
1.729351005366728256e+00
1.196650200137019171e+00
2.431207439085094180e+00
1.279530691051998570e+00
1.339103627688674525e+00
1.594624715236516721e+00
1.861707389359526843e+00
1.761598295180786700e+00
1.342228555979579019e+00
1.645959660782994938e+00
1.992523729126072229e+00
1.424141145442143541e+00
1.692939941202720844e+00
2.493076467732182167e+00
2.353263027270281249e+00
1.912070564738058920e+00
1.712796995293285107e+00
1.887244411981760850e+00
1.654622569013952882e+00
1.791071048634592655e+00
2.386272351338991182e+00
2.838490487452848932e+00
2.462662967023646843e+00
2.086259429991786263e+00
2.939693767536107671e+00
1.986008212561002573e+00
2.796541971916564506e+00
1.619578694131177832e+00
1.390295831133834703e+00
1.360528062312320596e+00
2.134781567959545434e+00
1.591696305957043034e+00
2.051323979638875805e+00
1.878745635517774071e+00
2.715852549077815148e+00
2.573854585569700149e+00
2.596732410855021378e+00
2.363730779809867677e+00
2.278785553022355526e+00
2.867632256473999774e+00
1.278896060098716037e+00
2.747007652163529379e+00
2.101930546625635721e+00
1.779675563749709699e+00
2.073440535258553652e+00
2.286319648308643870e+00
1.611156735919346605e+00
2.645506956559314560e+00
1.844494793106736363e+00
1.427589684282303040e+00
1.407744610391821638e+00
2.223281585511877267e+00
1.798562253602020933e+00
2.442718371381988884e+00
1.303582333221147138e+00
1.708826225821951983e+00
1.453860027205838179e+00
1.413394437192491360e+00
1.453501685042397629e+00
2.269113188021033345e+00
1.994848811555977486e+00
2.339621465742727224e+00
1.681319951487417530e+00
2.111723219019242315e+00
2.408127045008811251e+00
1.660130564652189555e+00
1.548248759000860897e+00
2.366738798618519546e+00
2.184287957693890725e+00
1.808699911718805176e+00
1.404033327034093448e+00
2.352530139766135342e+00
2.417646958771387133e+00
1.632409003412907955e+00
1.418473644264633737e+00
1.531029559705336052e+00
2.263316946693508136e+00
2.841193703319373931e+00
2.340898120320476394e+00
1.677071284371158821e+00
2.360474367080313662e+00
2.528265460329339298e+00
1.475204262496892849e+00
1.758221572651759379e+00
2.066742032831044185e+00
2.430705775723201789e+00
1.518123157413502122e+00
2.329510600771113715e+00
1.329145764458868673e+00
1.524233485426915280e+00
2.056900584905961615e+00
1.361456584922306590e+00
2.470996031277790994e+00
2.378539831565736229e+00
1.516984877033414225e+00
1.941994077823493869e+00
1.863995016819371742e+00
2.200397953097041004e+00
2.273694460925821836e+00
1.649663662624516913e+00
2.436110476467544750e+00
2.301449345936145363e+00
1.627327593543008710e+00
1.682910024151889727e+00
1.660660412692436472e+00
2.496993952673431050e+00
1.510456347508166486e+00
2.082210741769876527e+00
1.524761883851407873e+00
1.501057586580408998e+00
2.041913235848344943e+00
2.035782672729109066e+00
1.895063480143983181e+00
1.273372661022986962e+00
1.953357197984217031e+00
2.080462230169074278e+00
1.666382650070667992e+00
2.303207067488893589e+00
2.497983714185925130e+00
2.074884451110028394e+00
1.668551296109661575e+00
2.250830528756177173e+00
1.817437053444192596e+00
1.803735049368358379e+00
2.318989598743716130e+00
1.343659659775154225e+00
1.434015286422160251e+00
2.058087933450000406e+00
2.436922693925691163e+00
1.420436691127499484e+00
2.428418984024816929e+00
1.750628398864712443e+00
1.798958116146687658e+00
1.611267786198361973e+00
2.581392040047530756e+00
1.822510189080575049e+00
1.714676934043818601e+00
1.897417675874834675e+00
2.156947615399874785e+00
1.681654821124427102e+00
2.112065208054052512e+00
2.500572593403762589e+00
1.363739258310814551e+00
2.227053852572680626e+00
2.348339122763852593e+00
2.056291890207377904e+00
1.316623214249013074e+00
1.457856082154053379e+00
2.391164176896293014e+00
2.217694383238188571e+00
1.424832649189584854e+00
2.123974730244480469e+00
1.614071948882395802e+00
2.439527233950592233e+00
1.472087513443024243e+00
2.392327912119694311e+00
2.434662201182289820e+00
1.453530848861853686e+00
2.206696894271952925e+00
2.142917430961416514e+00
1.781514321065784667e+00
2.071710458005649791e+00
2.630943836491771215e+00
1.120567257024619678e+00
2.438529838116202164e+00
1.591375769793678119e+00
2.062967188669346363e+00
2.110726905982238222e+00
2.157538158253603289e+00
1.448153907548891173e+00
2.787983713947085107e+00
1.549046368235428073e+00
2.091983994137412761e+00
2.534368985665786056e+00
2.217587127875061181e+00
1.487533974186106001e+00
2.666615299006629858e+00
1.287691652724534119e+00
1.744720091258505246e+00
2.515825900434089935e+00
1.894390835366545733e+00
2.159234189751358279e+00
1.700032956286266383e+00
2.099030583481785506e+00
1.725712606217398193e+00
1.570094907790168692e+00
2.207666651347608866e+00
1.986344199836634683e+00
1.866468504231393766e+00
2.261422586690817305e+00
2.535838273978340496e+00
2.675642921081596626e+00
2.579048841635816380e+00
2.393221852982654774e+00
2.053776407762714307e+00
1.742818909845760489e+00
2.373524834807591244e+00
1.456967197151737059e+00
2.293186429628321310e+00
2.158566175012626154e+00
2.626725018575095660e+00
2.154207689479805232e+00
1.817836039957025918e+00
1.974127246118658530e+00
1.305522590913729797e+00
1.862187531147101893e+00
2.349231409879157795e+00
1.360783426073377989e+00
2.003657108852944013e+00
2.010717891447955985e+00
1.902197978330057770e+00
1.797269708948713074e+00
1.698284511956413168e+00
2.929335756217337661e+00
1.761326894529630316e+00
1.897653488732320870e+00
2.125503650704620107e+00
2.139266099453127623e+00
1.747570516994003675e+00
1.869805000434797915e+00
2.517190255955020106e+00
1.678127242388419482e+00
2.205451670101087558e+00
2.105423431439579218e+00
1.327288832010979691e+00
1.962303081932886828e+00
1.300743028524227185e+00
2.780104867506088873e+00
1.645703037761983900e+00
1.710986757127165969e+00
2.025345920011585754e+00
2.267785243744958379e+00
2.187548994896877819e+00
2.385174460110700778e+00
2.452819761767933926e+00
2.032979155459873510e+00
1.594247524141166217e+00
1.280602555391681774e+00
1.413023511904943463e+00
2.167374205346039417e+00
2.338007996274069633e+00
1.837766166564278159e+00
1.916045460968551328e+00
2.320808029739181322e+00
1.688600167206806724e+00
1.884217615500670240e+00
1.850918191110810351e+00
2.126285690198845835e+00
1.401515330363810818e+00
1.596226216907829176e+00
1.548943088260347878e+00
2.443099176278172191e+00
1.443267770587425503e+00
1.872075640354242454e+00
1.962040344037838224e+00
1.837967392506459907e+00
1.707020519155777016e+00
1.767663038069426040e+00
1.758289868328461125e+00
2.532051001336997231e+00
1.825764196771382686e+00
1.474210132757995062e+00
2.296981593646045816e+00
2.097537203482961132e+00
1.713277290601620706e+00
2.353371906714402328e+00
2.410556222830588791e+00
1.434030000220642531e+00
1.936424545514983553e+00
1.841194299646916832e+00
2.096322203743954393e+00
1.168406409365123189e+00
2.209300071361311346e+00
1.768418123217236682e+00
2.493251850727942198e+00
2.193768322211396171e+00
2.056836011136817799e+00
2.066638183881516433e+00
2.187974165580683028e+00
2.147453002738425099e+00
1.394223206336454357e+00
1.380219818443443547e+00
2.735816391614359411e+00
1.842653591598262253e+00
1.661361326213902423e+00
2.901828019857627616e+00
2.362304301197053924e+00
1.967239517563037499e+00
2.702905580312183531e+00
1.410678873702426506e+00
2.521410404018425311e+00
1.841610238455495763e+00
2.577821361014118295e+00
2.126250754457913228e+00
1.936372316829059415e+00
1.376854847965712558e+00
1.696169188001500627e+00
1.929465530508759574e+00
2.026394447179352021e+00
1.802301451148609068e+00
2.563860904156898712e+00
1.931519944501482566e+00
2.469094548446196136e+00
1.306883521133145765e+00
2.261398133766281404e+00
1.685924703079812126e+00
1.836044969890271439e+00
2.268811512971218747e+00
1.996451364743601520e+00
1.744057511390030513e+00
2.342270342592011723e+00
1.283318307096817712e+00
2.490284991448954877e+00
2.549987364982956528e+00
1.967891236377563358e+00
2.234727496605980690e+00
1.694461406667886028e+00
1.908228005140698347e+00
1.626283549028697539e+00
2.080901238669739861e+00
2.673418805049199598e+00
1.400141213187429567e+00
1.454258871952414101e+00
2.545857605713737648e+00
1.742395270421504438e+00
1.453149929282053776e+00
2.389244774496471102e+00
2.220214197202019513e+00
1.767567393025682776e+00
1.332309276598760306e+00
2.304023686698217777e+00
1.940577724532261961e+00
2.289090129923049943e+00
2.090713099557246046e+00
1.922120772607339045e+00
1.451621696118031046e+00
1.073750990173315101e+00
1.962445202410247003e+00
2.462736594715118521e+00
2.404505416802920070e+00
1.845539263248441086e+00
2.005796319771981473e+00
1.802900804771994547e+00
1.923849558950520233e+00
2.608983689212582391e+00
2.297132660393489623e+00
1.728506842275014055e+00
2.336868717035214260e+00
1.592673791003780259e+00
2.218689351873354809e+00
2.199163807866955977e+00
2.545117565217710265e+00
2.462436070085374684e+00
2.721382080265244419e+00
1.744643646128555492e+00
2.584582550174064686e+00
2.684960424078834507e+00
2.096895287239690653e+00
1.959203964461060821e+00
1.765063945226017506e+00
2.368761524632866156e+00
2.233142313073223306e+00
1.633851761703408290e+00
1.369561819870749320e+00
1.722108401061579031e+00
1.668266154206365703e+00
1.887283500279628212e+00
2.198621200559839117e+00
2.618044496730257187e+00
2.436527434346724696e+00
2.014031962920639351e+00
1.889431903829915882e+00
1.982305042885557533e+00
2.309137679744910354e+00
2.531871013495134548e+00
1.647428677756789028e+00
2.060337565741447108e+00
2.273136999554619564e+00
1.693069571460706690e+00
1.798881253733754626e+00
2.140858173279502008e+00
1.802313041167410201e+00
1.962361250369393018e+00
1.738866180082057511e+00
2.529365651580062213e+00
2.057572365465820674e+00
1.546816268843350883e+00
1.593988298272643434e+00
1.846415894366411736e+00
1.927546812858429437e+00
1.726767652123332386e+00
2.633404146444013882e+00
1.916215127935124052e+00
1.710887552765671948e+00
2.053943408129621062e+00
1.860091468446894325e+00
1.948072927043882796e+00
1.691561088843774208e+00
2.172381184112065711e+00
1.951756062564407923e+00
1.407646089838182846e+00
2.075400399900991122e+00
