1.687144336079253737e+00
2.066752738708893311e+00
1.138169280159297747e+00
1.807430464447525420e+00
2.020174488318131623e+00
1.182895867680611834e+00
2.327978934720096760e+00
2.207365587319993772e+00
1.764853428424416837e+00
2.436836630609191978e+00
1.689903023478140920e+00
2.550587561937777359e+00
1.712907119482399487e+00
2.737959755196820666e+00
1.940111546157668565e+00
1.981088027325804246e+00
1.965815955688009709e+00
1.829968474760022001e+00
2.010090535757563579e+00
1.544672883821005982e+00
1.830213616451757730e+00
2.116313784921493024e+00
1.781044112931299939e+00
1.903399551654642474e+00
2.702559108123220089e+00
1.777206322693394513e+00
1.249585138977945098e+00
2.142356869960798882e+00
2.111000716794074084e+00
2.226087630885372981e+00
1.664287715169490811e+00
2.454803386134916998e+00
2.579711556290482655e+00
1.681841005068581918e+00
2.530843864345218464e+00
1.859722028858704412e+00
2.140276543298507583e+00
2.660249930714829958e+00
1.442272434709434448e+00
1.311306266504383089e+00
1.377750193514253318e+00
2.631443891104024324e+00
2.058930961069040944e+00
1.743652803213514790e+00
2.120955117905760190e+00
2.356052729196661311e+00
1.532999125901021165e+00
2.319635814735203194e+00
2.188276714136118350e+00
2.207274518935699703e+00
2.057409362730672875e+00
2.234636558405268758e+00
1.808982440825122051e+00
2.603610120217294543e+00
1.585840387378268490e+00
2.550078237164634665e+00
1.463066247143855358e+00
2.205202917742886903e+00
2.258620643927139682e+00
2.220150775665410858e+00
1.976476111144287673e+00
2.130564338312523454e+00
1.708592079808387343e+00
1.251788569479569846e+00
1.421673739576179596e+00
1.715477494403959913e+00
1.872204287422257751e+00
2.068240310032103846e+00
2.030229935641595151e+00
1.741053804859965304e+00
1.740612312732352951e+00
1.600936784574094052e+00
1.927747753032479139e+00
1.988830180394969283e+00
2.011091115095957171e+00
1.659826256582500603e+00
2.634865616684618050e+00
2.377831742877330790e+00
1.548134712685971026e+00
1.893721311674687158e+00
1.972084989149288647e+00
1.542563492690394611e+00
2.090305470474345118e+00
2.232493790935927258e+00
1.862645377753671339e+00
2.436424385954064409e+00
1.695393487366157359e+00
1.810279265271766080e+00
1.326472154890854682e+00
1.596111395616016004e+00
2.408211837372306707e+00
2.156913805348586344e+00
1.507233037324277714e+00
2.193699946005280843e+00
2.405773915873014701e+00
2.894831989300928665e+00
1.683851939460049740e+00
1.953378645141085723e+00
1.870080127733675823e+00
2.484169797881209618e+00
1.282695637147607703e+00
1.818611897836393876e+00
2.496097010347078093e+00
1.978544438358341040e+00
2.734518353889324516e+00
2.778524719698919121e+00
1.596035822082606970e+00
1.795360167782819705e+00
1.516546725610125268e+00
1.725621175182069589e+00
1.738478119681390988e+00
2.165273163852313498e+00
2.573470079459986515e+00
1.338739744313319324e+00
2.485820874791610180e+00
1.908463079039619759e+00
1.920239564839712365e+00
1.268800861914220812e+00
2.272566806446483234e+00
2.394784141193859295e+00
2.115577047241862907e+00
2.575561269745421100e+00
1.731644492704273786e+00
2.410116606042514764e+00
1.709642561615410061e+00
2.119364859902649556e+00
2.049718682071512976e+00
2.042503722511902708e+00
1.304176148463314755e+00
1.264475373683961568e+00
1.832892501764774584e+00
1.856604692597412676e+00
2.202406516500887701e+00
2.539540441057392961e+00
1.841453470327979902e+00
1.435245673221900775e+00
2.597131821228114035e+00
2.332312764839724384e+00
2.388326673387747956e+00
1.963779410191751396e+00
1.460311276907726441e+00
1.580691419360887195e+00
2.186724924610659926e+00
1.884082272713795803e+00
2.611370913279488892e+00
1.892070608411125399e+00
2.268078700398117764e+00
2.451057513494665052e+00
2.850930764115914506e+00
2.227570592677219796e+00
2.739121300290253913e+00
2.081400456685330358e+00
2.764849360946010748e+00
1.920073651015340666e+00
1.950879743605589134e+00
2.552058229997326233e+00
1.297009018578663131e+00
1.939535862669335087e+00
2.461071366622832990e+00
2.433536987726129475e+00
1.579395565416794378e+00
2.386570975117922266e+00
1.807345616509475450e+00
1.414707621367692347e+00
2.457117864057682510e+00
2.435782249253657827e+00
1.870106205687108947e+00
1.703507946807734319e+00
1.725337653002935845e+00
2.657132997454908718e+00
1.965534226477317681e+00
2.042806744810384600e+00
1.797811521788519773e+00
2.367546389283202934e+00
2.210987128484710240e+00
2.375702875774124312e+00
1.832869283288255158e+00
1.884112824632404370e+00
1.394720067230182048e+00
2.306204135536118027e+00
1.496942538411974777e+00
2.079926088316356836e+00
2.193971348178801684e+00
2.154858684549791015e+00
1.331425530879364327e+00
1.589851411415381000e+00
2.661598018091377860e+00
1.889382177939040508e+00
2.043590114490940302e+00
2.888919065555115129e+00
2.139916780472415070e+00
2.001187141881495268e+00
2.787314230306022544e+00
2.189077145401133961e+00
1.729615944741671019e+00
1.547958614582046977e+00
2.547488159569383015e+00
2.744281887392197028e+00
1.756874486450143991e+00
1.940805465017972464e+00
1.925498786425251740e+00
2.634716708272416774e+00
2.508515533775917739e+00
2.285247055824712881e+00
1.704002071546145025e+00
2.208163023932887548e+00
1.552082816683217459e+00
2.047762865890333739e+00
2.085167537592804266e+00
1.538569563700016296e+00
1.797263481700829724e+00
1.900807769987839402e+00
1.789250579156549392e+00
1.629328648692255799e+00
2.054030839715714762e+00
1.313590592384293210e+00
1.588578015399884524e+00
1.049021072632142504e+00
1.502196749525079866e+00
1.714564272794008692e+00
2.337266580517622927e+00
1.723797092869592706e+00
1.924912117685803725e+00
1.772197630310864414e+00
1.886709343743788292e+00
1.505031575245668440e+00
1.580683678443743911e+00
2.337067477690436768e+00
1.365142554126154817e+00
2.284013070428660086e+00
1.807675433760626227e+00
2.159644062120904096e+00
2.154216263384969743e+00
2.023787041356998273e+00
2.478820140990080745e+00
1.717139895736346844e+00
1.491339122150878271e+00
1.836346231112921057e+00
2.612202021707501931e+00
2.446387094303297260e+00
1.632375949457004261e+00
1.541279685844320291e+00
2.115639254232787092e+00
2.346007363961528647e+00
1.876075689084464759e+00
1.398521045081370762e+00
1.427333196452090780e+00
1.953201316547800381e+00
1.959772526339030652e+00
2.429879460905070232e+00
2.166720354917744285e+00
1.860193447889083362e+00
1.730873301992732483e+00
2.415050062651189933e+00
1.321453227951625564e+00
1.961160128762438060e+00
2.702484076047203310e+00
2.467417288199857506e+00
1.498559103876795362e+00
2.476468746858585313e+00
1.356826813255437525e+00
2.659972349044167572e+00
2.360105894051415909e+00
2.646204231611164914e+00
1.612521887715393065e+00
2.386958121133695876e+00
1.826287327213592659e+00
1.257324658207157775e+00
2.109662893662069383e+00
1.435457735043319305e+00
1.832963171163870086e+00
2.191735648429724570e+00
1.986505062584515535e+00
2.065008986083610498e+00
1.633371706993099526e+00
1.494364066914099842e+00
1.358977039386700891e+00
2.036920742301967735e+00
1.474251812953231822e+00
1.998112453430577862e+00
2.394078636926564307e+00
1.754247183092177753e+00
1.618539702484435683e+00
1.838530972202257363e+00
1.881864094882855110e+00
2.031521037467730828e+00
2.233060084583935456e+00
1.454449824203716934e+00
1.840240227279684726e+00
2.520646709057225987e+00
1.482679911003731199e+00
2.649462543162216743e+00
2.553879597819794789e+00
2.240809435911454983e+00
1.891253031762525350e+00
1.420135786510207332e+00
2.360298589126017976e+00
1.700011965037130368e+00
1.418808095287941384e+00
2.758948190988253835e+00
1.987257850182531538e+00
1.653852110568654776e+00
2.354654017060476168e+00
1.534104731685345557e+00
1.545095418717725044e+00
2.268927309599878317e+00
1.604627747672733529e+00
2.552252748443738284e+00
1.983642708032352431e+00
2.807814183859927759e+00
1.424936398868014820e+00
2.417270038309675684e+00
1.366002381661677090e+00
2.216960344265893834e+00
2.624240533914032447e+00
2.791180354988335388e+00
2.106668457570107122e+00
2.023727418689602597e+00
2.347869349152789553e+00
2.023531320980850978e+00
1.750544790101445258e+00
2.437647027410903888e+00
1.846660362601806771e+00
2.278705325979921259e+00
1.250683775596177938e+00
1.698445576099396614e+00
1.824024662602919733e+00
1.727982263707333210e+00
1.999026528991303175e+00
1.868800961639724978e+00
2.738384763071029848e+00
2.643704374645345467e+00
1.624214482053822017e+00
1.335232666349028152e+00
2.725936761296918753e+00
2.370224557385780084e+00
2.012118440030000510e+00
1.909488870792689141e+00
2.449063156201654934e+00
2.320145403569631171e+00
2.040730086978256530e+00
1.705958533460547155e+00
1.282691850822505364e+00
2.367275620677932402e+00
1.722646957640630916e+00
2.323920699199713891e+00
2.293004228475746142e+00
2.178831585113429448e+00
1.577755930414836971e+00
2.195649366074150066e+00
2.235778035174023959e+00
2.490311689564451036e+00
1.759803571124527455e+00
2.797483387315964798e+00
2.899300652541758616e+00
1.466155980129935976e+00
1.519164109579708821e+00
2.708170037823090848e+00
1.884157064532987480e+00
1.343089536690889929e+00
2.635871313149362294e+00
1.765134327111273382e+00
2.340271808107670104e+00
1.628048195679503873e+00
1.299183832521026538e+00
2.185142724657941127e+00
1.833816603603920292e+00
1.185620780265904006e+00
1.813942704015545360e+00
2.660663316207886098e+00
2.226043970322532317e+00
1.812168200851824951e+00
2.658713108380606371e+00
1.627551184768797787e+00
2.230510814571915024e+00
2.065984196961469177e+00
2.492787808269131045e+00
2.159864966968629396e+00
2.542758326211848718e+00
1.536685149061705058e+00
2.330592830227124601e+00
2.274102915971376149e+00
1.936009874703508826e+00
1.529862850017898790e+00
1.992568842333223067e+00
1.790891432803483507e+00
1.526075237933211426e+00
2.079277349553339427e+00
1.739024692661125915e+00
1.668127698943117743e+00
2.236226039686394440e+00
2.492300581764427481e+00
2.141301149092440070e+00
1.470310226395121322e+00
1.809270964030640805e+00
2.775666007898715648e+00
1.925764257302023053e+00
1.751788833715205218e+00
2.904377091777031961e+00
2.645759085703465185e+00
1.857291773757978603e+00
1.509489330044061717e+00
1.676862782747928993e+00
1.294419620677134564e+00
1.615783974208481855e+00
1.631901317588115408e+00
1.683875425690497529e+00
2.309442090247721957e+00
2.628628607935115546e+00
2.841314770402056933e+00
2.485669855361557712e+00
1.712290253929247275e+00
2.629920456952550722e+00
1.991872048116634097e+00
1.591784727379771169e+00
2.049424444109925858e+00
2.188768029083813182e+00
1.908225988506821569e+00
1.799371004057867207e+00
2.147598372841968306e+00
1.566491764836950296e+00
1.727233554511874214e+00
1.648259793691048358e+00
1.649788817045792388e+00
2.215740697963671124e+00
1.600125668058189454e+00
1.910652282006526814e+00
2.065092901607541442e+00
1.022216823542789532e+00
1.910244223387945750e+00
1.844458534718809606e+00
1.246153791192245119e+00
2.910279539171102492e+00
2.234750719967788513e+00
1.437829101069813209e+00
2.120405868780777858e+00
1.305432385119528194e+00
1.875544878290835049e+00
1.535526554328759286e+00
1.581291727238714362e+00
2.666594679262015433e+00
2.179577170202315450e+00
2.403917589513104858e+00
2.427985469304148936e+00
2.825328420038026422e+00
1.537227449254039868e+00
2.232080070491390345e+00
2.586383962933715530e+00
1.580499592702992118e+00
2.234268848871684199e+00
1.480778833703193520e+00
2.046917971177876439e+00
1.804478237837963572e+00
1.829060589490675071e+00
2.132716644532841599e+00
1.257445483152920040e+00
1.600129044182178273e+00
1.661251278871673343e+00
2.023728648993429857e+00
2.094633374437523621e+00
1.290821914339864707e+00
1.749015188170802482e+00
2.528750738013902044e+00
2.465228160366724097e+00
2.366114558694624392e+00
2.291945207924583450e+00
2.112814282561214174e+00
2.005088765883396018e+00
2.160458346884493785e+00
1.720723874971831657e+00
1.164102761898487381e+00
1.340241828085925846e+00
2.012411251080433061e+00
2.387355210056823829e+00
2.679085512445021244e+00
2.356016304235488246e+00
2.240431894597585405e+00
1.908492993522400205e+00
1.914919716131461724e+00
2.405571455002259107e+00
1.847234097298257716e+00
1.550284447428399215e+00
2.788730650387055476e+00
1.543025138563186793e+00
2.721976186994096825e+00
1.766786824217916774e+00
2.298650029010506746e+00
1.821788041157422100e+00
1.608462686855019363e+00
1.592358480074628879e+00
1.811229644913204595e+00
1.614935729508350182e+00
1.881047020771761780e+00
2.448764305676715658e+00
1.785617284780869785e+00
2.008271410942454871e+00
1.907510307821752349e+00
1.639557748410188642e+00
1.846474021945926136e+00
2.308810769295503107e+00
2.226119273425613443e+00
1.913024409806607817e+00
1.925763329287125902e+00
1.635805637560093562e+00
2.199733314351123070e+00
2.069501373810987310e+00
2.715262659995544503e+00
2.364998870704173584e+00
2.132771422427246932e+00
2.270126114418707708e+00
1.723807777969844190e+00
2.725617493795170709e+00
1.785647387793775742e+00
2.400409667925548884e+00
1.552483589403764519e+00
1.826845199178019019e+00
2.014063731896412079e+00
2.290996193595931096e+00
2.680113469272399129e+00
2.371208461519874966e+00
2.132115869542090536e+00
1.986941917279737124e+00
2.077413626723381590e+00
2.380178804399560200e+00
1.495302494656506553e+00
1.572963055404950072e+00
1.613622004199553039e+00
1.286316524011582585e+00
2.271787881986654156e+00
2.539256870345643957e+00
1.823516396973541731e+00
2.632728227634463458e+00
1.662037880240678556e+00
2.054532469400449202e+00
2.268932987908341303e+00
2.487575366736495930e+00
1.913031752754225767e+00
2.026250992357853775e+00
2.123719050209322390e+00
2.318203719469214441e+00
1.549166203723432833e+00
1.777042427485071130e+00
2.191946406200846020e+00
1.861424352860979514e+00
2.277576883676847963e+00
2.101132235978898422e+00
2.253634425669522656e+00
1.462731879825171166e+00
1.998194134937096855e+00
1.731540496719997879e+00
1.905672253291537999e+00
2.003447100283067606e+00
2.814944244716366839e+00
2.355718610874013130e+00
2.228294137505313355e+00
2.665581111319046848e+00
1.748105513576012404e+00
1.529243771753161729e+00
2.020352980547971189e+00
1.871163527128446580e+00
2.490842662252862105e+00
1.818975319235194954e+00
2.189145680360924828e+00
2.725175279635461578e+00
2.005149297935131081e+00
2.589707817181936100e+00
1.607472454175095544e+00
