1.355212414293801348e+00
2.016035499233286732e+00
1.655670714530069310e+00
2.517429673514012478e+00
1.852905900683822882e+00
1.268182328022838812e+00
1.952822025455427379e+00
1.310256209731991417e+00
2.449325077095036107e+00
2.083559172507537749e+00
2.698295883142502127e+00
2.143309339922747192e+00
2.143925177460607845e+00
1.721531267919984565e+00
1.409178232209352455e+00
2.724286328737269613e+00
1.552689406841029740e+00
1.961428564498261640e+00
2.343718871904020062e+00
2.186728975843862166e+00
1.403033978938594162e+00
1.132761343131086118e+00
1.756721842249455046e+00
2.250223290824282518e+00
1.747181402893693170e+00
1.886461663869668737e+00
1.906344251243651922e+00
1.500691406565573427e+00
1.498046113434090110e+00
1.842586813875112695e+00
2.465132537784436195e+00
2.418774517887478215e+00
2.224213107074571649e+00
1.813954722066517755e+00
2.051033632544711605e+00
1.592454592706006089e+00
1.841565508847088140e+00
1.933940557359514090e+00
2.258973863040083074e+00
1.434355465028654075e+00
1.984532186640584284e+00
2.473995449159363869e+00
1.545205278656522019e+00
2.761222265841875689e+00
2.262755783963176892e+00
1.814153101622115738e+00
1.868277340368132533e+00
1.949446793878081063e+00
2.323762761634363905e+00
1.522830446020323691e+00
1.818682415777489014e+00
2.064024604348093650e+00
2.384935871546210784e+00
1.574788820641839671e+00
1.728130526801129552e+00
1.881686283672987958e+00
1.767171378190560027e+00
2.604189301059128603e+00
2.085000331112071503e+00
1.717851243347427559e+00
1.432224834356606413e+00
1.811635531535420007e+00
2.412876321040648975e+00
2.624364483716497887e+00
1.176937248210792042e+00
1.408916020056880214e+00
2.258208779377100406e+00
1.703376946199571806e+00
1.931683631376811761e+00
2.398633457396639912e+00
2.279541446161506002e+00
1.643766416053949797e+00
1.578165776406213805e+00
2.398671418838231872e+00
2.663337838245649181e+00
1.573023925849706295e+00
1.864681745547900116e+00
1.427060561261470184e+00
1.864965055941265826e+00
2.222146580246634251e+00
2.688969608777570297e+00
2.335254182407626722e+00
1.346429850611508883e+00
1.161780492068557047e+00
2.450816445909081320e+00
2.084954828204086397e+00
1.537553357962129885e+00
2.360762830046340355e+00
2.195545828624018370e+00
2.562152799033903250e+00
2.319718886106834965e+00
2.093654343471586632e+00
2.572232799460575592e+00
2.295037356749323187e+00
1.783692183389482100e+00
2.499379956238117817e+00
1.808904878458370113e+00
2.129159275736982160e+00
2.139812854961315125e+00
1.939259362386444030e+00
1.602380825638827222e+00
2.656901226096115121e+00
1.796114511788607260e+00
2.194660958563714459e+00
2.637838324861404793e+00
2.644519464663288577e+00
1.357288238904867717e+00
1.518038244038752094e+00
1.536760165727429017e+00
1.906397268034718762e+00
2.222165550090858588e+00
1.687482228762930969e+00
2.231629895068831804e+00
2.531023013118060661e+00
1.679953763407939560e+00
2.467971014194137780e+00
1.217414504313973689e+00
1.730490906093181014e+00
1.761822753584981083e+00
2.291585981111870396e+00
1.019630099077279528e+00
2.383167165870984316e+00
2.358733207187468039e+00
2.396164134899101850e+00
2.299258814657514804e+00
1.951243356045125887e+00
2.420639066192805444e+00
2.116378388294248847e+00
2.228916142853807791e+00
1.858022434164145364e+00
2.204842800687847770e+00
1.885518426544565695e+00
1.199810989148568430e+00
2.602402213001366427e+00
2.628157521972732447e+00
2.328737434925319150e+00
1.306196227140312693e+00
1.515050424023477005e+00
1.627176118628466561e+00
1.547150653623222460e+00
2.059022579782562978e+00
2.005172021797548165e+00
2.680627113681666174e+00
2.612776450189128852e+00
2.084989039897736429e+00
2.406559556942137856e+00
2.292244587904001207e+00
2.049692502238711356e+00
2.035574321518386132e+00
1.294349376216890501e+00
1.916639771274081694e+00
2.541709373483182155e+00
2.257687534787932826e+00
1.816894682553509721e+00
1.478987075295910669e+00
2.526389540068289641e+00
2.452383940202321533e+00
1.801849313672866604e+00
2.433725939004290240e+00
1.293283373227590349e+00
2.642518771213984152e+00
1.536594470956659908e+00
2.305933226092996779e+00
2.595056214059132227e+00
2.269128452889996872e+00
2.045841792280477467e+00
1.678043694944971742e+00
1.877817937222445721e+00
2.383703060799759577e+00
2.250090210674425606e+00
1.615313638653456785e+00
2.437146621539358016e+00
2.739439985764558827e+00
1.425434547437503419e+00
2.557595952976923215e+00
1.715815577601598640e+00
1.499713166889074412e+00
2.443726209181478648e+00
1.920250827159251550e+00
2.162211197246675987e+00
2.330063975155799660e+00
2.392654239852409770e+00
2.343400297722666004e+00
2.594647428799083499e+00
2.705206907455640852e+00
2.219788984357875528e+00
2.339501507644901945e+00
2.264486260966723563e+00
2.314621488706097185e+00
1.776757031235890016e+00
2.344601853769393784e+00
2.462153111270547701e+00
2.232627311265264591e+00
1.113606282429598915e+00
1.527742837251578001e+00
2.142055189919375380e+00
2.170163084620328142e+00
2.315687921421377915e+00
1.873288232009889143e+00
2.061445980032986292e+00
1.483337280515649281e+00
2.451949298196632654e+00
1.516738214107882010e+00
1.913772177311186873e+00
1.246344394107375075e+00
2.196176829215489512e+00
2.710956017797688578e+00
2.661466129782088075e+00
2.547151740807000131e+00
2.005620283617558730e+00
2.526854128402817423e+00
1.311076628010102052e+00
1.351610802526175270e+00
1.618883927984425153e+00
2.129507830061984741e+00
2.368585742920989556e+00
2.258352180046641511e+00
1.918616311391254659e+00
1.613443872834040338e+00
1.491455136275956939e+00
1.872370637301520979e+00
1.834706802096022660e+00
1.924255599902290115e+00
2.182766688461526883e+00
2.332689150406032308e+00
1.814122884750349884e+00
2.040167016734548255e+00
1.169472621976075377e+00
1.741729421601901695e+00
1.593388473614160361e+00
2.407676667111206648e+00
1.947898572758811619e+00
1.828664420543530511e+00
1.504204006074052913e+00
1.480004646452976136e+00
1.938220873182614490e+00
1.417851453548310214e+00
2.658084319793395878e+00
2.159320555006582154e+00
2.309019356273440682e+00
2.565177155292931666e+00
2.179869312448708740e+00
2.386645889395804687e+00
1.795716162254466841e+00
1.840538191484965891e+00
2.690091847014955739e+00
2.448647209708187056e+00
1.429317532343733932e+00
1.848043006801110444e+00
1.474373759885177382e+00
1.409512411143228450e+00
1.879011554387421956e+00
2.204524638099520040e+00
1.437228788038467542e+00
2.593602349541042962e+00
1.694021066757214644e+00
2.363317963294947255e+00
2.415086052632801739e+00
1.944277983362097117e+00
1.953304635811930590e+00
1.770225973611110559e+00
2.750928352487853168e+00
1.969723195038639574e+00
1.978531006293401839e+00
2.272247233896030671e+00
1.863731159916598212e+00
1.243783098317661873e+00
2.229862100306320816e+00
2.439950852451147512e+00
1.686993962638191791e+00
2.401393553077108223e+00
1.635169922462131886e+00
2.536423103411452828e+00
1.252271586553183269e+00
1.727998757236061778e+00
2.203428197439293967e+00
1.560038863389301422e+00
1.814722970016072301e+00
2.141487925714348428e+00
2.184816683591360054e+00
1.418358294940358810e+00
2.341950677098080913e+00
1.996905729148068964e+00
1.256136572103772719e+00
1.832936029961179436e+00
2.406530781136283714e+00
1.931788446407047388e+00
1.777033713828904293e+00
2.048917723678869152e+00
2.258933796931639648e+00
2.754734756522098316e+00
2.803050235853246530e+00
1.683199798701753735e+00
2.141698282553917032e+00
2.017564232011082481e+00
2.063024724924457765e+00
1.599952183791558014e+00
2.239795402405442282e+00
2.863343527365804331e+00
2.858527989886222365e+00
1.675422269810010523e+00
1.514677362712991471e+00
1.773759832219292232e+00
2.251371409563491799e+00
1.518540125773111482e+00
2.081900763471040250e+00
1.497005955650546616e+00
2.523490123371779248e+00
2.255413962071532552e+00
1.596278171080196540e+00
1.673563510367678031e+00
2.288033632925033700e+00
1.482033121365083916e+00
2.599064299575430947e+00
2.201322512549182875e+00
2.117930903702307521e+00
1.675795225222147522e+00
1.776725919429250400e+00
2.108386621547303719e+00
1.945350544185084463e+00
1.995080948347677463e+00
1.539670960400914890e+00
2.459519685571732950e+00
1.805982051653808096e+00
1.552267217237311314e+00
1.465291483148353890e+00
2.266051287452401475e+00
1.578786530084067774e+00
2.722107529089628830e+00
1.846621521171981861e+00
2.561333863595603333e+00
1.727735895683439882e+00
2.186445809939960405e+00
2.311395919009546329e+00
1.729092545024421224e+00
2.060747290192561643e+00
1.988424729745932762e+00
1.812437624814173809e+00
1.870702280584351396e+00
2.481787593622194699e+00
2.754437250984210106e+00
2.145308889574399025e+00
1.401190366571014145e+00
2.128174411815647815e+00
2.603405057600859607e+00
2.671765921636047647e+00
1.857183177389443607e+00
2.445069696776544177e+00
2.576879087072467378e+00
2.410731580764904791e+00
1.230351824912063519e+00
2.292358845494383512e+00
1.394833308001179439e+00
2.008824807599387086e+00
2.498673837999320746e+00
2.261540798552778675e+00
2.252626872869189611e+00
1.849356376045411032e+00
2.328935755082685688e+00
1.594252093254918901e+00
1.942331617214797967e+00
2.319194670527389590e+00
2.619429560005240631e+00
1.832836709469279679e+00
2.363909470592088446e+00
1.858890132889391422e+00
1.957292655128798353e+00
1.927854661259722491e+00
2.657323366484458216e+00
1.261151495757120600e+00
2.093882628507452992e+00
2.431046750401276935e+00
2.040292539051447918e+00
1.283940820432266650e+00
2.488967546429571520e+00
1.707542217804565832e+00
1.776908901443498667e+00
1.868607678461878141e+00
1.774639212918015296e+00
2.640829584856953183e+00
2.441043647431887287e+00
2.658310307812206119e+00
1.687847612500915195e+00
2.736694390590484360e+00
1.875581340676230280e+00
2.703671618762104600e+00
1.823515664164781391e+00
2.736131201763147835e+00
2.473299500995424172e+00
1.245792767441561644e+00
2.257293510489469135e+00
1.566728482298753500e+00
1.803130899733199177e+00
1.896363295526461323e+00
2.600686341429790716e+00
2.694662543584029457e+00
1.479856636230254541e+00
2.758208756531026928e+00
1.328174262351592638e+00
1.780675995499348296e+00
2.175817931225305202e+00
1.941117854547863786e+00
2.071828550914559308e+00
1.581442743849193144e+00
1.623122582067624720e+00
2.092676146260866954e+00
2.362266829106078880e+00
1.635464198929698298e+00
2.243701929106223680e+00
1.466860150227333515e+00
2.385849440441081715e+00
2.328749067263237826e+00
1.939174279717887028e+00
1.655189986832727778e+00
1.752728226806731460e+00
1.936641137551369241e+00
2.157663609098606550e+00
2.349663573452468235e+00
1.410051949402195692e+00
2.243248936668879701e+00
1.416663707972785513e+00
1.546370959828431424e+00
2.125098031597205228e+00
2.657893360207506106e+00
1.996221799927591078e+00
2.478993730603889389e+00
1.850350311408087034e+00
1.781451719002956402e+00
1.421901253631204343e+00
2.130284074999774013e+00
1.975111004810769177e+00
1.939815483558082088e+00
1.951986838521651668e+00
1.535045007639845416e+00
2.336677237497857718e+00
2.462819810260385545e+00
2.646748448188019687e+00
1.901454079267191011e+00
2.194720155327374300e+00
1.877498359430243013e+00
2.145609598543633201e+00
1.580890422984739363e+00
1.590646855021988326e+00
1.898621009990126396e+00
1.926684301069445437e+00
1.970689830272037479e+00
1.538013011208155367e+00
1.990558418930375773e+00
2.473872600207189798e+00
2.175159538631683098e+00
2.038734453169707805e+00
1.882441675282920723e+00
2.451730002414928666e+00
2.447416099967747449e+00
1.438812545089882544e+00
2.045498447530779806e+00
2.463778624893953939e+00
1.465456261123334825e+00
1.949117726010507923e+00
2.498586291314336183e+00
1.590890750403990417e+00
1.532825354431830434e+00
2.005711720729949299e+00
1.798639563118115348e+00
1.268625307044087380e+00
2.383719742873600111e+00
2.370914947151211205e+00
1.936931715455480374e+00
1.785267023019713850e+00
2.101816381683180968e+00
1.323232862380004260e+00
1.561025811793983920e+00
1.967934312727623647e+00
2.249613061831942318e+00
2.118939340193571219e+00
2.064112931249575844e+00
2.326116635304311231e+00
1.412089710801958997e+00
1.538732783895654821e+00
2.481005028607811358e+00
2.240999562484480734e+00
1.729756399875734374e+00
1.124587742160652937e+00
1.522956169060334597e+00
1.607036876014038995e+00
2.051345132493453072e+00
1.237748584288627773e+00
1.789341111126422357e+00
1.871305514844131324e+00
2.238045342277494854e+00
2.247691387711598487e+00
1.483737500203953896e+00
1.857460700247360652e+00
2.180627700030814520e+00
2.487322952376798568e+00
2.099339945689481013e+00
1.884237500996314818e+00
2.096296473226319179e+00
2.205564739088414328e+00
1.881502296119017537e+00
1.224012657459239373e+00
1.273973973641127078e+00
1.981559779237239916e+00
2.005660618338799495e+00
2.362071812655960557e+00
2.094344588324074330e+00
2.222775396053020547e+00
1.747813340189266595e+00
2.545606083357906169e+00
1.536336835988503235e+00
2.510912368831258235e+00
1.709796127623380402e+00
2.492147155675066728e+00
1.861253287006213064e+00
2.131299535551935076e+00
2.340878505075039584e+00
2.435673429377658294e+00
1.888719690618406055e+00
2.549222754143821490e+00
1.462790869045117015e+00
2.390381037654091045e+00
2.177591952743625825e+00
1.827062964477530027e+00
2.820766361751696927e+00
1.538644781849150434e+00
1.755210614422498594e+00
2.125334562721544529e+00
1.679637547423136423e+00
1.982200112968878880e+00
2.808302176175291986e+00
1.803294877199184576e+00
1.843230801565828969e+00
2.671836402188106696e+00
2.763852922202368223e+00
1.801489692920276386e+00
1.317827274768932133e+00
2.138771413435565094e+00
2.226330795578647326e+00
2.520212416077291628e+00
1.800513021571113814e+00
1.194672744756561933e+00
1.926063867791334427e+00
1.690344483713066559e+00
1.783128951790628136e+00
2.452477765988345659e+00
2.124627021450073983e+00
2.046669983607394272e+00
2.663820195867465657e+00
1.749530656166152554e+00
2.386664623420771569e+00
2.274039928875486893e+00
2.262112723710900219e+00
2.341461356058659682e+00
1.520019065292343097e+00
1.443764979489050360e+00
2.749648804322107232e+00
1.328005643178284512e+00
1.492305509466526292e+00
2.549943135778019787e+00
1.901125442745005500e+00
2.031736964872052020e+00
2.690348077063140053e+00
1.548782568373247015e+00
1.688961398496928279e+00
1.266080832278773993e+00
2.252477545079889065e+00
2.402827398837987793e+00
