1.264394693621011978e+00
1.514317040521500513e+00
1.414411398984528168e+00
1.701954335873253621e+00
1.735079393789086044e+00
1.998819959493921328e+00
2.358704761722455689e+00
2.184371591700297710e+00
2.054862476319409659e+00
2.358141083658444881e+00
1.636226321461554889e+00
2.158935631730372062e+00
1.957867892015896949e+00
2.463672127679987334e+00
2.445852088662395118e+00
2.579110693276939426e+00
2.520722619430805889e+00
2.359817431492596818e+00
2.091132093424324268e+00
2.091667525618219781e+00
2.364394232622148984e+00
1.759593017250637992e+00
2.367711571114430313e+00
1.542988342928948819e+00
2.630780316442415057e+00
1.696078090640549263e+00
1.663413787283378520e+00
1.907156661283220256e+00
2.608242052090159468e+00
2.715964381030718577e+00
1.626131108201069875e+00
2.593184812571798670e+00
1.252155079245909075e+00
1.397492693617368387e+00
1.994275791172429368e+00
1.828918614078855587e+00
1.367766640385418064e+00
2.197534504804492528e+00
2.667117969236030284e+00
2.380935083015870646e+00
2.342182778894510431e+00
2.133801014049302225e+00
1.708098640650947520e+00
2.106519875985198631e+00
1.453295490610857277e+00
1.690046470200597728e+00
1.623516153146958629e+00
1.305394804399283126e+00
2.220889028122736697e+00
2.665298917193053896e+00
1.147712001047681785e+00
1.495063626609445251e+00
2.100780828362726727e+00
2.435745120701056088e+00
2.022323382274901604e+00
1.489761581004716673e+00
2.284872273115545305e+00
2.071659235075657968e+00
1.446597951207868826e+00
1.602296671600380584e+00
1.927896298497002725e+00
2.202810661293128192e+00
1.800542766932677230e+00
1.999978829308151518e+00
1.704450880974308635e+00
2.220648731073264770e+00
1.996123820261905824e+00
1.950293647621680559e+00
1.619391743068069989e+00
2.641077737325397745e+00
1.392285758021823305e+00
1.688865358677733575e+00
1.769718677310287314e+00
1.468828712963671457e+00
2.262965419040602555e+00
1.689682740736671906e+00
2.391760023117240674e+00
1.790053611731244443e+00
2.147295108966364552e+00
1.789423701207017103e+00
1.918573927564444670e+00
1.625463758400263803e+00
1.590917859199519890e+00
1.390739365731888721e+00
1.491468473591844424e+00
1.514245836557079672e+00
1.942285733160861838e+00
1.938380432591225500e+00
1.375103970389297103e+00
1.869048895054828741e+00
1.117504790871697962e+00
2.607514359340936227e+00
1.498667578972076919e+00
1.278580619799089657e+00
1.703620787462762021e+00
1.970713672226057200e+00
2.309133321356013013e+00
2.727012243856591134e+00
1.879464782634556297e+00
2.671364148479526968e+00
2.130958301676970201e+00
2.049939789613163033e+00
2.273338483294674361e+00
2.198539273176829401e+00
1.777363729450606389e+00
1.656311188996148598e+00
2.766419208418982034e+00
1.692943518071961639e+00
1.916707885374123510e+00
2.075410638719497491e+00
2.523881193016239699e+00
2.565311328624316545e+00
1.460941670467027942e+00
2.399179180739399619e+00
2.193683144810510299e+00
1.775605365832143345e+00
1.930187427698498492e+00
2.304322572536788627e+00
1.874618544546529098e+00
2.213241934404488021e+00
2.238553542316089384e+00
1.672365938601804380e+00
1.716934111281842590e+00
1.778836281696502208e+00
2.236766372597307484e+00
2.336637810362960366e+00
2.086744524880313811e+00
1.754839013879740950e+00
2.053374995086182153e+00
1.445393822970426623e+00
1.206598436052366718e+00
1.702732231748985914e+00
2.588817925934778774e+00
2.138190772914696502e+00
2.717315924983890074e+00
1.174597122762319756e+00
1.674395274726550031e+00
1.865570112371696565e+00
2.285995936859631872e+00
2.091116359246903755e+00
1.690326341251868758e+00
1.240102381577889989e+00
2.560905813786356511e+00
1.613740256681433838e+00
1.866165820946060094e+00
1.622808373655304726e+00
1.804272745039914305e+00
2.451127349870141359e+00
2.804733353920034755e+00
2.876824536343537631e+00
2.760995774080235776e+00
2.045763811854051095e+00
2.166022722326596206e+00
2.006622724295830551e+00
2.101081765224834363e+00
2.452224936050372506e+00
1.939997368307715409e+00
2.503673898136151266e+00
2.041955969511277225e+00
1.611312343877072006e+00
2.602196098730044760e+00
2.129144143179197979e+00
2.214078689758795626e+00
1.932969324005420653e+00
1.278517952816273784e+00
2.402239489209805789e+00
2.212912733242890617e+00
2.505306528638102215e+00
2.355936866133146346e+00
1.918029340075265488e+00
1.996754314613396364e+00
1.894173350702738734e+00
2.766680541325472031e+00
2.521023573264359996e+00
2.162841149591785861e+00
2.251070929494102479e+00
1.695569326067745131e+00
1.456443147872960031e+00
2.383123377336596960e+00
1.341086977842254946e+00
2.519450375487443328e+00
1.819861360920052018e+00
1.594720188249109771e+00
1.652862370389514890e+00
1.528815601458250573e+00
1.975686267372411820e+00
1.669435506906518540e+00
2.455169781750833558e+00
2.737979030222901233e+00
1.962649440611258900e+00
1.925564212807969522e+00
2.117434456665919562e+00
1.833001671765627005e+00
2.133547220739180794e+00
1.961279317784300424e+00
1.678250987277569273e+00
1.394826772552637317e+00
2.568583380801040761e+00
2.213264995814567371e+00
1.414353001825343181e+00
2.339556511252476323e+00
2.348746436356151879e+00
2.175487062271682426e+00
2.761039440856389859e+00
1.553703469658517466e+00
2.005836202372362820e+00
1.984282453633885446e+00
1.702652606982454353e+00
2.442412753112694901e+00
1.720464298543181059e+00
2.720748732613559095e+00
1.362499592693993122e+00
2.314102762072314690e+00
2.023773879080303484e+00
2.674446343784401492e+00
1.324540582544821099e+00
1.949779203786421000e+00
2.068797707070990199e+00
1.830797194516770476e+00
1.749935093746137760e+00
1.444560702186542311e+00
1.356270335779626190e+00
2.365947827929504754e+00
1.710253787090045385e+00
1.502827918208702318e+00
2.243858863870446640e+00
2.623262870830948668e+00
1.386712772315370934e+00
1.835341934775402084e+00
2.252758215762441729e+00
2.511178660920577066e+00
1.342108029935182190e+00
2.541542939427452019e+00
1.770446256470096902e+00
1.583300390695457693e+00
1.676849176083831328e+00
1.391396923172402822e+00
2.404722609445657966e+00
1.977600136150320154e+00
2.438020845358143340e+00
1.971818693495666075e+00
2.507542985625071275e+00
2.085682271723538150e+00
2.508573381924849244e+00
1.659817304846985753e+00
1.658937494860254880e+00
2.186885179559433290e+00
2.085945265654759240e+00
2.104317652873757272e+00
1.401379787498202134e+00
1.312912176271692433e+00
1.402130607075326996e+00
2.121780425034883955e+00
2.096617711121366856e+00
1.100755294969660403e+00
2.063381392583180762e+00
1.740394741391982247e+00
2.095507883313752817e+00
1.787788261000112566e+00
1.622159364867627573e+00
2.032259006474111285e+00
2.718893017908424525e+00
2.276591037430681475e+00
2.251388916451079858e+00
1.917127096142160259e+00
2.729386724973749345e+00
2.188105898452296749e+00
2.314562817303609243e+00
1.293746656330382550e+00
1.696813535674850382e+00
2.468070348530960523e+00
1.908228034969146503e+00
1.564777062010144881e+00
1.570809892986533285e+00
1.583689646653696936e+00
2.895909884355337027e+00
1.745911330128079975e+00
2.468786833599604158e+00
1.860677544599228739e+00
1.275657674083641613e+00
2.596929643817956546e+00
2.398166604157943915e+00
1.710664317614702945e+00
2.074852758419243770e+00
1.118428319650988545e+00
2.609581410979612048e+00
1.841179827648384393e+00
1.858185167790495029e+00
2.041241919280472494e+00
1.603299373033479247e+00
2.521132354290699595e+00
2.532885359241650036e+00
1.736837462254526177e+00
2.520069595169781795e+00
1.496710214795755611e+00
2.299501983867903832e+00
2.397255433186609608e+00
2.334953449013848825e+00
2.358107968516662822e+00
1.742606761130063298e+00
2.110300977761362162e+00
1.700921246885704896e+00
2.477308043590262798e+00
1.857636247412990826e+00
1.516948061740765352e+00
2.285442219505758210e+00
2.236031867075643831e+00
1.406626299599105456e+00
2.285081073839775101e+00
1.714867363470501171e+00
2.404737454546369335e+00
2.026865340716394570e+00
1.911553839289038326e+00
2.242620008565355150e+00
1.756837033419292204e+00
2.138441938817377430e+00
2.671251589950916383e+00
2.452036327102615765e+00
2.490541393939585291e+00
2.174148902769699188e+00
2.495576036444815848e+00
2.377081244759690737e+00
1.476046622708679035e+00
2.441936972512953830e+00
2.144182882213817365e+00
2.573323951925646114e+00
2.585230277131877585e+00
2.169466124829444453e+00
1.328548570949779517e+00
1.627648117734207034e+00
2.121823728224141448e+00
2.585994736880261158e+00
2.515164493830786441e+00
2.066058406596958719e+00
1.399225905588199481e+00
2.003380356732712642e+00
1.233129356132278254e+00
2.593657386264955456e+00
2.706572127608841249e+00
1.819996562857422839e+00
1.927966807939513805e+00
1.989213120003788804e+00
1.602291721304754724e+00
2.461876537245011320e+00
1.898179594298361916e+00
2.135417947187886245e+00
2.036012773836883838e+00
1.725635360715264577e+00
2.360896111825363075e+00
1.719635464344589471e+00
1.511111165552136537e+00
2.228187146374387417e+00
2.560249718392155316e+00
1.735598347044033485e+00
1.441870647848932263e+00
2.002517394942502804e+00
2.435321284231339423e+00
2.112976829746878948e+00
1.495618504188912290e+00
2.575680747480198818e+00
1.386585774472907096e+00
2.277816253321783613e+00
1.723997561022707625e+00
1.853805218580595326e+00
2.013496658119549920e+00
2.402962108289362853e+00
1.096454808806603731e+00
2.204588478387468520e+00
1.825998584103260880e+00
2.411302226459512976e+00
1.496403534535555524e+00
2.228162177693008950e+00
2.277979347186279035e+00
1.133189712405330063e+00
2.360393888952956765e+00
2.062203023872281271e+00
1.534869424942701510e+00
1.754405433703848827e+00
2.059926418813671223e+00
2.609057573041061673e+00
2.145331013719254720e+00
2.266554667772176401e+00
1.929170933657621045e+00
1.536421417193149397e+00
2.411061228177730609e+00
1.498157811803062511e+00
1.509391406153428594e+00
1.823369111003997567e+00
1.538013418151312761e+00
1.496070424356841233e+00
2.030258609531073510e+00
2.213897744290208358e+00
2.258099784558211809e+00
1.515106951117683787e+00
2.294133280010097309e+00
1.943701343796668368e+00
1.918470347601165304e+00
1.673694820371383507e+00
1.444426561171598955e+00
1.945298955086860015e+00
1.722779419003713119e+00
2.445580149449165575e+00
1.695732894452717909e+00
1.975945758518131701e+00
1.636130084065033685e+00
2.345310245371484026e+00
1.439599995844725644e+00
2.193060841754812973e+00
2.267606214583323343e+00
2.237920398614794859e+00
1.360392279683736660e+00
1.739607522739844869e+00
2.240318332670200085e+00
2.140423515674541033e+00
1.955638712071216645e+00
2.319373957935754405e+00
1.613612023041021803e+00
1.814390129639099847e+00
2.550115846724090751e+00
2.408278173668069400e+00
1.980002952796879878e+00
2.195193481482148101e+00
2.566512487779665452e+00
1.486764484950652054e+00
2.030843533973462289e+00
2.185599638486999119e+00
1.927714351636372392e+00
2.331161080039934497e+00
2.047920830825335159e+00
2.480801414827115803e+00
1.446383118206850504e+00
1.856690473367363037e+00
2.196029498774040523e+00
2.231786194282971092e+00
2.333603364305015138e+00
2.451915226969163086e+00
1.808179801142076437e+00
1.971799754331867494e+00
2.424401178306581528e+00
2.392011116735907272e+00
2.562509963213409847e+00
2.196035682880210338e+00
2.564020858318770024e+00
2.302213568291151535e+00
1.984248827163670237e+00
2.473652020562937981e+00
2.072329551302376061e+00
1.422836265854506399e+00
1.981587725838165337e+00
1.117835234095668984e+00
2.147719203346070138e+00
2.706731156224297941e+00
2.551385835306775540e+00
1.189489931672959688e+00
2.414833064527446727e+00
1.693330809349743671e+00
1.284258820782858024e+00
2.140853017333946617e+00
1.758904335257344576e+00
2.656881141664393819e+00
1.656069298067547546e+00
2.014319292792722482e+00
1.636071051101718687e+00
2.643179235753202683e+00
1.275877216822267179e+00
2.623370158573485433e+00
1.565903358528042411e+00
1.511950926686068453e+00
1.693607178271784974e+00
1.370814057990940249e+00
2.203736707555837171e+00
1.304587813636665761e+00
2.464090259570767216e+00
1.452915781162387843e+00
1.603588055856630890e+00
1.496415629150523952e+00
1.713579995701863812e+00
1.766524586225378224e+00
2.079027988985915343e+00
1.757416735537771890e+00
1.581383320614710986e+00
1.713163101714369141e+00
1.777042568552828161e+00
2.591854542647402226e+00
1.464534871015772177e+00
2.190753682319455997e+00
1.586456085447632169e+00
1.247753073955214731e+00
2.307548867256742575e+00
2.176843468306364215e+00
2.323514239939573400e+00
2.225409527996782266e+00
1.183477515742364483e+00
2.287493452706105046e+00
2.125496886107423045e+00
2.300461482947643521e+00
2.068256693495002629e+00
2.496371857287070117e+00
2.678764107189536503e+00
2.056893116918771192e+00
2.034688237484234108e+00
2.824633135187440747e+00
1.757122414749635375e+00
1.846516811193722685e+00
2.441215539309895100e+00
1.346124166737432626e+00
1.932566611277588553e+00
2.071839196449648757e+00
2.340336458735882808e+00
2.222362503419446966e+00
2.376203354594091710e+00
1.861018222549708945e+00
2.288191166295026058e+00
1.849740404276393191e+00
2.318886717635015415e+00
1.567752956734215219e+00
1.497980549028943731e+00
1.458160789848659711e+00
1.629805900297306209e+00
2.653226236531488702e+00
1.782715053663063154e+00
2.364248307633801005e+00
2.244909689731942048e+00
2.217475530066678857e+00
2.593044330087665550e+00
2.242993510319286177e+00
1.130129334971117006e+00
1.448673920885792832e+00
1.896651204817236369e+00
1.689706211897272325e+00
1.876577346263922585e+00
1.949897824208919772e+00
1.843101596440866352e+00
1.639870414972445678e+00
1.803446732486705173e+00
1.637207447530711235e+00
1.174064826583290699e+00
1.663443579143243589e+00
1.799998776109992038e+00
1.290574838869075869e+00
2.217871831658522197e+00
1.560653201670004764e+00
1.610404122252237613e+00
2.142276027535179317e+00
2.353420736495707821e+00
1.299527126569165469e+00
2.231172509835535500e+00
1.818435161905612940e+00
1.783402636566824295e+00
1.962243867918195939e+00
1.584211002111169275e+00
2.297542840151625576e+00
2.180320837438586956e+00
1.903365141832933816e+00
2.362040139947150230e+00
2.679651780946857187e+00
1.630615205148573832e+00
1.807146012842748561e+00
1.644845217190463726e+00
2.156658128553420539e+00
2.486664837750376833e+00
2.060118493083466618e+00
1.859898740652146110e+00
1.864579531097681375e+00
2.360940641686485542e+00
2.602737460859469998e+00
1.790609571276795986e+00
