2.101568556359641349e+00
2.581105993550461886e+00
1.825653538609556481e+00
2.357244423545832746e+00
2.394591736441917806e+00
1.801815614584501901e+00
1.660285405894646349e+00
2.061711772001746823e+00
2.080953140086272413e+00
1.583837560057247407e+00
1.671086930439551921e+00
2.833099266337439470e+00
1.686546081529854302e+00
1.668790732991479508e+00
1.732014477916498318e+00
2.139826524953382769e+00
2.279232247832966074e+00
1.456678671612305909e+00
1.718977867669113202e+00
2.097934451728340477e+00
2.182233245750976103e+00
2.017773610057094658e+00
2.457594068020357625e+00
2.457172811234769050e+00
2.626459745491763975e+00
1.184593995302404057e+00
2.399797353182973492e+00
1.543209078054593508e+00
2.346890550059273828e+00
2.490446844366458024e+00
1.632022064402771644e+00
2.043396479590268822e+00
2.001795777946405952e+00
1.793558300642985825e+00
2.000689569361933540e+00
1.874400489671785408e+00
2.316038000527760765e+00
1.971100947165675521e+00
1.907589219611143028e+00
2.040485837983441186e+00
1.946661692328726989e+00
2.106351922333928872e+00
1.308655523517116226e+00
2.216075498638132579e+00
2.139665111996806424e+00
1.372552254338119893e+00
2.614435414847754657e+00
2.410380802979508630e+00
1.658621223827360769e+00
1.746944801678178560e+00
2.767627942598561930e+00
1.274605390459089271e+00
2.146834376269452171e+00
2.552643202570545888e+00
2.292460175121959765e+00
2.202647186051194694e+00
2.606131247265108808e+00
1.866361175669661865e+00
1.379001887895741296e+00
1.651326304153737379e+00
1.921958006950427844e+00
1.509538009156896621e+00
1.584574373216652177e+00
2.016622504607148869e+00
2.793447004642360731e+00
1.952335571181810447e+00
2.410273441017272589e+00
2.158453936559742381e+00
1.993786577053174858e+00
2.307297214144018671e+00
2.038960618657195134e+00
1.852291559602011084e+00
2.042759143175968184e+00
1.973444408950939088e+00
2.539382752681086597e+00
1.824924473191731122e+00
1.683487283598020579e+00
1.569705896549547397e+00
2.554459544107085200e+00
1.828160618239641710e+00
1.758799524950214632e+00
1.420289235442584896e+00
1.605534792470220129e+00
2.066744410517775687e+00
1.723724261413994929e+00
2.563474946282349176e+00
2.475288553701195049e+00
1.496362692829030783e+00
2.147157441263088717e+00
1.790860793410582463e+00
2.249401729525509985e+00
2.425636295045717539e+00
2.069720015839884297e+00
2.116300428010165824e+00
2.223751972725913184e+00
2.511329554522371943e+00
2.465684873635852092e+00
1.682102596338337364e+00
2.771213469026615250e+00
2.168285639034587042e+00
2.165204957734660596e+00
1.421734102975111602e+00
2.444877815651679054e+00
2.172636847181595332e+00
2.591523853604870808e+00
2.239359397979286292e+00
1.420613478690320841e+00
2.347198049508371298e+00
2.156015408417210288e+00
1.853338241813414111e+00
1.782989039310580059e+00
2.818029925951210490e+00
2.678824677353137673e+00
1.770200131453477432e+00
2.360244510870109558e+00
1.996515742543068850e+00
1.452203992058037185e+00
2.109170647965234124e+00
1.654080397002400726e+00
1.570444064259848282e+00
2.683388040844015165e+00
1.349663861067762927e+00
1.766411534231778990e+00
2.215370710195836423e+00
2.776028891280367894e+00
1.898785102015185133e+00
1.788844981235242493e+00
2.209002124183528704e+00
2.783016147813895280e+00
2.054891967445404255e+00
2.459067918152444410e+00
1.379793939818430681e+00
1.550067112883751097e+00
1.649217827704561046e+00
2.297647322047484675e+00
2.849165930274965675e+00
1.886803908143223740e+00
2.596462970263071046e+00
2.031074205854608739e+00
2.274933981723184395e+00
1.898942508109970007e+00
1.577287171848378078e+00
2.104446222855206550e+00
1.742150129280227944e+00
1.776772259257861641e+00
2.426352834233938438e+00
2.025835453190619972e+00
2.138271316424258828e+00
2.194276667384885471e+00
1.859024271535107076e+00
1.568844358542919926e+00
2.381141149351229558e+00
1.472149794666041789e+00
1.843853180679951631e+00
2.745880634155287936e+00
1.564287078500827821e+00
2.631873324023177751e+00
1.637555484811182627e+00
2.385108809033867239e+00
2.324342907056876406e+00
1.265983930048419248e+00
1.941780907948301937e+00
2.533271456670139976e+00
1.605030155524721502e+00
2.050359681752018659e+00
2.057318401139470065e+00
2.043438996630187354e+00
2.330643112187115840e+00
1.858880805566892835e+00
2.501224366761731766e+00
2.551936182842183154e+00
1.565648904230943161e+00
2.146420675900257091e+00
2.653357675578559949e+00
2.088543748371323172e+00
1.502352436144481329e+00
2.312963300631492025e+00
2.660805210486988148e+00
2.111247032974949533e+00
1.785069437765082201e+00
1.858113176786318821e+00
1.914879134261039395e+00
2.420770412101473923e+00
1.697574803579518177e+00
2.238262508535219020e+00
1.487191793952774344e+00
1.399686821535164549e+00
1.755683516245133857e+00
1.391081019032008204e+00
2.760241903972915356e+00
2.192973004026793404e+00
1.628749035609800000e+00
1.875749766818914921e+00
2.315771422771414567e+00
2.154040517870792648e+00
1.554607016912789241e+00
1.165638892082982103e+00
1.965270146233563775e+00
1.162550406831520666e+00
1.999236409502507694e+00
1.652888960621589520e+00
1.989657339940879455e+00
1.916142542728986431e+00
2.406056485093689634e+00
1.978295534533619504e+00
1.127274946935940214e+00
1.981679307134987633e+00
1.884451910950803111e+00
2.094275850870157996e+00
2.594261613755458828e+00
2.099442857497916926e+00
1.785772302229959863e+00
2.024005739382672253e+00
1.895137863352774676e+00
2.432253698906980066e+00
1.515667667902063531e+00
1.902407296550937765e+00
1.603131042035337739e+00
1.796860891938562466e+00
2.424555654143414785e+00
2.226394259782509266e+00
2.436987274748150689e+00
1.325258577829196760e+00
1.675223646126793531e+00
1.409288965887202316e+00
1.843525297388619588e+00
1.669159832844083091e+00
1.488777128889199108e+00
2.275469326040140849e+00
1.899904727512283564e+00
1.586475859322004744e+00
2.215710555077639921e+00
2.729187051612791404e+00
1.650339160724409560e+00
1.837306399103744603e+00
1.629908303473710074e+00
1.581600363938591158e+00
1.827092110045440254e+00
1.964872332405855238e+00
2.160964665830106046e+00
1.556219813848470856e+00
2.388963904795195603e+00
1.663769004747244873e+00
2.420520360558449546e+00
1.486426947825947309e+00
2.764372412382910760e+00
1.678949744203947159e+00
2.451367972261648820e+00
2.330592396952935630e+00
1.873609029549625493e+00
1.361139232853008085e+00
2.338381295276845240e+00
1.773907370776561576e+00
2.954984863198419909e+00
2.111705279257987122e+00
1.102840291272288775e+00
2.670137260169250570e+00
2.031102660567559948e+00
1.928936121098104639e+00
1.513232106971312607e+00
2.289425529210783239e+00
1.674802148379226363e+00
1.228848087856168059e+00
2.126513234066243818e+00
2.838672259140801124e+00
2.043685432422557291e+00
2.317599663032051005e+00
2.380107419213710607e+00
2.259189762037564719e+00
2.514588380527598144e+00
2.773968000998881411e+00
2.068538628297189153e+00
2.349676478262565205e+00
2.095094052901281145e+00
2.276192789535775418e+00
1.787213386579497909e+00
2.215442257877808352e+00
1.759658035081328231e+00
2.600472218981059402e+00
1.955945364088387262e+00
2.078528702452389965e+00
2.097987268005346628e+00
1.839518632882517490e+00
1.993719422657144635e+00
2.146010319291674406e+00
1.486053279251551729e+00
2.923286797747975285e+00
2.131994178141999541e+00
1.706360205866325197e+00
2.580886111316907261e+00
2.071094952884608986e+00
1.412652798993208725e+00
2.232395874279985648e+00
1.612074634078580981e+00
1.777811925041908214e+00
2.201157523207204925e+00
2.407560164932391444e+00
1.422390973036851358e+00
2.369817417224943323e+00
1.714306171692312475e+00
2.281747953646570348e+00
2.115528966425958224e+00
1.243065361017606785e+00
1.420612975948865264e+00
1.577694266699331882e+00
1.936357876388717703e+00
1.978530525717814292e+00
2.145782472626824422e+00
1.060940001464469429e+00
2.127379952591562429e+00
1.917793517161054950e+00
1.681866604403476018e+00
2.260566176152432938e+00
2.172771514492838563e+00
1.782658224560237370e+00
1.897802606428744543e+00
2.075245754805053799e+00
1.653896342974679579e+00
1.572313720979394702e+00
2.317220215731265576e+00
1.495674255326668423e+00
2.786584725188146372e+00
2.230894164912860411e+00
1.621131557555356206e+00
1.800422814008945327e+00
1.955368385910798423e+00
1.727612376869020139e+00
1.905658424619148805e+00
1.835244252648210894e+00
2.016057883947747431e+00
2.257490592763042869e+00
2.288320645370108153e+00
1.386555354174426435e+00
2.411171306940988579e+00
2.642840841999301915e+00
2.663527755499376148e+00
1.378527819122445930e+00
1.661079419961690284e+00
1.325594888061522258e+00
1.400733483749768471e+00
1.840990150391043523e+00
2.152090354830450636e+00
1.598944391471720294e+00
1.625606869998370341e+00
2.015227089208227795e+00
1.436540283807936857e+00
2.102653012581064296e+00
2.061138145872303706e+00
1.960732835585792033e+00
2.305358569989384598e+00
1.955975902564050184e+00
2.317132854598957792e+00
1.995345773329535444e+00
1.965854926692353288e+00
1.405261935112593230e+00
2.583813791781277125e+00
2.764676358560458347e+00
1.934003092911307675e+00
2.125644780968986680e+00
2.707430520685265130e+00
1.660226644050863509e+00
1.487827009073998230e+00
2.397280418894546461e+00
1.921659067908157326e+00
2.084956055888654625e+00
1.918643329236705330e+00
2.484664394086764538e+00
2.135879671257576717e+00
2.570520797630427623e+00
1.771393802534800166e+00
1.428461583459499806e+00
2.587223856468504835e+00
2.633174327142969950e+00
1.775549183006122078e+00
1.532134740911324622e+00
2.616369049219795961e+00
2.139665065853749049e+00
2.182387843979662456e+00
1.778260194778468417e+00
2.402135931981819628e+00
1.821731114089140791e+00
2.233666039519355273e+00
1.167557763073171495e+00
1.768947888958235737e+00
2.031852026277804590e+00
2.010482209500259465e+00
1.736781717301389305e+00
2.464708830075727164e+00
2.602466586713596985e+00
1.655661427995829271e+00
2.314745689995764799e+00
2.177832399391560259e+00
1.588218883380953184e+00
1.807094875772258913e+00
1.120409763588135821e+00
1.518641619300693524e+00
2.388656441302661193e+00
2.156917131289833200e+00
1.176805876771735759e+00
1.733275511486448206e+00
1.734478136029600437e+00
1.506207750656111344e+00
2.159836466081761941e+00
1.872925411874757140e+00
1.374950401054521709e+00
2.307390267198732747e+00
1.659059593015280498e+00
2.569900199764863835e+00
2.376550427553441480e+00
2.319901006352111494e+00
2.065730895422968505e+00
1.934946215716263795e+00
1.663686698405163700e+00
2.609554854023650172e+00
1.109599503612909821e+00
2.842475727797729057e+00
1.339218289965480979e+00
1.805114094684621584e+00
2.300391132776780090e+00
2.395214676106191654e+00
2.724370744762396601e+00
2.613977512468308007e+00
1.702550905979486107e+00
2.042388961908431888e+00
2.736937887692083571e+00
2.500022709916718711e+00
1.774114816325440103e+00
1.523083956765324487e+00
1.380186912520599885e+00
2.434720645369427672e+00
1.397666016252764987e+00
2.351227891425094363e+00
1.523411600875479444e+00
1.978527926865674136e+00
1.816582005060201954e+00
2.082193109731436120e+00
1.834615373150890294e+00
2.226547721142679848e+00
2.179510035131491996e+00
2.558460831919377565e+00
1.619838400887315233e+00
2.556159506498034695e+00
2.620040311109140596e+00
1.980146147660608813e+00
1.471803887219649276e+00
1.870348835359432638e+00
2.145087225915685902e+00
2.182941423086771415e+00
2.390111056168159998e+00
1.769983101959326399e+00
1.875215312025135805e+00
1.907625603100735923e+00
1.834271880238290464e+00
2.250137793104178385e+00
1.593073802349218582e+00
2.241866480914399329e+00
1.779391030368254745e+00
1.971958776409176384e+00
2.090473661847721765e+00
2.198878115666000443e+00
2.388810974687186839e+00
2.273542490173523500e+00
1.714005154312875145e+00
1.614618922922374633e+00
1.244387584309090578e+00
2.679504637176949977e+00
1.882540698313408978e+00
2.222153319880589173e+00
1.783177068502041163e+00
1.981783816925142938e+00
2.022046189768644808e+00
1.726238795124418246e+00
1.662167671798304269e+00
1.800356574389502029e+00
1.992478800936886785e+00
1.482173449888856132e+00
1.737262582323716220e+00
2.676070990965986329e+00
2.009203936538940027e+00
1.613568869855491528e+00
2.020008961144477588e+00
1.205290002502209301e+00
1.798865142664965333e+00
1.614147286795459824e+00
2.235550598055002336e+00
2.334051003308808436e+00
2.545670365688077474e+00
1.374561117359035967e+00
1.610291656460358656e+00
2.251252217773553888e+00
2.709471123074445487e+00
2.305945857204819038e+00
2.586336099110110531e+00
1.705714852414826677e+00
1.494675988114037457e+00
2.060215021512171063e+00
2.291107385524565832e+00
2.411279803277284195e+00
1.767744386674568124e+00
1.440189340791839800e+00
2.235404853365936084e+00
2.636920580416004967e+00
1.884052948239347103e+00
1.362169279010030376e+00
2.264675840233753679e+00
1.668217779171989434e+00
1.399811305878698064e+00
1.379652764284443833e+00
2.241524564616253823e+00
2.287175099889214192e+00
2.311844502528527912e+00
2.362891612245467510e+00
2.037424805106940351e+00
2.305790319024728419e+00
1.385794699770797500e+00
1.244286279918880744e+00
2.092595833898410529e+00
2.646760224095163316e+00
1.730835710873453337e+00
2.729648564182342696e+00
2.024351937071457996e+00
2.196992926995982920e+00
1.909676693840152595e+00
1.524687260730986482e+00
1.957935326596609293e+00
2.456289990567531056e+00
1.537426625417822823e+00
2.191749582445965849e+00
2.155131149125785406e+00
2.071907884993198223e+00
2.648002630852938744e+00
1.881086836677446694e+00
1.800683580309998977e+00
1.398478625925877683e+00
1.951663152845554361e+00
1.354554452765679429e+00
1.473597474333671720e+00
2.050447561597491308e+00
2.452986190512758125e+00
1.846372496438462019e+00
1.556774522353118861e+00
2.776190626633918246e+00
1.144653706556246098e+00
1.467482280308470166e+00
2.031494021320579435e+00
1.940779704504503211e+00
2.052487305058390721e+00
1.800266671494215043e+00
1.842791993322217214e+00
2.224660080413436436e+00
2.197107911530375546e+00
2.225228476155423518e+00
1.860266635746581354e+00
1.915200841493550188e+00
2.463276714027730296e+00
2.541008991934507577e+00
1.680124719569657366e+00
2.163171337227862701e+00
1.503913912280328002e+00
2.714681534738092594e+00
2.385014791127132661e+00
2.039506415377262183e+00
1.989308734428561820e+00
2.062185829836369777e+00
2.617884524485569742e+00
2.387315713338979073e+00
2.072522786685508045e+00
