2.126814794747229342e+00
2.038262958659237789e+00
1.729508775750836946e+00
2.646621458694789375e+00
1.962670902596366229e+00
2.479576810965927525e+00
2.284084673735346627e+00
2.720824971130607395e+00
2.040386977083156861e+00
2.324899464023810758e+00
2.283728512882660766e+00
1.888318981757389547e+00
2.570365907996159827e+00
1.672542153103252716e+00
2.402955642402273106e+00
1.341173492614735618e+00
1.702948550248869042e+00
2.489035910244351335e+00
2.723060254646988199e+00
2.103280829504431182e+00
1.534556186004584877e+00
1.992719088748598377e+00
1.420753303267471956e+00
1.913546667990293937e+00
2.059804810814093390e+00
2.072430351632302603e+00
1.805050458376584288e+00
2.043576459715111149e+00
2.351329988423264794e+00
2.138004631017054180e+00
1.309809280182407942e+00
1.773620022109938965e+00
1.437459919699098032e+00
2.901222153851810148e+00
1.801644217336517473e+00
1.638418576540531024e+00
2.525819397450610460e+00
2.761263954016958788e+00
1.724060077271563962e+00
1.177047365436706183e+00
2.429274723534875946e+00
1.796446987405660778e+00
1.678234676873259001e+00
2.519998022262434745e+00
2.619537867342954574e+00
1.725599043315318104e+00
2.417167177461743588e+00
2.483950790053322422e+00
1.876754049766097499e+00
1.420118978697898937e+00
2.129136588839882549e+00
1.765177098484526752e+00
1.739170237424691345e+00
2.268713815246048426e+00
1.621957266745998494e+00
1.799560923980632499e+00
1.858196687795824031e+00
1.389596786353396674e+00
1.899850773644340851e+00
2.682621497650484521e+00
2.017382473342597571e+00
2.183493743610149806e+00
1.797555218362199003e+00
2.383797709031787448e+00
1.226431492364125075e+00
2.378118975456600559e+00
1.590562050839380515e+00
1.190208088370148465e+00
1.538012068483348704e+00
2.102794465691063763e+00
1.916956372569640354e+00
1.782431081757991809e+00
1.908340270793880356e+00
2.436088653160045858e+00
2.039398165358755843e+00
2.783515202022609270e+00
2.498127133490090301e+00
1.657871245350795109e+00
2.551143252032949338e+00
1.732989426136751554e+00
1.884205390799914781e+00
2.537266705565429881e+00
2.102840164044160076e+00
1.524244815132282049e+00
2.047494654241876155e+00
1.784714878502981605e+00
2.199272169159025569e+00
2.166763606742637904e+00
2.426058512748256568e+00
2.698194740551326465e+00
1.349476497009062470e+00
2.014719550158271755e+00
1.807883837121880166e+00
1.462180983315092275e+00
2.329031214057836863e+00
1.752371773318152748e+00
2.048530687311695964e+00
1.797403592884274648e+00
2.108667006500383856e+00
1.709632241682094378e+00
1.883811697666930352e+00
2.363251522244084413e+00
2.051449149495323532e+00
2.456678246528690046e+00
2.354224493683582775e+00
2.498866671580010745e+00
2.947177881986307924e+00
1.486108585846090957e+00
2.519297490330047573e+00
1.979786575370424462e+00
1.518269225727006733e+00
2.226099402979989428e+00
2.315405479662722144e+00
1.535347418103185646e+00
2.136869235306961379e+00
2.116306465531521575e+00
2.105630145964798139e+00
2.566983808824087721e+00
2.461071417746663936e+00
2.777513512863470702e+00
1.724763956413098542e+00
1.879580847293898405e+00
1.678030042718946735e+00
2.319438938355230295e+00
2.742472767042019477e+00
2.246999569193893542e+00
1.688147426050659039e+00
2.732881120119464935e+00
2.465419816037725642e+00
1.944845817561272172e+00
1.500831720456187846e+00
1.410438640073770511e+00
1.260018022167849194e+00
2.498811749212037192e+00
1.800003732195396999e+00
1.399493139593787960e+00
2.093632661632407910e+00
2.462342205239201220e+00
2.229552114435374932e+00
1.637481046533843632e+00
2.236470831249687485e+00
2.241282920940237844e+00
2.381285294464563052e+00
2.319025996240442922e+00
2.235978907087031065e+00
1.745632351885696432e+00
1.891784548729587456e+00
1.577349268302119967e+00
2.369222085703259317e+00
2.193918428870513360e+00
1.383296027500576786e+00
1.845372006332706594e+00
1.827754003194374866e+00
2.025439012765145819e+00
2.336053103952000942e+00
2.381716421428845543e+00
1.492948413873109725e+00
1.833445491708947550e+00
2.440567058560535685e+00
2.578113744243121452e+00
2.026528104299436528e+00
2.073040692502494231e+00
1.737434966417842785e+00
1.548007173066835662e+00
1.460633133496645808e+00
2.076987809461689594e+00
1.732698278407261316e+00
2.018163188707889688e+00
1.270647416128316998e+00
2.301794943477850186e+00
1.339719591091100614e+00
2.396860689069124639e+00
2.422384510930534418e+00
2.337325534648915237e+00
2.000213100540992439e+00
2.229197432988536232e+00
2.409794772556342668e+00
1.465785662560499469e+00
2.710293259665624177e+00
1.186788539198306180e+00
2.113427002666286914e+00
1.823701627051391494e+00
1.935958589478645742e+00
2.160245315465931348e+00
2.185752679653083064e+00
1.882075227847875176e+00
1.521543886983764082e+00
1.312546338821512615e+00
2.160496109008211540e+00
1.750640979505902806e+00
2.851857894720855047e+00
2.036039738198084148e+00
1.950620742817165798e+00
1.515946015550209580e+00
1.928972637485097064e+00
2.345844896958661607e+00
1.350374710153344759e+00
2.197433658082964314e+00
2.096981306627740516e+00
2.294792549246717606e+00
1.452914698284232475e+00
2.497237899765543112e+00
1.275112423102528592e+00
2.550159748726117392e+00
1.434978620179601538e+00
1.189390227080668216e+00
1.599560663464089982e+00
1.608916028636130147e+00
2.631346270318623226e+00
1.392593076991932577e+00
2.787829316997567197e+00
2.078926327141830122e+00
2.238386340860329060e+00
2.643206520081251121e+00
2.537614240851439273e+00
1.296360646483698531e+00
2.199412037932808595e+00
2.419681527263739973e+00
2.073593756955193435e+00
2.300168666682300689e+00
1.891279910524529928e+00
1.669605082086282888e+00
2.335547515947746788e+00
1.767192998713458696e+00
2.120608232417907413e+00
1.825337009266187138e+00
1.731995115084243864e+00
2.016426312651498076e+00
2.734684939169063078e+00
1.758898190195655076e+00
1.936927812065291299e+00
1.129731755234238300e+00
1.950982858761404426e+00
2.272296426742466124e+00
2.237516279303884748e+00
2.797907431920836796e+00
1.537137297102093791e+00
2.065733176277116279e+00
1.771794449756614487e+00
2.021434716223397210e+00
1.435222007138151845e+00
2.185935926358889780e+00
1.979443464203161085e+00
1.865961251634394857e+00
1.965682220771315603e+00
2.666667369394923881e+00
1.434548950254194155e+00
1.865539837969760750e+00
2.451584227206664579e+00
1.842656945382134204e+00
1.694569963027217074e+00
2.163640049486851957e+00
1.779335606666834657e+00
1.395393586099313854e+00
1.780527664306487345e+00
2.095904891184864116e+00
2.217294252797054277e+00
1.847292773284247458e+00
1.465044709219697205e+00
2.648324138381773274e+00
1.751891953888036646e+00
1.256345924462270780e+00
2.141285269465187824e+00
1.708361304004317516e+00
2.295161380172081600e+00
2.812369608291904299e+00
1.399802239326063846e+00
2.326272977040303225e+00
2.241719022335310729e+00
2.072614658073708149e+00
1.939979210347857030e+00
1.630462905904480841e+00
2.596068558112366809e+00
1.783492542686191396e+00
1.184888693748369803e+00
2.516972048684831709e+00
1.419441117916552031e+00
1.887281672861856219e+00
2.126950728135572621e+00
2.385431678251021204e+00
1.827404528787738069e+00
1.891265682420505634e+00
1.447561724865028321e+00
2.518595707534407424e+00
1.816578623491697186e+00
1.748328564924928941e+00
1.801770991729410909e+00
1.740807699513106321e+00
2.090771750318445310e+00
1.794821901791082475e+00
1.288186199803231125e+00
1.764342645375633456e+00
1.572903649082252553e+00
2.623122596072798629e+00
2.331621502497618792e+00
2.402748513855953671e+00
2.218872867719021258e+00
1.241294909757422849e+00
2.375932673641040882e+00
2.131599849614820741e+00
1.955783249908631838e+00
2.173093255332498863e+00
2.384913304583504257e+00
1.922208030595865980e+00
1.517742036256877647e+00
2.365514665118837456e+00
2.076565693130716372e+00
2.486831387244075486e+00
2.376281263326211146e+00
1.795243768317806188e+00
2.319316205105174777e+00
2.278294345269902266e+00
1.792127960228203420e+00
1.940927352392790350e+00
1.873652414489588081e+00
2.224854431384189812e+00
2.713217245914445908e+00
2.426174298215633129e+00
1.934706990937759663e+00
1.946605450350396005e+00
2.368188876417021138e+00
1.919652060019255924e+00
1.791492601927236805e+00
2.812001320204030819e+00
2.756703763598146395e+00
2.189600548775542777e+00
2.237251909846337483e+00
1.977926407625681726e+00
2.478082765648152552e+00
2.531839367828632170e+00
2.191721447201715467e+00
2.146801726214776274e+00
2.753201923478251434e+00
1.843763852851584062e+00
2.058951911919058020e+00
1.736333912065658680e+00
2.059088225726532606e+00
1.810435536236151055e+00
2.508953577353112419e+00
2.342728895642785858e+00
1.762220674446153934e+00
1.653556927139147259e+00
1.283538315721569401e+00
1.288143243103163638e+00
2.024477760585765118e+00
2.183685595822853820e+00
2.020587342692238053e+00
1.152621135936831909e+00
1.702119465608744830e+00
1.770800518366158371e+00
2.180347369217126907e+00
2.018917701610555504e+00
2.652457333089675018e+00
2.337496450533443682e+00
2.106084449012122217e+00
2.026495882169812468e+00
1.805681837032086623e+00
1.822995301609831920e+00
2.194232962505435758e+00
2.128140475326584458e+00
2.213972631891755860e+00
1.767841021301697513e+00
2.672659807910548579e+00
2.201457892774410841e+00
2.619401680879242633e+00
1.905239779054570981e+00
2.002402356499942471e+00
1.754271332185974641e+00
1.582264913580083254e+00
2.720796191137663467e+00
1.783048804259933062e+00
1.337817958811581054e+00
2.354625634076948693e+00
1.313513631864339670e+00
2.658592149861807474e+00
1.661463863649380812e+00
2.454886740454055527e+00
2.003133732245836018e+00
2.760423184685921960e+00
1.568614698819668085e+00
1.710327239286488776e+00
2.814351596218490847e+00
1.639908218497203141e+00
2.271455303283583582e+00
2.413780339011864839e+00
1.620733054911088988e+00
1.476050945965631023e+00
2.304452929130866856e+00
2.251278773408980527e+00
1.750849659792098389e+00
2.300255525287639102e+00
1.846263936408363948e+00
2.010127371630665571e+00
2.654842379573325140e+00
1.268759361789014051e+00
1.912375316380117596e+00
1.891838116756608734e+00
1.489623514102940138e+00
1.603164448128276742e+00
1.881844972063430266e+00
1.814696096858801511e+00
2.391900585301017568e+00
2.202208368843095787e+00
2.370881054657193676e+00
2.157612721213296503e+00
2.138403543705791776e+00
2.256479012403505457e+00
1.981547318972494143e+00
2.424756488942631627e+00
2.543984287736805516e+00
2.212691174775351044e+00
2.043129943201399179e+00
2.391302734224791227e+00
2.569083076453845038e+00
1.880225913242248303e+00
1.844229679773004893e+00
2.169242168916911240e+00
2.564571976059044189e+00
1.114583929802466233e+00
2.395230294882448874e+00
2.141444790901728901e+00
1.672005739444691885e+00
1.623941769902030874e+00
2.612491053494197857e+00
1.762497585315407900e+00
1.938261218940117603e+00
2.444814291681598473e+00
2.332151819222876732e+00
2.265090954516886246e+00
2.342925845946562724e+00
2.607375598166987274e+00
1.505500214914089696e+00
1.603351624003564346e+00
2.242935883137285202e+00
2.320093378209474366e+00
2.312925451054084647e+00
2.307755211322150224e+00
1.505289407225221865e+00
1.355173705480720026e+00
2.167963162181028025e+00
1.630720749136195025e+00
2.680669323053062492e+00
1.796570484156032599e+00
2.140558325016984398e+00
2.963790319068844603e+00
2.382490086713113797e+00
2.013646775397770483e+00
1.748406037617785236e+00
1.838775180164717193e+00
1.514745545035010021e+00
1.860867792137841370e+00
1.762495802684917123e+00
1.914102103444264458e+00
2.107493530404801696e+00
1.455303465104574645e+00
1.428775888015827000e+00
1.685338549717656065e+00
2.637511766579773376e+00
2.399441434844851173e+00
1.946489865303455469e+00
2.266692699083375118e+00
1.666531514506773171e+00
1.251081946722421234e+00
2.136077508863226893e+00
2.117205262385433606e+00
2.253430567853846878e+00
2.199504870424779934e+00
2.446060052424280151e+00
2.305302084248727290e+00
2.257770826444148060e+00
1.505032769785869418e+00
1.434365580351332214e+00
2.791476889776368431e+00
2.731751750372432674e+00
2.777278796638281477e+00
2.287304396068641665e+00
2.690698386505269823e+00
1.239386759691411211e+00
2.136969192005663487e+00
2.126651056754406355e+00
1.941388614947904934e+00
1.545359324812980661e+00
1.758544746071681653e+00
1.395820601956584417e+00
1.758797033093908002e+00
2.102196497272551312e+00
2.317862114241985960e+00
1.445847328207997773e+00
2.407070698621221805e+00
2.077756267948153379e+00
1.815904258918417558e+00
1.591458058302201550e+00
1.642040790855824550e+00
2.406802637962531133e+00
1.598957810568713667e+00
2.007509683771899756e+00
1.833650370344536595e+00
2.296198555348559545e+00
2.737686169960068305e+00
1.767875344007979965e+00
1.721070366726022538e+00
1.888290611416837628e+00
2.334570411407983492e+00
1.571109876211228329e+00
2.266054143648667196e+00
2.735587054765514559e+00
1.610409457014246426e+00
1.303179582198768394e+00
1.967295760048850095e+00
2.355482568536239718e+00
2.409049942123349997e+00
2.674119601817416481e+00
2.615794843892491617e+00
2.000103983984838685e+00
1.718187460554919888e+00
2.358101995013787366e+00
2.511591416841595592e+00
1.855646124404049413e+00
2.135200508638155803e+00
2.706725036741882029e+00
1.716731715096014632e+00
2.117482648396459499e+00
2.828523660123924532e+00
2.396651941450230971e+00
2.544404330975859274e+00
1.834771305366039940e+00
2.434074320471658393e+00
1.864792129802352871e+00
2.067369845916410043e+00
2.222164316792831773e+00
1.342969568778291212e+00
2.555893960613022653e+00
2.372421326272917241e+00
1.384776642347442577e+00
2.368886509237535520e+00
2.594186484381749036e+00
2.062859293322804710e+00
1.937439246818470906e+00
2.265803098920465608e+00
2.186285389211270580e+00
2.500198543908586757e+00
1.394156725019314536e+00
1.744313226948337903e+00
1.858553649525868767e+00
2.398622593530401748e+00
2.381813973185067379e+00
1.890350283745392712e+00
2.367279492351054060e+00
2.589960463877424068e+00
2.308486586824977316e+00
2.192723699381192048e+00
1.962040485368845566e+00
2.252955318305919441e+00
2.409027070079273081e+00
1.774673871488570143e+00
1.770705134059050057e+00
1.938272272471452951e+00
2.275724773292287395e+00
2.665645889577376693e+00
1.575683171030386465e+00
1.988252301518476095e+00
2.110857302085632270e+00
1.960694996396844747e+00
2.526653606624237103e+00
1.662521756478355872e+00
2.003177893940930154e+00
2.034392277930981763e+00
