1.745828668821980845e+00
2.070471821326465012e+00
1.793276565134807932e+00
1.993908409350138466e+00
2.157218060367309675e+00
2.603100967079848616e+00
2.464049538397834915e+00
2.054969197848969475e+00
1.596029351710978705e+00
1.776324995434588327e+00
1.816281755672566778e+00
2.624729200670915752e+00
1.670074131949907503e+00
1.881553511092562303e+00
2.271241788060008204e+00
1.975582818321460099e+00
1.738896534251311410e+00
2.452186256304500489e+00
1.192147361706377362e+00
1.749616019693453817e+00
2.498089399004983946e+00
2.752471790894807313e+00
1.983514604032050377e+00
1.465579139365083439e+00
2.084043176988186197e+00
2.157755138867490707e+00
1.915247840635931453e+00
2.092141368687961744e+00
2.446416336044288542e+00
1.683622710948131651e+00
1.791900533946016782e+00
2.281020288397122009e+00
1.951661385264108262e+00
2.474606622049025262e+00
2.417196599217984243e+00
1.797207564604096142e+00
1.723007581292681278e+00
2.154645250576717963e+00
1.838306347670289220e+00
1.686665891403519080e+00
1.756838536646747162e+00
1.508024049550285461e+00
2.809119242580128795e+00
2.603019612367603042e+00
2.303865949615833131e+00
2.121711132294800350e+00
2.329742891187084552e+00
1.330929488710725250e+00
1.220668859011553309e+00
2.010884984454423652e+00
2.097546783117693714e+00
1.241524411845343678e+00
2.063813237511627818e+00
1.416755289599884504e+00
1.162546054960371000e+00
1.345291064426492822e+00
1.587382694740574030e+00
1.871320136684345048e+00
1.568584823264004502e+00
1.568746692255331698e+00
1.914603609710068932e+00
2.237583706133920103e+00
1.764330396223456887e+00
1.656506381103115544e+00
1.668171449703226727e+00
1.646257347826233008e+00
2.539894731996278132e+00
1.658226353241675000e+00
1.640164687334648264e+00
1.389487109470572079e+00
1.829776952570010939e+00
2.494751544802530141e+00
1.702903801186889332e+00
1.985308472019334358e+00
2.478458765191579261e+00
2.852131012865709359e+00
1.113048780126060455e+00
2.753336104455486932e+00
2.680151143330813390e+00
2.123990088850613578e+00
2.241489197485492024e+00
2.079115126434238014e+00
1.707881392495511186e+00
1.680290197547088304e+00
1.276951071365383994e+00
2.626137908043142843e+00
1.734217509934685708e+00
1.996800694727941750e+00
1.583482382125012577e+00
1.477712310097838877e+00
1.996170181036950986e+00
2.167425003340184730e+00
2.526577541641083613e+00
2.166598572115446153e+00
2.172241531525857194e+00
1.799481558876014464e+00
1.965519748364029429e+00
2.665652607337275271e+00
1.982469913459224298e+00
2.027601657560895276e+00
1.966615500070251210e+00
2.535796004519544233e+00
2.594339509834914459e+00
2.418545984579426822e+00
1.961974749583173416e+00
1.623148333396875476e+00
2.626098349573186219e+00
1.483860302403903209e+00
2.189078021084566394e+00
2.361217315909762249e+00
1.585735118413178046e+00
1.551122781234633985e+00
2.180611432631549995e+00
2.184625413989472520e+00
2.540122277053639799e+00
1.816974982504381053e+00
1.801786747550541801e+00
1.402492639930101204e+00
2.014643545050383899e+00
2.445617950760434312e+00
1.872451169194593090e+00
2.261477452092518270e+00
1.322572947839244728e+00
2.561861800946347856e+00
1.931278387122978835e+00
2.225323574807201332e+00
2.817477150848262113e+00
1.930196497033369596e+00
1.689182027934537089e+00
2.176797425567531974e+00
2.026294374808011334e+00
2.360423920733245140e+00
2.057661881183008301e+00
1.557794585173943869e+00
2.173159743235209440e+00
2.276723188399368603e+00
2.565805396270518290e+00
2.526550089939967769e+00
2.008811424646342658e+00
1.800503607269689610e+00
2.528269763799815273e+00
1.851423616554177309e+00
2.359896371727787212e+00
1.544230267964213699e+00
2.171833862109431301e+00
1.859421013435069270e+00
2.763353627141702518e+00
1.648959439843248553e+00
1.711034691151038789e+00
1.349825525191133080e+00
1.797343455367100606e+00
2.309533453914791146e+00
2.080876311579487936e+00
2.703882723998306759e+00
2.024932467689370075e+00
2.174854664168167417e+00
2.005888867110479978e+00
2.290584309211981306e+00
2.692811950648481556e+00
2.607906818456126707e+00
1.399044099072855429e+00
2.608524233682986804e+00
1.962729513211458166e+00
1.987407245964776026e+00
2.153384944040967142e+00
2.519442756817777074e+00
2.709950102216753809e+00
1.669651523334009680e+00
1.859773475677940713e+00
1.463059880156368786e+00
2.336996838286573119e+00
1.452833972070256330e+00
1.552588191321849997e+00
2.430029491582137879e+00
2.206666163439495953e+00
1.659117451781802810e+00
2.017061953904585536e+00
2.256251606483342442e+00
2.078445283416722411e+00
2.308663432031273111e+00
1.988891057685513442e+00
2.484395837760224435e+00
1.146372469109703918e+00
2.157051141670181416e+00
2.532542844855422359e+00
2.337559003622652565e+00
2.026735961271431741e+00
1.736743853831571371e+00
2.114901922703783299e+00
1.530109555543950783e+00
2.264538658045673003e+00
2.918978575146555343e+00
2.197491431830587594e+00
1.979448459347806777e+00
1.941148488785732873e+00
2.798846040410226443e+00
2.679035799139096952e+00
1.616774254143344525e+00
2.378948754828553724e+00
2.129111064734559911e+00
2.191366896507854101e+00
2.569416669361106464e+00
2.409756731052154599e+00
1.571100130896557978e+00
2.170417162198020833e+00
1.381950159366166941e+00
1.745874224206965586e+00
2.148902760162234138e+00
1.630954874956602740e+00
1.911690807530245007e+00
1.860850006762662989e+00
2.406839779534011292e+00
2.011272269425028458e+00
1.664686765043666972e+00
1.788276449284522229e+00
2.514926832766760434e+00
1.616588386049498727e+00
1.528647728430386099e+00
1.528237636882623818e+00
1.393906076382328996e+00
1.604736652539307862e+00
2.391509220914162626e+00
2.406461275069609940e+00
2.449132403370411382e+00
2.865813208522846267e+00
1.423260435648542543e+00
1.473781108486373004e+00
1.451776774288533467e+00
2.135139887565507877e+00
2.046123405579102439e+00
1.565829221673397775e+00
2.061431864775892464e+00
1.599146341462847509e+00
1.702164518967205886e+00
1.998710721202945795e+00
2.538715803890881695e+00
2.038205441962237074e+00
1.352874307049444225e+00
1.331800182589491621e+00
1.653272971408859426e+00
1.407334055712928134e+00
2.799093432058970876e+00
1.818784340121562870e+00
2.226131459176309946e+00
1.509532619842594681e+00
1.987591257263481070e+00
1.267797021604752938e+00
2.368092035849415744e+00
1.824307982188976940e+00
1.732784691324695814e+00
1.900325968145892386e+00
1.903850799362133195e+00
1.962006811000403861e+00
1.752656090759323604e+00
2.647792277298610664e+00
2.205660546539547795e+00
2.055891099164683489e+00
1.838309649800307533e+00
2.313239320852350289e+00
1.661814616970834102e+00
1.455681038237554681e+00
1.471008778087273594e+00
2.066361928634706580e+00
2.714250469108630881e+00
1.715222822931872448e+00
1.593281995363454495e+00
2.311127693890209223e+00
1.824521958416626344e+00
1.554715624414864994e+00
1.220796408762426566e+00
1.973885979059811557e+00
1.946376418506408967e+00
2.277794374703518088e+00
1.803197926699787290e+00
2.645208366034568215e+00
2.151857453920857033e+00
1.602424701323346135e+00
2.859715373478127098e+00
1.870009899713422463e+00
1.322724664848452747e+00
2.697423107719282065e+00
2.470425939304734086e+00
1.112572123042975480e+00
2.276180057082068053e+00
1.771551732504276444e+00
2.187401254328056766e+00
1.916600407918125137e+00
1.845581648116259021e+00
1.885524423568468722e+00
2.032287475787149411e+00
2.503795242947962407e+00
2.621392250980396632e+00
1.088396420332866210e+00
1.287510062022767077e+00
2.079364177867464747e+00
1.947092962512447567e+00
1.929625204270602801e+00
1.851047233400241909e+00
1.778461803988696577e+00
1.889359213852451091e+00
1.515207579233382340e+00
2.107295176382103286e+00
1.515210864538200752e+00
2.174036919531725509e+00
1.578358213832744106e+00
2.622894487762952309e+00
2.206230890711183612e+00
1.265411525691660710e+00
2.319751281892210137e+00
1.630224855176105381e+00
2.195203044880165599e+00
1.864487345013291053e+00
2.144696340536559109e+00
2.044753262815524053e+00
1.190270197563093602e+00
2.085787756009107596e+00
1.394179752680404727e+00
2.468081109541761187e+00
1.401685621365354129e+00
2.205509120896435249e+00
1.510752327029719844e+00
2.058164422251116399e+00
1.642620152928442323e+00
2.406215205709262506e+00
2.399346946473143394e+00
1.575950410996857842e+00
2.407059839067374085e+00
1.960762122014673814e+00
1.494999318218005468e+00
1.488781540327383190e+00
2.560582110819527024e+00
2.087621832452813297e+00
2.509972423487230042e+00
1.687304438750619973e+00
1.435952128512302473e+00
1.346310324736407438e+00
1.954492159482361213e+00
2.033047231607328698e+00
1.605219107266272704e+00
1.669218767887878929e+00
2.573115626187012950e+00
2.534020963549730165e+00
1.444711485310994581e+00
2.335770158719633560e+00
2.135323273046419779e+00
1.125248803596974989e+00
1.393726390054985664e+00
1.747366306536866309e+00
2.179420485741076163e+00
1.531520312323775057e+00
1.495080253782395951e+00
2.325696660358147483e+00
2.617131727025986176e+00
2.647867445899636962e+00
2.060950076764059613e+00
1.861071863308698449e+00
1.872697348839431175e+00
2.093804307790626318e+00
1.931772376816891734e+00
2.289210780712657378e+00
1.532842133246369309e+00
2.546505584941330280e+00
2.813785597856796716e+00
2.105812157463908818e+00
2.326639901460042292e+00
1.698204654199302333e+00
2.238673958962035027e+00
1.340641176279676827e+00
1.197889140445195011e+00
2.279011203931924356e+00
2.258531167328369005e+00
1.698218596572422801e+00
1.699025116494476739e+00
2.247643260258153752e+00
1.794959149968199164e+00
1.672140547244460151e+00
1.575257512218582567e+00
2.270660585274542953e+00
1.674376843667208181e+00
1.486526017365622510e+00
1.280251219132110263e+00
2.519627065419805856e+00
2.191262498507914103e+00
2.179758280296894668e+00
2.193945473174962579e+00
2.523136983728024418e+00
2.829544789628468227e+00
2.037567049271829411e+00
2.076212292003654092e+00
2.043329964563304735e+00
1.781624615172038517e+00
2.545486111931562156e+00
2.075480493415348349e+00
2.576255839244018020e+00
2.206832522052482037e+00
2.468299911541487646e+00
2.553337919393015465e+00
2.014942315785182902e+00
1.381422189910070708e+00
2.442564118911500604e+00
1.597847079967413819e+00
1.722495292105140408e+00
2.211764788452702746e+00
1.638602721257047534e+00
2.004327322152826163e+00
1.763899766787027978e+00
2.202275575513327421e+00
1.402191804249184770e+00
2.442767879505072237e+00
2.515498951631482516e+00
2.150049730217155286e+00
1.613513418625499796e+00
2.492651703977461608e+00
1.673376727202626757e+00
2.464918257582149330e+00
2.340814958495457176e+00
2.103198306557821251e+00
2.361742370550568904e+00
2.137908698821051168e+00
2.524822629214080294e+00
1.711973429567698268e+00
1.527902652137947737e+00
1.974090517260095989e+00
1.250978852999106383e+00
1.575183526399626111e+00
2.085571352996150374e+00
2.017829700531559745e+00
1.777280459313869354e+00
1.300663417098753438e+00
1.482391514010578781e+00
1.796094945019208744e+00
2.313487405287547372e+00
1.247767014863069734e+00
1.693688624266486809e+00
2.810986304177524708e+00
2.395094418788330515e+00
2.152437917160847647e+00
2.397227101787648085e+00
2.222088210699613597e+00
2.426208982939734859e+00
2.313159950490321748e+00
1.814816551803977607e+00
2.127110881930961650e+00
2.596100826844740528e+00
2.438118399221715471e+00
2.621152968936131700e+00
1.644824051272752996e+00
2.248622135083529372e+00
2.688216107523726972e+00
1.629180813354274893e+00
2.544131733194118450e+00
2.513989398040612500e+00
1.493052276577434778e+00
1.947004777139133669e+00
2.145265869405984738e+00
2.150743236151152704e+00
2.407042470461989048e+00
2.260267564245480809e+00
1.496698704324625373e+00
2.231320971709480183e+00
2.458187319266243342e+00
1.291988369533706438e+00
2.509555123832813095e+00
2.552577350303139703e+00
1.573112944276191971e+00
1.637788982871005494e+00
1.397441534292399368e+00
1.980671784301587302e+00
2.101343003804120979e+00
1.830747509308420895e+00
1.432559826953855531e+00
2.077617084421949478e+00
1.815918105222612322e+00
1.857660610571520321e+00
2.004107623048869691e+00
1.277071731114606923e+00
1.686497124682713178e+00
2.515420243816317125e+00
2.127102630517270221e+00
1.733301491935049121e+00
2.520721739399923500e+00
1.587321979657819959e+00
2.215212431829966633e+00
2.303446198757677088e+00
2.487497165549941602e+00
1.584581324283553805e+00
1.944946936619585509e+00
2.503565048538408000e+00
2.389296313054151799e+00
2.484509885480266078e+00
2.540072474959569337e+00
2.081478568225066716e+00
2.073132118112623434e+00
2.470666577719420332e+00
2.073167980152995415e+00
1.428945669808273422e+00
1.565518755426797526e+00
2.217649991235130180e+00
1.621226757398588347e+00
2.412015981079927762e+00
2.511408885968564597e+00
1.645756833641060624e+00
2.887439060051200990e+00
2.323195099673294184e+00
1.739095710781027204e+00
2.010160126039360229e+00
2.124100778320082483e+00
1.591026409365002836e+00
1.862648825401454822e+00
1.723307552995974934e+00
1.646035112316313054e+00
2.113082269643847155e+00
2.445065364985254508e+00
1.470082683086396669e+00
1.922266536707160078e+00
2.347146512793422346e+00
2.312347542992393201e+00
1.870154508158630158e+00
1.451094304622480458e+00
1.258330000618242295e+00
1.793431404750930103e+00
2.494535330481316926e+00
2.115101072517523662e+00
2.010249283266707820e+00
1.516028886527894803e+00
1.949472386923827516e+00
2.231718132040277691e+00
2.245054407396569474e+00
2.311266740183353541e+00
1.664657450326463284e+00
2.180673299475466287e+00
1.363617739561611142e+00
1.753916430200711307e+00
1.959732642680409809e+00
2.548246547277503105e+00
1.601667004041024800e+00
1.928785179461874000e+00
1.472631925038792922e+00
1.326510823534678307e+00
1.683273665048736767e+00
2.674895269858601932e+00
1.820009102036830084e+00
2.040604184212311267e+00
1.537792009971624907e+00
2.234069195750363779e+00
2.445924404199139701e+00
1.367145727689686563e+00
1.793270024370857918e+00
2.737262913656770991e+00
1.837045337892710739e+00
1.858176665904909042e+00
1.451840760009887044e+00
2.602126365849085854e+00
2.296348098196943521e+00
2.428982178470802555e+00
2.653676280511517938e+00
2.772030297200017479e+00
2.232488924793576857e+00
2.210045477003958148e+00
1.923088914516922543e+00
1.787933404161318629e+00
2.521801627496654596e+00
2.587398310445787164e+00
1.747485178914111925e+00
1.565971302789947561e+00
2.411575867878528179e+00
1.863689863563263716e+00
