1.832362800755772625e+00
1.729644528268759140e+00
2.771291236916872069e+00
2.403729237416520004e+00
2.064655893233521500e+00
1.941721390247663548e+00
2.147178775687040186e+00
2.509404252753724585e+00
2.485544237943152712e+00
2.713667010434763327e+00
1.326377028595869811e+00
2.519831802798536913e+00
2.307177423278982786e+00
2.229441787183322532e+00
1.643926267851670842e+00
1.197824632227290076e+00
2.290208356145401858e+00
2.652265748192838668e+00
1.564538967653852364e+00
2.576894203748211432e+00
1.430090441802777557e+00
1.842642494520781105e+00
2.172585292256411726e+00
1.740877236312552423e+00
1.910345493473784906e+00
1.926584413729510281e+00
1.911703218894292622e+00
1.903215558641536687e+00
1.409122431890476257e+00
2.355160582833916827e+00
1.955064289144125222e+00
1.800845812197024109e+00
2.208029265159327181e+00
1.486291763429777424e+00
1.803310923655114362e+00
2.144752488402017043e+00
1.389007417868228345e+00
1.924435771822638142e+00
1.608985506813343846e+00
2.418796869917021475e+00
2.666116763239664511e+00
2.194768955770195262e+00
2.085781131753669193e+00
1.593504541286084208e+00
2.801315579015092538e+00
1.451270102969262732e+00
2.516160617019239432e+00
2.101078794286570961e+00
2.111029292891132059e+00
1.471616750379857619e+00
2.012953664003585885e+00
1.961748804245056599e+00
2.521939129160883031e+00
1.919330421931059849e+00
1.390699634395218709e+00
1.912278950489631146e+00
2.049952971686364478e+00
1.838853519578991014e+00
2.196360944184649888e+00
2.282004112792606065e+00
1.837288161946937670e+00
2.163394942334806892e+00
2.179422516172635937e+00
1.542841280649519753e+00
2.081675641280770428e+00
2.183088188668758534e+00
2.080786927361817806e+00
2.205070604641669263e+00
1.823537749199311886e+00
2.448331592908020493e+00
1.970680027227178499e+00
1.993486738920595913e+00
1.946153897698849500e+00
2.201212142960242701e+00
1.730346613408076273e+00
1.876231772693176980e+00
2.415026769336699353e+00
2.808911275136031449e+00
2.372261653196235720e+00
2.210356057495033610e+00
2.469594586178363027e+00
2.094658150494434601e+00
2.381892674399138876e+00
1.573297768330202295e+00
2.218715147077111816e+00
1.774340115654541972e+00
1.649215012850586248e+00
2.080224058758224359e+00
2.133352953443797162e+00
1.291606957612350559e+00
2.233183959826943177e+00
1.556507006282108474e+00
2.529172605277769659e+00
2.182570844204833715e+00
1.711520300489995705e+00
1.997006573284074271e+00
1.899569319393218159e+00
2.014199832919039146e+00
1.757599359374175219e+00
2.586179228021205923e+00
1.933115176446524863e+00
1.661935009901314597e+00
2.109687394360890700e+00
1.712252604649742604e+00
2.300702045167957621e+00
1.701031856367681616e+00
1.863952681907893982e+00
2.365591936714976029e+00
2.503596877729835413e+00
2.682756710113151311e+00
2.190359164632461386e+00
2.623083765220682650e+00
1.096986088798375780e+00
2.082610666644409747e+00
2.140133109879306161e+00
1.135158595278126903e+00
1.667699337276789873e+00
2.386268448176660950e+00
1.896908435749208532e+00
1.403164935129951996e+00
2.278128851967932356e+00
2.229525882558033523e+00
1.786759809997090720e+00
2.215968471720927813e+00
1.898552555264521935e+00
1.747199822556267268e+00
1.403247724851220068e+00
1.838077997540158659e+00
2.606510631153974078e+00
1.263610069212012910e+00
1.328071410801838548e+00
1.830220435832130121e+00
2.455485346214547171e+00
2.024884600389282419e+00
2.623323828885072651e+00
2.067779539939833988e+00
2.661593537133796872e+00
2.336661437679349973e+00
2.167552147608454050e+00
2.247763676036810487e+00
2.265262977295081193e+00
1.951802501992860650e+00
1.505356631863491224e+00
1.174519813130179058e+00
2.563334424775855602e+00
1.652514129608515514e+00
2.629996321194803421e+00
1.718965866865940662e+00
1.279939953285369247e+00
2.003670673587552464e+00
2.279790368219378749e+00
1.921872834879329695e+00
1.619304296980770275e+00
1.628841681265231323e+00
2.072080023661548864e+00
2.489337467409180604e+00
2.314686652486314333e+00
1.467618972025119817e+00
2.535443000330809049e+00
2.031347882570858410e+00
1.960039295378888546e+00
1.554781320969920611e+00
2.358484063163325040e+00
2.460948684548818655e+00
2.298271735839622298e+00
1.629404052220683408e+00
2.209844182197769680e+00
2.168491638922419362e+00
1.892323082338776219e+00
1.727971684112905582e+00
1.554511071742838757e+00
2.230822868588667518e+00
2.502644087610833346e+00
1.598168025991127061e+00
1.906290801651575162e+00
2.219413359972969957e+00
1.769594930025550905e+00
2.657059249044922744e+00
1.468782770276210181e+00
2.203040810884109746e+00
2.631412363108997621e+00
2.053315488922365706e+00
1.816552235518110958e+00
2.120915799817022496e+00
1.430789775863678726e+00
1.280307581988319177e+00
2.118932139614512433e+00
1.641825314006750247e+00
2.226741229183273774e+00
1.902531121330806929e+00
2.107582871488386189e+00
2.534778734141598378e+00
2.729320494317477142e+00
2.260123126733470045e+00
2.744786616475576757e+00
2.085871079166046194e+00
2.329560166274633026e+00
2.314367674849205248e+00
1.866732704870279536e+00
2.151776417469068114e+00
1.158017939858624112e+00
2.706861172561023210e+00
1.211714516038340461e+00
2.482847285249636382e+00
2.268585169146642322e+00
2.057566967558289495e+00
1.809526026899798357e+00
1.891524798563419818e+00
2.316204520360581220e+00
1.639961069474357380e+00
2.487679606100648755e+00
2.425951805184233478e+00
2.498297816246968672e+00
2.594020663335150800e+00
2.252068796265639605e+00
1.789138306722140914e+00
2.280544455731156717e+00
2.764307239929926219e+00
2.042484144384200562e+00
2.022951170481825045e+00
1.140174876178250862e+00
1.966612442931617410e+00
1.882295881944240135e+00
2.200025750644682532e+00
2.318165665648877827e+00
1.953620505592764456e+00
1.856171985900926913e+00
2.106092609642824964e+00
1.932687967190066525e+00
1.713294022029260733e+00
1.945431033478592475e+00
1.408480893325878558e+00
1.859695340832420829e+00
2.139510188674142999e+00
1.317103445047395960e+00
1.822254211391227230e+00
1.975609935215318025e+00
2.298145349082855393e+00
2.395107437764401936e+00
1.678359225310073199e+00
1.457290213297826487e+00
2.471030068859898510e+00
1.591931043855552952e+00
2.503788011596092655e+00
2.229785057776769719e+00
1.882210061066520446e+00
1.276409271105203302e+00
2.317629253077143847e+00
2.271019110063051460e+00
1.809780975101920930e+00
1.960336767705644245e+00
2.180955277303061379e+00
1.746140701802545436e+00
1.141152486865620652e+00
1.760978417818747310e+00
2.041160672626836536e+00
1.155451315348513086e+00
2.576909239314715272e+00
2.185464901044695374e+00
1.743985347947722531e+00
1.477437588808027558e+00
2.124880651307169188e+00
1.663996321856214156e+00
2.050997298212398512e+00
2.475752588545028221e+00
2.381225889901563253e+00
2.189122473228554355e+00
1.821821157251830581e+00
1.473951401595614774e+00
1.099080584847673014e+00
2.439937824908646746e+00
2.427633460663344067e+00
1.906741925875516053e+00
2.274825207916814307e+00
1.668929085726231554e+00
1.735446184428356853e+00
1.660777869843338861e+00
1.681974250982559926e+00
1.572691371892800394e+00
1.787749121701778465e+00
1.708494445772489989e+00
1.607476790789737375e+00
1.448090884285114344e+00
1.115717484713343755e+00
1.876285709035258709e+00
2.643642350395152718e+00
1.040372475415982656e+00
1.110920685527509111e+00
1.773995247336886738e+00
2.677305850335157444e+00
2.204372873785913622e+00
2.022263710754235611e+00
2.231669267338639795e+00
1.927922734852228537e+00
2.226159977035060855e+00
2.146211495579795958e+00
1.866312460448649846e+00
1.374477494642200925e+00
1.778959237880667121e+00
1.611520951873057550e+00
1.769933374315654007e+00
2.829313375926766128e+00
2.004065804009430796e+00
1.485684652099187986e+00
1.831021902681647884e+00
1.247334673297483487e+00
2.437130312647433961e+00
1.457777158374066850e+00
1.634808658734936859e+00
2.163465184587458623e+00
2.117560684057603559e+00
1.646663588942719025e+00
1.898465747314865837e+00
1.668462077928231535e+00
1.856547562238882065e+00
1.806937265612780230e+00
2.139196866539430530e+00
1.695601363344545476e+00
2.202331962732243742e+00
2.101755253010634483e+00
1.738364538968749207e+00
2.568235654455106598e+00
1.712279508444391363e+00
2.181732296143285232e+00
2.576889252287330123e+00
1.721701549933480013e+00
2.219389699113900605e+00
2.351180798409945982e+00
2.331002979324998226e+00
2.251066938003212670e+00
1.399912435616691209e+00
2.255150202258789705e+00
2.124885652413792680e+00
2.287362436546516609e+00
1.963743193244606111e+00
1.804175616585476982e+00
2.042491268382860881e+00
2.556348343202226481e+00
1.589683150261555600e+00
1.835716220217961769e+00
2.141885727013142837e+00
2.249396206004348642e+00
1.522918631700525438e+00
1.755029796659886676e+00
2.713615988028585058e+00
1.847982090246375275e+00
1.297550510113770539e+00
1.756462122615138233e+00
1.832185642231700662e+00
2.073164626247695708e+00
2.749984974501590962e+00
1.337691217941786359e+00
2.843507124635880068e+00
2.799927746870272571e+00
2.252924205688949577e+00
1.727227255695966024e+00
1.287730499230826720e+00
1.682888319823194090e+00
2.179034941598559705e+00
1.546564196819468551e+00
2.656754497006279969e+00
1.575747701172389714e+00
1.376820962287505612e+00
1.890092602001614885e+00
2.549226993013534504e+00
2.170577729651794296e+00
1.968148484852766611e+00
2.185620752650543785e+00
2.768594475817213407e+00
2.347289244248444096e+00
2.123459559482319570e+00
1.547789205482227093e+00
2.656453509402456170e+00
2.306353772568960903e+00
2.162187213637673633e+00
1.701598515327137129e+00
1.986112888184953018e+00
2.266115713308680668e+00
2.226975695765712082e+00
2.433281664607596539e+00
2.308493057528766101e+00
1.901724548219457800e+00
1.488974085163468519e+00
2.640440352153208270e+00
1.587017063772913517e+00
1.490715750731738343e+00
2.316891193484551970e+00
1.943999044422805689e+00
1.844917568380351369e+00
2.093684018217811804e+00
1.581107899866516231e+00
1.618438512684202468e+00
2.260091414255052555e+00
1.864626096395286758e+00
1.701736789026186747e+00
2.262207380083369745e+00
1.128400003519489214e+00
2.313435070367313884e+00
2.158577282926090746e+00
1.617413723442185702e+00
2.137523971375054010e+00
1.921314757311364030e+00
2.478972144005981981e+00
2.458796520815235365e+00
2.028796240007895157e+00
1.439547040302916026e+00
1.943424628450828084e+00
2.709665404896160368e+00
2.181108625290549163e+00
1.305885486544691165e+00
2.419026249443314125e+00
2.094366427022647414e+00
2.005182958902384183e+00
2.446538660321463166e+00
1.512970337255616027e+00
2.397993012480202690e+00
2.086202738936745238e+00
1.599781528794011365e+00
2.007402081845259367e+00
1.882639292681156817e+00
2.099038424259915825e+00
1.965517328075517822e+00
2.590739532661694433e+00
1.806942375941618772e+00
2.043448465574334350e+00
2.365955367986531055e+00
2.617414421703798233e+00
2.310243803362643789e+00
2.263288827868816355e+00
2.062546399402436670e+00
1.496767807366900627e+00
2.559056605475882318e+00
1.918522378990646704e+00
1.887582535056516742e+00
1.813966936026577326e+00
1.443841702498190216e+00
2.188313849656355004e+00
2.390775597868939339e+00
2.380039168881972422e+00
2.319031113208454009e+00
1.743245069537466163e+00
2.047166350519886713e+00
1.946881010779263566e+00
2.565462080098356523e+00
1.567319799180957318e+00
1.919100177867133716e+00
2.530897712106073172e+00
2.089275092805968015e+00
2.176736849160134213e+00
2.092241244944984313e+00
2.417906516946199069e+00
2.150608661230999807e+00
2.399267772644091412e+00
2.276455940454049642e+00
2.310577251043215430e+00
2.408043412541474027e+00
1.743093016868967560e+00
2.280625936742595616e+00
2.419061415015456795e+00
2.051216454068504724e+00
1.914549642532708207e+00
2.055677803450732810e+00
1.542665589667554737e+00
1.283681769680236728e+00
1.407617861961108829e+00
1.927268407379499893e+00
2.847288901459735122e+00
2.329181825890099589e+00
1.672991081408044867e+00
1.777300888574168347e+00
1.666209349784243843e+00
2.016484265251143437e+00
1.983142162006127140e+00
2.287438037376015920e+00
1.740518205673739605e+00
2.111285575875137432e+00
1.975512212723533834e+00
2.055265213611880082e+00
1.958852886663682513e+00
1.804996860638927281e+00
2.394542293796050547e+00
1.317060594754070113e+00
2.268400514699073334e+00
2.735170459014602429e+00
2.327732560919886673e+00
1.790126108206345545e+00
2.428223459902833170e+00
2.069005715796168765e+00
1.671211277212359736e+00
1.589957128901507311e+00
2.057614815974774025e+00
1.793816322748054581e+00
1.726332294297665992e+00
1.330083355387408295e+00
1.410756289443040101e+00
2.104114706772252319e+00
2.704362610657464749e+00
2.467834341317988844e+00
2.190886338207114648e+00
1.988056191254781613e+00
2.534356093725146142e+00
2.578729561376376545e+00
2.019723353865554571e+00
2.042843655965350447e+00
1.310837187546225691e+00
2.399116263247825565e+00
2.416137102138674386e+00
2.639499667260706950e+00
1.565463468735327712e+00
1.826797375511051591e+00
1.578699789164298206e+00
1.849296386152007976e+00
2.421947911352161587e+00
2.430440072817630526e+00
1.293123590330543138e+00
1.368473703839973910e+00
2.202594490814568484e+00
2.264789734298768842e+00
2.721998095124146921e+00
1.719138878652244129e+00
2.501049026424142951e+00
2.328445097434934219e+00
2.011363447991444620e+00
2.683384799699688017e+00
2.358211721419096740e+00
2.152488082847071382e+00
2.281159181729558227e+00
2.032799364638019135e+00
1.309988709698104214e+00
1.990970234748335788e+00
2.697676734067461446e+00
1.655414475440127209e+00
1.739533628022781331e+00
2.305592444647294403e+00
2.163705298426550350e+00
1.544239168963275066e+00
2.106115142008406771e+00
2.478030576062001167e+00
1.988580838780653615e+00
1.397163211458368748e+00
1.987078702011000342e+00
2.029267516936281268e+00
2.348514905457142810e+00
1.421158361657190339e+00
1.887422799879100666e+00
1.887704051373823910e+00
1.593405664439546898e+00
2.175828877216568813e+00
2.185782851533604187e+00
1.683092093083434548e+00
1.807408907219608896e+00
2.804827712947465024e+00
2.497787134438061774e+00
1.818991303818499494e+00
1.823872305373793523e+00
1.716755282716873277e+00
2.385854607476348921e+00
2.044714461147123519e+00
2.597858150106013397e+00
1.938019902864994926e+00
2.165217771776632105e+00
1.974968016325265419e+00
1.467949279665649032e+00
1.487999409816804786e+00
1.820336708123767577e+00
2.645971589944269287e+00
1.853441257474750969e+00
