2.211990244098572589e+00
2.619330512120691790e+00
2.110814943013650247e+00
2.672704459291783241e+00
2.187107522120224523e+00
2.088932446344596627e+00
1.395965165438018296e+00
1.843601145712942646e+00
2.632511909527464944e+00
1.802181752464547149e+00
2.314526125912233390e+00
2.143955154618920389e+00
2.205551437273062465e+00
2.806252782589776729e+00
2.038927486336041817e+00
1.488077008780709143e+00
2.242566073826147033e+00
2.331159926565478102e+00
1.342135955248602519e+00
1.347066987372331326e+00
1.219218282985887303e+00
1.558985222061621823e+00
2.381444732340190829e+00
1.946640563432583404e+00
1.299030639075604787e+00
1.809219096698104767e+00
2.711389092703172743e+00
1.619165984651325996e+00
2.113374860658344012e+00
1.290206600331129660e+00
1.035437090352025802e+00
1.319325516272848109e+00
2.040693153106468039e+00
1.722999398907849145e+00
1.717996461135271602e+00
2.126219331251636646e+00
1.220377962892567059e+00
2.922633757910854335e+00
1.760172784952090508e+00
2.159869152353059985e+00
2.360549821856455122e+00
2.237470064339871278e+00
1.717302506466120038e+00
1.769597043947024106e+00
2.713987007479897073e+00
1.883972047907384262e+00
2.487500247362615102e+00
2.015432016365401147e+00
2.615583656779848276e+00
1.719225953716996491e+00
1.884123116666982289e+00
1.429897094691932713e+00
1.533718886787069025e+00
2.830315989101634067e+00
2.592050651091466928e+00
1.969658585450092314e+00
1.861059675006873526e+00
1.878750168769597551e+00
2.180862057417709998e+00
2.846272659360863599e+00
2.207636186381871646e+00
1.941262787821684377e+00
2.358501844145384663e+00
1.754683430568504399e+00
1.702993283865434471e+00
2.622948416242265601e+00
2.381117348641568654e+00
2.283179712834440878e+00
1.770154926008458585e+00
2.708012503987411002e+00
2.337868710417583262e+00
2.510775795995885851e+00
2.184340758287544482e+00
2.395300899996221755e+00
1.387261901725458824e+00
2.072756905202851385e+00
1.800617243313159754e+00
1.583918921143265157e+00
1.686378893542885393e+00
2.028879494467021427e+00
1.427960718579407873e+00
2.456864822147373228e+00
2.144511365078969778e+00
1.465703365668917124e+00
2.170642671164994653e+00
2.107890864527088404e+00
2.150609041713961389e+00
2.286993425205405828e+00
1.828472162306640669e+00
1.753838552265505113e+00
2.083145017618852179e+00
1.711187237920428705e+00
1.945621604259110349e+00
1.709282872272748666e+00
2.681088133439083698e+00
2.196411019363095019e+00
2.818122427176215083e+00
1.763653293573494318e+00
2.004190248011489928e+00
1.854616403452526541e+00
2.560861130457712243e+00
2.357135290037227993e+00
1.065682867027221148e+00
1.348685551738710853e+00
2.289432613287536000e+00
1.717793406307762005e+00
2.220855845853978217e+00
2.289072620414610348e+00
2.628900688672793251e+00
2.083100666724678085e+00
2.611258700981174741e+00
1.317843805068108276e+00
2.520726913375931133e+00
2.411594340473924625e+00
2.820509174379304262e+00
1.340569896219494295e+00
1.994083743606796855e+00
2.641862610574145620e+00
1.819764172283249160e+00
1.593381255040322353e+00
1.590178860048399478e+00
2.058322195762178453e+00
1.745429634904648752e+00
2.247150548827159255e+00
1.851620876816686856e+00
2.550176590034621604e+00
1.234888322867095489e+00
1.237813835569581800e+00
2.232457442060205466e+00
2.381379950198896811e+00
2.314190916619177862e+00
1.647313848004601455e+00
1.303282521867460630e+00
1.787186501113569470e+00
2.119834711321539444e+00
2.705067882187238038e+00
2.591608165180628198e+00
1.586195704110909377e+00
1.539342755863737811e+00
1.569048977829093250e+00
1.964086224981704598e+00
1.719932252594529754e+00
1.515011685996523916e+00
2.292389070382772509e+00
2.117778738439688446e+00
2.408239155936991782e+00
1.886322815771127370e+00
1.597869523101887790e+00
2.294270402744729154e+00
1.779275813414725516e+00
1.766781625372492615e+00
2.335246915806581391e+00
1.683821178184014666e+00
1.862626788725323834e+00
2.568882935394599443e+00
2.206354856216714566e+00
1.534161350204134022e+00
2.246933697655141948e+00
1.341096024933096764e+00
1.800843992196116794e+00
1.453576150611967988e+00
2.543476797017021340e+00
1.829838582116222190e+00
2.360280928747350515e+00
2.389576711090610317e+00
1.212945480901576722e+00
1.695439013233161818e+00
2.229331316307413324e+00
2.082690563117432170e+00
1.937655255063302828e+00
1.914979162693504211e+00
1.541837846240222465e+00
1.804271303344975319e+00
2.873045185744570240e+00
1.845831982869913013e+00
1.538624926598904041e+00
1.578638938574025818e+00
1.923783708141397097e+00
2.461727264574576246e+00
1.984354395596654053e+00
2.129097302006902837e+00
2.171920407061916691e+00
2.219929590955678655e+00
2.595252088113084277e+00
1.817668773744800959e+00
2.185351894342761447e+00
1.889236338059739895e+00
1.675814948156709505e+00
1.216547502951186077e+00
2.706922613004611566e+00
1.278575470017707216e+00
1.806407858064098093e+00
2.838313147062364372e+00
2.584621608248534042e+00
2.013486479781732008e+00
1.599567178352444774e+00
1.349975968125154191e+00
2.142597467933395006e+00
1.414750391334096191e+00
2.272532335909009493e+00
1.735125922879634963e+00
1.237619699691454578e+00
1.636117362921685192e+00
2.356216179594436966e+00
1.913616661539573771e+00
1.983441874540797567e+00
2.462411774821492649e+00
2.070145521024510771e+00
1.262186998768976220e+00
1.706888268913082651e+00
2.072428886347826182e+00
2.177445532039741227e+00
2.356761300206618337e+00
2.472164373545238547e+00
1.746220909485101336e+00
2.575306035360520607e+00
2.282543831084578478e+00
1.987312895803754031e+00
2.259869516747365914e+00
1.710974278718711217e+00
2.436706420243604843e+00
2.040184404991156608e+00
1.263379302152406902e+00
2.360067044004835246e+00
2.842633084646064123e+00
1.365229511422876074e+00
1.476345728071097652e+00
2.209302453203512151e+00
2.214574027518047661e+00
1.204853658522695659e+00
2.526202320446553795e+00
1.917174837986791669e+00
2.621038401977327403e+00
1.658258488003530706e+00
1.945113700707928217e+00
1.814149745628995447e+00
2.228289245388328954e+00
2.522183134032928820e+00
2.311355341533868568e+00
2.115995600296822321e+00
2.155798900029403775e+00
1.983218679773954607e+00
1.871331031263764100e+00
1.653990932787644974e+00
2.786465668973918675e+00
2.620566297735757999e+00
2.483348158587912469e+00
1.721718460951966900e+00
1.770636961674681320e+00
1.728915223904382126e+00
1.560010271660266845e+00
1.967028607537074869e+00
2.065249091454018249e+00
2.155724893095096739e+00
2.548290731888795513e+00
2.053425681771730904e+00
2.573397037328770232e+00
2.083225144748687363e+00
1.765452170539455246e+00
2.040330251725856581e+00
2.042696151316245157e+00
2.290862209924769743e+00
1.527426052321085415e+00
1.817626684489634936e+00
2.488131915273638306e+00
1.805417076761080430e+00
2.164779789079164907e+00
1.869033736265641066e+00
1.442702449581548585e+00
2.035162727761414381e+00
2.043247054336544188e+00
2.107089372966189700e+00
1.526327329386811149e+00
2.351330356836824009e+00
1.529831485708332606e+00
1.607776044263202309e+00
2.043179975846326268e+00
1.849529785771250712e+00
2.000924594102174492e+00
1.836610181432058120e+00
1.716051994853229790e+00
2.318958357222996369e+00
2.285213335688090375e+00
1.848283207276536944e+00
2.205157914044283629e+00
1.884280535413604740e+00
2.569062383103308811e+00
1.674117043931523607e+00
2.087560499179485163e+00
1.832813913467684852e+00
1.417637174407151202e+00
2.556276387762136171e+00
2.531281792797312580e+00
2.655553166293553424e+00
2.135235444155981099e+00
1.721465674658621881e+00
2.166312474742459138e+00
2.360557909069877169e+00
2.332565954073299253e+00
1.353094088405599749e+00
1.595242147263613797e+00
2.626282465631387453e+00
2.340366766737139059e+00
1.810612987805895191e+00
2.328907925276626045e+00
2.044659387387840255e+00
1.606775722575545018e+00
2.242194931815746362e+00
2.260300047106581278e+00
2.468827774126431063e+00
2.242660851196658811e+00
2.752735659501365451e+00
1.799499434198294168e+00
2.234092810452353639e+00
2.057931445927544178e+00
2.344984147863594881e+00
1.348888689490277848e+00
2.260922632103057772e+00
1.439522075341193030e+00
1.952223910788921657e+00
2.008373767170550828e+00
2.295028627620899542e+00
1.340140735267110639e+00
1.385948937712466522e+00
2.160288830080348887e+00
2.589017833002865920e+00
1.601239251879637671e+00
1.452411276276114327e+00
2.142542049371075841e+00
2.035129542116943746e+00
1.670739129809239998e+00
1.835994157623873635e+00
2.076597864805423299e+00
2.046343200598617518e+00
2.407410899699524265e+00
1.899188330947744863e+00
2.336049611629433365e+00
2.626561244976063580e+00
2.065738702790894443e+00
2.404717086726036790e+00
2.145183998723291907e+00
2.814622399694264310e+00
2.363220556903975478e+00
1.409730438764731142e+00
2.085980650738816777e+00
2.575422763861793474e+00
1.870706474503965433e+00
2.278281445192245513e+00
1.728031222085681495e+00
1.816781244446115551e+00
2.452742043366284541e+00
1.736681047501191788e+00
2.147614773960961010e+00
1.491521698193443823e+00
1.692778883616485652e+00
2.664064650214973184e+00
2.208183441470665365e+00
2.427555612204364444e+00
2.316490118503621964e+00
2.356489510439625512e+00
1.898140073600454780e+00
1.818992643576666346e+00
1.926089361599184535e+00
2.367724814032671876e+00
2.175610615770159573e+00
2.386357040240211891e+00
1.531008835923820310e+00
1.607989907101498250e+00
2.443218208087659882e+00
2.406348679899391829e+00
1.780596476959244612e+00
2.300617969607867686e+00
2.850185160208269064e+00
1.941540360478785310e+00
2.163230776460273841e+00
1.971429556340142719e+00
1.893980745636404617e+00
1.339731535151492459e+00
2.184200391381837747e+00
2.010542038007747667e+00
2.238256903335882342e+00
2.080775431979560608e+00
2.542138226760939368e+00
2.509368488665032260e+00
2.398179293332108220e+00
2.052978008211053140e+00
2.002942687444145164e+00
2.477114221998237831e+00
2.555862756703401573e+00
2.575242421709342366e+00
2.019159572813481685e+00
2.321817818732826666e+00
2.345535615702237564e+00
2.276613750210366938e+00
2.260825589396547208e+00
2.539412412575913436e+00
2.153510537721072815e+00
1.502846488312847395e+00
2.228789243249860164e+00
2.414745801882986154e+00
1.501907890070801610e+00
1.946121047995398090e+00
2.104718564333788233e+00
2.033893134290566174e+00
2.114930638709716426e+00
1.843195110472000131e+00
1.775044903480137215e+00
1.845213203627092291e+00
1.428836541901997492e+00
1.832725733117400058e+00
2.236552233564769843e+00
2.544970301004269686e+00
1.940772152133228179e+00
2.261955829493519587e+00
2.879274026385356233e+00
1.422034878209886388e+00
2.613457183227329672e+00
2.482062120717231313e+00
1.935907606030980332e+00
2.613663689943623858e+00
2.021256327657776630e+00
1.778087540142294865e+00
2.568973620984236650e+00
2.382882238438044809e+00
2.141122407268940542e+00
2.370325323035054943e+00
1.798523102129467421e+00
1.752828932938426121e+00
2.535408921453022657e+00
2.520090298051826050e+00
1.965373517440199169e+00
2.111506685399887839e+00
2.578527944293184326e+00
1.677143781230471253e+00
2.104199015503051218e+00
1.586123610332500267e+00
2.276590797589709503e+00
1.840305146659202418e+00
2.157689512260073883e+00
1.450224878967889541e+00
2.558088485978259552e+00
1.415583332530417238e+00
1.885438187350324313e+00
2.212697928341372577e+00
1.843077296816679977e+00
2.557145850818953736e+00
2.294015058876897939e+00
2.538700664467092416e+00
1.049789608269187102e+00
1.167029450798749979e+00
1.691090053488986555e+00
2.384433647190641103e+00
2.500171619677282742e+00
1.732597639041916437e+00
1.099377435581612605e+00
1.763866041423625797e+00
2.043239676604537536e+00
1.554167899170775025e+00
2.333856816540737178e+00
2.132091791804664460e+00
1.802351738818479321e+00
2.511796494183663686e+00
2.363871059202321767e+00
2.372700864230516515e+00
2.517465753160915476e+00
2.860715535392059472e+00
1.927107420603302979e+00
2.279708205219019401e+00
1.536161431707160130e+00
1.451225802926421116e+00
2.679833714664291211e+00
2.301033506674168727e+00
1.515071335979666367e+00
2.573482689887605090e+00
1.773315221178340728e+00
2.193626151386924406e+00
1.214432808068777625e+00
2.692491509185759746e+00
2.369200978800393820e+00
2.618731284780694057e+00
2.024089119057375541e+00
2.023091878551864120e+00
2.331822426011801674e+00
2.193995293660258916e+00
1.722722413433803723e+00
1.993607882615525018e+00
2.528677846377193283e+00
2.893002222331596318e+00
1.778088123687582733e+00
1.654899784987321265e+00
1.558998437863046149e+00
1.429333441515344250e+00
2.036840759198828010e+00
2.651230243758040395e+00
2.318219100242842945e+00
2.526056490652409003e+00
2.117146209447280825e+00
2.427179907195345709e+00
1.651774463542766247e+00
1.484847082632296811e+00
2.231807820794807107e+00
1.568885761273094204e+00
1.543678440055414658e+00
2.668164195610302158e+00
2.450800479809497112e+00
1.999425215618188867e+00
2.459267578819333888e+00
1.289979057835615839e+00
2.479853417528001813e+00
1.646574355401591916e+00
2.423007361623783051e+00
2.489570814533647258e+00
2.008789174851298931e+00
1.531335135788027824e+00
2.127806860806745526e+00
2.124778814180336539e+00
1.839658093210176038e+00
2.337963548405922687e+00
2.348996717758940811e+00
2.966750899677573550e+00
1.726297771294005967e+00
2.567110904052416043e+00
1.286543576907542619e+00
1.935126143425665024e+00
1.948615066034051324e+00
1.963508897157756561e+00
2.209523074240317353e+00
1.927395841645839880e+00
1.593022233150978906e+00
1.674953048110801923e+00
2.201569840132400202e+00
2.710070064554950697e+00
2.071510856519647170e+00
2.603935249653251738e+00
2.376801018316673897e+00
2.171057067959235809e+00
1.776659568870963213e+00
2.113921442908551107e+00
1.846587103149028852e+00
2.841491352310542062e+00
2.050007097030345449e+00
1.279980165682369941e+00
1.688074219750713922e+00
1.809149090089096301e+00
2.304037591598836698e+00
1.854935765745162168e+00
1.792378586323962297e+00
1.807155447100844192e+00
2.283845296454646512e+00
2.262813819676070537e+00
1.581375057481616775e+00
1.801530208507417186e+00
2.702501059296343655e+00
1.950174251682465387e+00
1.147129344812720664e+00
2.488704438217144599e+00
1.887247543483921097e+00
2.193059470332440863e+00
1.370252712814202800e+00
1.930128878760238642e+00
1.606947932696620285e+00
1.676297346709427760e+00
1.149767807504101347e+00
2.043820770436899359e+00
1.729182539745556246e+00
2.836567541612018850e+00
2.395084624929589623e+00
