1.675170810410461009e+00
2.561961502779661615e+00
1.789621590578827526e+00
2.106282373091256765e+00
1.798286057953669914e+00
1.435156926397609389e+00
1.602811596425068874e+00
1.644191226733644262e+00
1.684930627210930787e+00
2.117064309237550290e+00
2.319178412751374374e+00
1.964508959299883895e+00
2.241855528713474932e+00
2.366785027964136923e+00
1.992345469476472175e+00
2.384475191210980505e+00
1.716258682232286503e+00
1.865543730948279411e+00
1.992752625374171416e+00
1.443574356227492750e+00
2.257870241804733169e+00
1.484792550406162981e+00
2.200268205792118792e+00
2.624075970287306880e+00
2.624052603998991984e+00
2.741861577505562586e+00
1.957407477385493699e+00
2.120297202834928285e+00
2.405460704935043825e+00
2.216303163825267042e+00
1.384397999349641584e+00
2.522142468338769206e+00
2.252624579263016180e+00
2.059462158973076384e+00
1.859346004931362595e+00
2.260171175902733864e+00
1.786800989892010527e+00
1.845637887219337969e+00
2.427280164887827940e+00
2.589825277769405520e+00
1.670062587678980082e+00
1.555091446923572374e+00
1.845725849120086526e+00
1.170269121760368458e+00
2.041716401508825385e+00
1.928856347291951323e+00
2.116022813924092194e+00
1.641491039576831401e+00
2.761187110316361881e+00
1.861851026305912704e+00
2.001827228327734964e+00
2.252568537753177225e+00
2.305037499263162815e+00
1.889705345276003090e+00
2.612628334770144001e+00
2.158897793327909653e+00
1.090397280453062168e+00
1.818974785319406706e+00
1.616688234129604496e+00
2.247375948041750782e+00
1.922497116230982517e+00
2.003494259237922570e+00
1.396630034200138315e+00
2.577396985454011080e+00
2.015561449912514291e+00
2.370530590138661076e+00
1.496063202856768859e+00
1.977717349429712446e+00
1.899977070974796067e+00
2.504043547206430631e+00
1.837606341072895777e+00
1.838525434048171814e+00
2.055401079157843647e+00
2.732655097556840218e+00
2.267305862745311096e+00
1.728205359613068204e+00
1.866087773887183499e+00
2.597640192662711733e+00
1.676817989790504004e+00
2.070895092293584483e+00
2.660253515049557649e+00
2.350829268370754566e+00
2.334727449832652901e+00
2.615999584651406806e+00
1.917793539019705840e+00
2.373349662631716761e+00
1.692467556913495930e+00
2.387425853962256816e+00
1.776856809174334417e+00
1.556993506073443889e+00
2.308861730100388865e+00
2.027331232434958608e+00
2.043420146082655986e+00
2.446773867091321719e+00
1.910104418309104268e+00
1.598613953909431062e+00
1.844154122938226337e+00
2.426395160482219815e+00
1.645623886560686699e+00
1.608864704614375807e+00
2.084260824974847992e+00
1.332643371394383935e+00
2.043596789670525382e+00
1.641836182967601587e+00
2.542250890820700882e+00
1.706271000359485868e+00
2.259383118610473584e+00
1.711449906526788745e+00
1.829124103790242817e+00
1.367628309837835232e+00
2.293906548144335922e+00
1.910984247170299133e+00
2.108429029557822965e+00
1.645881662686888625e+00
1.760424322100886840e+00
2.628251819068030848e+00
1.965605774732244626e+00
2.003518066820480392e+00
2.522341448056167224e+00
1.877396339640074796e+00
2.392110134713879788e+00
2.090253286524463405e+00
1.988364289789547934e+00
2.222440535240853166e+00
2.375554503593205968e+00
2.457051576524919234e+00
2.290983675397688657e+00
1.826766243148789215e+00
1.497389738852470398e+00
1.270287556345084834e+00
1.948202503358316573e+00
2.346155355382375518e+00
1.768527142515602169e+00
2.002143999864766322e+00
1.792635594300658664e+00
2.328549125950729604e+00
1.638358025065684842e+00
2.416874125516019767e+00
1.697630535975638733e+00
1.366502285277586326e+00
2.446198006988732132e+00
1.562089352534283382e+00
2.391198413890013974e+00
1.258143342661287356e+00
1.687029342364883666e+00
1.081613417302850655e+00
2.412887177049108711e+00
1.878159425156567419e+00
2.127799550030661013e+00
1.839431322208392006e+00
1.978178974075655017e+00
2.191982136086529032e+00
2.466105271912278241e+00
1.795616110701249157e+00
2.160157931765310124e+00
1.660296197168225962e+00
1.932703107573738421e+00
2.004023158641444091e+00
1.230869286713131450e+00
1.980298397020637147e+00
1.580632986550127406e+00
1.903122133484223433e+00
1.770858159048400271e+00
1.619125907143688536e+00
1.374465622212102112e+00
1.286464210451986112e+00
1.917322782230705069e+00
1.927523630274315725e+00
2.524459012159261828e+00
1.595494236991783055e+00
2.029024970919904192e+00
2.219029514809657044e+00
2.009740969658709631e+00
2.321357012035012879e+00
1.959578130722225975e+00
2.057437356677578322e+00
2.364072893141281995e+00
1.475623813137363349e+00
1.756945243909626919e+00
1.642314645490989822e+00
2.287071305358497675e+00
2.815319624945281873e+00
2.777326014141082045e+00
2.069299068277895337e+00
2.179224810028802750e+00
1.252224990634966506e+00
1.148260480902912217e+00
1.689871347729898110e+00
1.674722456897605571e+00
2.042645606688028082e+00
2.344716950295131497e+00
1.966341741787851038e+00
1.803551355578383975e+00
2.196540392979931866e+00
2.039066205933708353e+00
1.793161789595770106e+00
1.617527000401621784e+00
2.232630868639269739e+00
2.044798673440869408e+00
2.087977761740208216e+00
1.781330089617471968e+00
1.952042075965609413e+00
2.218509970006848242e+00
1.562879481049405328e+00
2.558745566444051711e+00
2.736494428354883546e+00
2.137459696777442186e+00
1.652349548623299524e+00
1.285147227612823517e+00
1.992915205782191945e+00
1.234024678698025124e+00
2.257378100352528172e+00
2.482500577791807217e+00
2.179976594569156934e+00
1.763592066167698480e+00
1.718993774592600499e+00
2.240296504771889907e+00
2.388296426014311358e+00
2.245594671112055352e+00
1.764112381419664199e+00
2.262184963255525538e+00
2.167954852092778495e+00
1.593416378064805183e+00
2.517497632847277345e+00
1.255852279606300304e+00
1.867894789724666271e+00
2.468091592101747445e+00
2.006308819178990621e+00
1.888169883092341239e+00
1.351375472257322796e+00
2.156695249376675783e+00
2.551114056013250142e+00
1.424429316597852990e+00
2.178725415643445906e+00
1.483447671062031237e+00
2.367686769751654818e+00
1.542799482979626324e+00
1.676308869221702080e+00
1.964985836559006493e+00
2.291275809446364775e+00
2.003398524293075411e+00
1.645990200414374494e+00
2.076574770826098870e+00
2.592178482640489889e+00
1.820589159620669362e+00
2.216697576045059570e+00
2.529994968575256298e+00
1.525519130906704435e+00
1.722951219772467013e+00
1.948119357921994421e+00
2.601810603767095387e+00
2.816822751008165149e+00
1.963052213294024462e+00
2.842765116767231426e+00
2.858536674609396311e+00
2.785046939305066527e+00
2.024742301225371577e+00
1.093001209230440418e+00
1.361388950325967517e+00
2.428657146701814540e+00
1.815078936592221748e+00
1.599661003115168789e+00
2.426903933635562449e+00
1.875650666514286247e+00
2.600756207135924925e+00
1.589008443498711953e+00
1.346680338841953262e+00
1.936660203805376401e+00
1.957420984624636429e+00
1.773204908051183804e+00
1.704678346928865107e+00
1.892319952438181518e+00
2.713049701066186259e+00
1.158028509499951841e+00
1.951293126201072869e+00
1.792957386421083488e+00
2.028252312804271984e+00
2.471381744229549149e+00
2.465738673293167871e+00
2.071266629341109500e+00
1.810424283226989006e+00
2.283719231613602574e+00
1.708576262251733535e+00
1.816935499154855638e+00
1.644455449783051915e+00
2.244999894200451429e+00
1.810086051996257606e+00
1.943901853713420058e+00
1.613403785022046621e+00
2.057097543150283592e+00
1.562728487301424218e+00
2.095106784526623578e+00
2.399791459618190625e+00
2.449441521066598959e+00
2.526780165176070625e+00
1.702613329182500745e+00
2.406500984021694656e+00
2.347908013661170301e+00
2.398348123177890479e+00
2.585884571100089513e+00
2.009108117254311487e+00
2.500372207253004575e+00
2.116608439361653549e+00
2.052881580761168667e+00
1.511780977533041082e+00
1.716205120297172648e+00
2.055929613571509051e+00
2.265505387580598828e+00
2.551228915320930213e+00
2.453735408007231555e+00
1.368712353673761317e+00
2.204982232656027996e+00
2.703247661147299752e+00
2.003140755496013448e+00
1.884495128379247930e+00
2.167776991094428674e+00
2.325994647331985465e+00
2.624818757785591039e+00
2.935022958794665016e+00
1.918741299381756304e+00
1.424236485195096380e+00
1.898641708331720412e+00
1.480942668407808860e+00
1.561321928097660017e+00
1.756584475056584216e+00
2.743905412689140455e+00
2.518502160611781893e+00
2.403901795711504974e+00
1.925723991533933699e+00
2.575638341523773800e+00
2.203404983446263010e+00
1.343501846399897115e+00
1.922869991038875348e+00
2.295301616913408616e+00
2.344047374641538894e+00
1.283961545675698979e+00
2.652447761080907185e+00
2.636425644730693296e+00
1.866648877697723918e+00
2.073376260930073212e+00
2.439212354133721394e+00
2.175899484722685351e+00
1.680183673811908918e+00
1.686135925068664054e+00
2.195908268147847231e+00
2.722586578008796110e+00
2.786839712988588236e+00
2.550385170889112985e+00
1.799055438383296845e+00
1.609036956069098245e+00
2.327266026575174340e+00
1.910331838501174495e+00
2.089926383618440742e+00
1.898208457349991551e+00
2.401001211624548937e+00
1.956012511753997041e+00
1.375666133870706354e+00
1.955952495766925647e+00
2.875063909391263550e+00
2.169017553295192080e+00
2.507323047183096953e+00
1.273478201302250312e+00
2.226099697242554853e+00
1.641401296665768728e+00
2.673354038738702698e+00
2.651558950559126160e+00
2.015945148367343620e+00
2.474301594417261274e+00
2.245164756511900617e+00
1.521764672291070042e+00
1.870623486890799603e+00
1.943261866257758097e+00
2.357403855970017670e+00
1.463482615671641174e+00
2.107764254873571108e+00
2.456869205659825361e+00
2.578007457765691957e+00
1.793731440642192254e+00
2.545197812548891658e+00
1.849910896075039446e+00
1.736047953172520586e+00
2.212411689209890842e+00
1.518374912547203470e+00
2.400268328880646340e+00
2.194619826777782556e+00
1.925575744341164519e+00
2.496757217738061918e+00
1.517233183136013963e+00
1.327748714218063730e+00
2.635011446696490012e+00
1.330247468795281662e+00
1.184336930873469473e+00
2.505955917154018664e+00
1.907105138224845842e+00
2.654841025140565414e+00
2.092116423882245613e+00
2.176086048507664295e+00
2.295990983865337398e+00
2.075633366282674697e+00
1.539622440220107968e+00
1.205284275555182472e+00
2.205037439144475364e+00
2.176100017021562749e+00
2.370959683768922410e+00
2.559401352339719438e+00
1.566177042602072689e+00
1.985725976476380161e+00
2.210174875564933750e+00
1.521761709115402761e+00
1.902911972183232159e+00
2.249736642022145627e+00
1.994118272839683126e+00
2.083823672586330389e+00
2.785456422244809715e+00
1.646560814476617285e+00
2.035124638354352200e+00
2.488196139509722293e+00
1.770377679697904272e+00
1.861021057129835121e+00
2.173919280998787507e+00
2.212930833290070343e+00
2.085761765977470539e+00
1.816789357663632920e+00
1.587146427741582322e+00
2.449556813114701637e+00
2.782992863214252210e+00
2.206773580039743443e+00
1.516869499971557733e+00
1.271451320403535368e+00
2.704774411760993758e+00
1.788507478402565631e+00
2.394446447378297371e+00
2.812095368382741434e+00
1.765851660327468764e+00
2.715660992556348852e+00
1.828365557167586752e+00
2.336868287554754620e+00
1.550977657346224614e+00
1.639649086154231883e+00
2.423100197994505045e+00
1.641012267049826834e+00
2.007741345649437736e+00
1.474238357489813023e+00
2.262151145748470427e+00
1.621133486802191381e+00
2.125322071837026705e+00
2.210618655077720263e+00
1.870650423393647621e+00
1.894577096825415197e+00
2.591372911744601382e+00
1.985046581016326694e+00
2.665388043125357598e+00
1.721193607838420903e+00
2.473806064565054363e+00
1.856616189801866490e+00
2.111250438001124774e+00
2.163260864727114541e+00
2.310883672649054699e+00
2.190688987087217043e+00
2.479056764742295638e+00
2.206087359092970601e+00
2.519536679607090157e+00
1.905533242129392901e+00
2.534918097125572700e+00
2.387284340155785500e+00
1.865608649068023706e+00
2.513243136690038071e+00
2.744091836508411042e+00
2.339715168662528821e+00
2.064838809697570277e+00
2.151814549641556162e+00
2.109281068573336970e+00
1.497653124857291740e+00
2.576919889380209661e+00
1.399264164077916872e+00
2.218877776755530995e+00
1.785200946248075571e+00
2.537595010918319183e+00
2.497154971084546204e+00
2.028012494052990888e+00
2.280656796398334407e+00
1.503350690757170760e+00
2.306749753416136528e+00
1.656762039319905622e+00
1.471493992027175457e+00
2.428906647104597472e+00
1.460300307397779607e+00
2.141677847572508675e+00
1.852318279561745884e+00
1.993058989508353473e+00
1.359482162507338110e+00
2.385277547586428515e+00
2.037025707260437191e+00
1.219213913103772029e+00
2.263528887543486690e+00
1.427633679890113694e+00
2.259878577659102383e+00
2.368758267173300958e+00
2.020491904094222857e+00
2.244078261942860308e+00
1.919530770784140694e+00
2.283629464042630453e+00
2.628463117362269230e+00
1.564453166626850411e+00
1.778351926818849904e+00
1.922215834841728643e+00
1.462573291462816227e+00
1.930901228432592820e+00
1.787704051662878380e+00
2.339048441227821851e+00
1.322360504259552538e+00
1.464989703141452271e+00
2.121673545565711194e+00
1.754421185695900665e+00
2.198857470558118976e+00
2.087507878382283799e+00
1.789295019771429462e+00
2.026002741584244760e+00
2.663544435754418238e+00
1.963065084672563909e+00
2.385859638781429481e+00
1.426275927267257826e+00
2.603027627586151471e+00
1.466155206357865559e+00
1.636927092434671493e+00
2.041211316805648046e+00
1.975562150445658416e+00
2.237239242325548272e+00
1.614051755422418744e+00
2.005986707194184149e+00
1.554311548011234612e+00
2.086384913921021322e+00
1.712091940981645299e+00
2.498346477364179918e+00
1.558498274522914562e+00
1.373135820213528202e+00
1.885134460333546924e+00
2.304227599904705492e+00
2.472625302283027793e+00
2.508972218870024751e+00
2.545763127996826025e+00
2.429236062322098988e+00
1.446427049276184595e+00
1.998331905061573766e+00
1.542589554742363589e+00
2.344361906275969520e+00
1.560533862546869877e+00
1.806077234665480091e+00
2.032546784638627368e+00
1.451447154138984619e+00
1.502822380261739088e+00
1.914244729036074233e+00
1.916171219545579563e+00
2.296058439139992302e+00
1.914392661072108481e+00
1.496003238133496449e+00
1.972686759154747449e+00
2.285113398760008074e+00
1.463698067078982534e+00
1.660252412759394725e+00
1.852120261100360210e+00
2.429339694787056025e+00
2.132855830637102379e+00
2.086560661093161961e+00
1.895304350376292302e+00
2.009966643823648091e+00
1.654828075041167690e+00
