2.695401491334901145e+00
1.206214974173865029e+00
2.752486556062103684e+00
1.765559788859645263e+00
1.481203335289557721e+00
2.523510125037311091e+00
2.068408000374798661e+00
1.864644903926825137e+00
2.319218207706735591e+00
2.201036038506782866e+00
2.117036017179653840e+00
2.174619461450499447e+00
1.595866357206806807e+00
1.978202553909166106e+00
2.246852304459989291e+00
2.389463189365265805e+00
2.238235686650958733e+00
1.556058115143471809e+00
1.763640634286505193e+00
2.708994342843179748e+00
1.764328166250334062e+00
2.607149227034649908e+00
1.835702125694180342e+00
1.790509991676194179e+00
1.836810961775731776e+00
1.989800976679584110e+00
1.060479991171046299e+00
1.746247244419169231e+00
2.198977784520238288e+00
2.039272254855767130e+00
1.892227944699786946e+00
2.310218285077387357e+00
2.485453487943578565e+00
2.418436641101507689e+00
2.516810354280710094e+00
2.454494863773456714e+00
2.404836060121224861e+00
2.664186284390585246e+00
1.798844388297980323e+00
2.525885236305350556e+00
2.364477503022578198e+00
1.740962780734835569e+00
2.238073839309163482e+00
2.717789596916965422e+00
2.177385111822780495e+00
1.467742727433348993e+00
1.708115149536807209e+00
1.487968461917413610e+00
1.968748591934316172e+00
1.526552293756578305e+00
2.344620828881707642e+00
2.656777788838566412e+00
2.198501066872965648e+00
1.518639503520695211e+00
1.875813574771063141e+00
1.533756452096030287e+00
2.108874799113479526e+00
1.807258336410822563e+00
2.584302540496299372e+00
2.131384790861808654e+00
1.692054175740836053e+00
2.204980917828528675e+00
2.410337708305990034e+00
2.241132566559834061e+00
1.602092847755856031e+00
2.221686777141782088e+00
2.155659115736560771e+00
2.377311751320416278e+00
1.289990784097356125e+00
1.218130227099771590e+00
2.270401347560929040e+00
1.741003613961205065e+00
2.173291082643054928e+00
2.664670528062944577e+00
1.845578534437525509e+00
2.591601551792125591e+00
1.948820879618220259e+00
1.690207345280905216e+00
1.785706511249684603e+00
1.539436694745540901e+00
1.977912521445387206e+00
2.266442165749238402e+00
2.075996059775583547e+00
2.100720581114983609e+00
2.088898222224960133e+00
1.919111805147346139e+00
1.183738774999702370e+00
1.771287406748836890e+00
2.277329163045449967e+00
1.885456004135365404e+00
2.165230158190041720e+00
2.067062826842700041e+00
2.027442331374652351e+00
1.419900853797559481e+00
1.937040932786692871e+00
1.422323123926964694e+00
2.763269369168770861e+00
1.984474063659011023e+00
1.472710020453889879e+00
2.344554972210467714e+00
2.369572823168295539e+00
2.901507292047675435e+00
1.952744048967100188e+00
1.808686672576396592e+00
1.597491738049353405e+00
2.414214398110998694e+00
1.306482340641756945e+00
1.421182384484214634e+00
2.498521159251205770e+00
1.448250627789170908e+00
2.614009866858574505e+00
2.637492309197575047e+00
1.781685904420221789e+00
1.557662445220494796e+00
2.030030271739677872e+00
2.536859642296485973e+00
2.193814647884978264e+00
2.003455195075882322e+00
2.326259482158266056e+00
1.755400599807732664e+00
2.716269266268128479e+00
2.205592674188394220e+00
1.936073853604057593e+00
2.008348446098313644e+00
1.595233715560489651e+00
1.845842274208574940e+00
1.433483331654503035e+00
1.621731108877633609e+00
2.433133067623331147e+00
2.248184045084835159e+00
2.085197299537642657e+00
2.270981650619103398e+00
1.733757735761692231e+00
1.900649819450650035e+00
2.043894959707726500e+00
1.338544006527693897e+00
1.847801045604267056e+00
2.625601744319219222e+00
2.665697227243294165e+00
1.792009828098349633e+00
2.517197311882380273e+00
1.702441324659560884e+00
1.992481279132089389e+00
1.898150803558322108e+00
1.293994855967325552e+00
2.415667701680169088e+00
2.201907251004219024e+00
2.621913998542860114e+00
1.916165280656789260e+00
1.386489413953352123e+00
2.265389396615881346e+00
1.410522590281378497e+00
1.981849496788905762e+00
2.013957733436335218e+00
1.753105642970145261e+00
1.860376339782694455e+00
1.637952382127648931e+00
2.405830560045401967e+00
2.422355205198929440e+00
2.059123937743649435e+00
2.194106493757736587e+00
1.808361864705668065e+00
1.122046320577139600e+00
2.122423689629797661e+00
1.492953882213152728e+00
2.413887437617579401e+00
2.548074782745155087e+00
1.630254378912042057e+00
1.746236400137561873e+00
2.399385357027761234e+00
1.976224991625080030e+00
2.172879819907303833e+00
1.622142809762948001e+00
1.710083288585529271e+00
2.649374925335151509e+00
2.506447927850857571e+00
1.867465777422416373e+00
2.302839898376495498e+00
1.464646621959482031e+00
2.832000813889180790e+00
1.710702370437960695e+00
2.360373804773276518e+00
1.917555476125583969e+00
2.246805425906072351e+00
1.794281581899732636e+00
2.215913592982840186e+00
2.063639007962440708e+00
1.463610846257916487e+00
1.919214278776089078e+00
2.080739015890339161e+00
2.453545557086451723e+00
1.991934690128766228e+00
1.803502995922056540e+00
2.476556301179065667e+00
1.792116322654853988e+00
1.598027882174033465e+00
2.191820602609491075e+00
2.498681584720517268e+00
1.777745686214785792e+00
2.249336473228369826e+00
2.503846977974877763e+00
2.382453723463000994e+00
1.900954636150158805e+00
1.243806655510401704e+00
2.735413377793230350e+00
1.906171490058221618e+00
1.299450560434054713e+00
2.487789112671810798e+00
1.887685354308826557e+00
1.946510239076864490e+00
1.333730705105704573e+00
1.973921720202100660e+00
1.590419776270823427e+00
2.175685502900560842e+00
2.082193006446950712e+00
2.757911211896441728e+00
2.087946891312997266e+00
1.272939064149334332e+00
2.428532589223503901e+00
1.972360625664292710e+00
2.515307828128389822e+00
1.744720349497293377e+00
1.474635785875491933e+00
1.900161059154881205e+00
1.474703090968683128e+00
2.039467946621822847e+00
1.281651436164934044e+00
2.115953040028042409e+00
2.142281184710368436e+00
1.643761726371140597e+00
1.582405227261729719e+00
2.845179352670404782e+00
2.599219453618609066e+00
2.546274669174366068e+00
2.150154995222500975e+00
1.906098140536697905e+00
2.285168817686046516e+00
1.958813267383914258e+00
1.686271847589229100e+00
1.449820372929309098e+00
1.662148788152875589e+00
2.373979301870996927e+00
1.792764986827043883e+00
2.091623542013324233e+00
2.493156741477584148e+00
2.351083576562873034e+00
1.865539621398699666e+00
1.715297844574691144e+00
2.153178582064324331e+00
2.139472766831356232e+00
2.267931402402351360e+00
1.368190059211426224e+00
1.460259222720792893e+00
1.890889934927135307e+00
2.591611243144980925e+00
2.522581748375421817e+00
1.426050404660665905e+00
2.351417019876998360e+00
1.521818565935225021e+00
1.933800809630199513e+00
2.255127387568116148e+00
1.731771503400168832e+00
1.583374542590888723e+00
1.750469572880999580e+00
2.145038125963965925e+00
1.867302175433734668e+00
2.415566607397204635e+00
2.104532088235629317e+00
2.052308346090449653e+00
1.727366767110511958e+00
2.946997691451429091e+00
1.950167269489247790e+00
2.229347422029520409e+00
1.531460173640927902e+00
1.814684902405048872e+00
1.860809597338187960e+00
1.240189536524666680e+00
1.932362880090737978e+00
2.110032919744412538e+00
2.236521514328439153e+00
2.216901250040963500e+00
2.242349534549128443e+00
2.116688663340245746e+00
1.315299066486352197e+00
2.316599075239239802e+00
2.687142300777794368e+00
1.809455716103802292e+00
2.232551003207900120e+00
1.488286462494131213e+00
2.067771158979322621e+00
1.766633485809073090e+00
1.408323964981475163e+00
2.637194854584175019e+00
1.997020855363054181e+00
2.027916275557024584e+00
2.039455557431676613e+00
1.899777554494556320e+00
1.903363037104672584e+00
1.851631877447529551e+00
1.443521977025501890e+00
2.318158968085458405e+00
1.616697376751218496e+00
2.333144383298741076e+00
1.612307768192832835e+00
2.268424891906522411e+00
1.798515599822745781e+00
2.276611755099252399e+00
1.451714513879391655e+00
1.566645370585091790e+00
2.807929542602347617e+00
2.401454849560417770e+00
1.425851646135711359e+00
1.222786332362632677e+00
2.338061728246076498e+00
1.267384843791436566e+00
2.166154497299987547e+00
1.427571625013256851e+00
1.758179706588483215e+00
1.720048730700849404e+00
2.493187029646110275e+00
2.315444373832323599e+00
1.756845342039395685e+00
1.863160797779739308e+00
2.396752700775008904e+00
1.693606286288771079e+00
2.255576059250842036e+00
1.666589572029054445e+00
2.119379463321724444e+00
2.478210450746173521e+00
2.285942087623832997e+00
2.201595943910554354e+00
2.234416542505693659e+00
1.592769709118858623e+00
1.917448737978970863e+00
1.764445487433197624e+00
2.191002353384404966e+00
1.716341723217316373e+00
2.343271603307647943e+00
2.744470031363917872e+00
2.110507622077362200e+00
2.020857702225823616e+00
2.450029552259106680e+00
1.260383041184387487e+00
2.501194088888720746e+00
2.150358531017074526e+00
1.916652507952561146e+00
1.710617480897455245e+00
1.333493551653637477e+00
1.804149324973574497e+00
2.284811225387906042e+00
1.963311835093766611e+00
1.540487660886722621e+00
1.702035843795850489e+00
2.019139170452083576e+00
1.251878856497154358e+00
2.010026458077976752e+00
2.024276315188931363e+00
2.072920854107934918e+00
2.235861448802413776e+00
1.615210050003046849e+00
1.293823642880018943e+00
2.561644125688490092e+00
2.143273667659337356e+00
2.094708105925750630e+00
2.187578645818054390e+00
2.673298075614384928e+00
1.932416182491905499e+00
1.484102441922913407e+00
2.204078029943783434e+00
1.243045062578684634e+00
1.237543534114692756e+00
2.281392513417001666e+00
2.139815732833716844e+00
1.294966443326354355e+00
2.136391105807318613e+00
1.903389279743752160e+00
1.952264226560199711e+00
1.957118308912909832e+00
1.474853634481152254e+00
1.925212180761344039e+00
1.468036612020354958e+00
1.815982717052745610e+00
1.721490467857858198e+00
2.263550550376000281e+00
1.792998351771710297e+00
2.405003865930078533e+00
1.430116378125222854e+00
2.339717032105635752e+00
2.322113859051947671e+00
1.251210269065677672e+00
1.915711070810166561e+00
2.819150834677913942e+00
1.507633561383034060e+00
1.409128740966957283e+00
2.243073173619938743e+00
1.626245872429736172e+00
2.042050894905528047e+00
1.365687775023898709e+00
2.469562247829323987e+00
2.551417358991326267e+00
1.692354178749215343e+00
2.036144895937662014e+00
1.345376805774360696e+00
1.749255174599159801e+00
1.627763906718727505e+00
2.146198436738895765e+00
2.404154479413390000e+00
2.334977896114905249e+00
2.106176780542861060e+00
1.722993351252014360e+00
2.180415513606115852e+00
2.408285040689023049e+00
1.843193047887405900e+00
1.710632728505247169e+00
1.566555587730059429e+00
1.730463842086420900e+00
1.239959049569417493e+00
2.679260791266563579e+00
1.730003393821155422e+00
1.697459517380607519e+00
2.203502638587982787e+00
2.496706160033768107e+00
2.512527603552198396e+00
1.704719133109495965e+00
1.336711058182659562e+00
2.478973496494547568e+00
2.209880789177971039e+00
2.540236387822206510e+00
2.330603485659312302e+00
1.338966272877154751e+00
2.136394793823107818e+00
1.083790613389720159e+00
1.817940030435241772e+00
1.912731304586672287e+00
1.893155275918831038e+00
2.543619817128496940e+00
2.859890028992849054e+00
1.853177867285941804e+00
1.682924259122024147e+00
2.105394031058355431e+00
2.301399701487040872e+00
1.857062146231900801e+00
1.475362958583583683e+00
1.924248239142594352e+00
1.853789778760779328e+00
1.796697790711619280e+00
2.563780815760321907e+00
1.497830325885715297e+00
2.388105176391688289e+00
2.667384385874663977e+00
1.778043218070154419e+00
1.215866899362583409e+00
2.451916040844194900e+00
1.414516702057648123e+00
1.583151951793468237e+00
2.815263255541892828e+00
1.819210472163049985e+00
1.194776196277547831e+00
1.749767095920819138e+00
2.062015580308790952e+00
2.239306032607593089e+00
2.469138479151225418e+00
2.126737977959039849e+00
1.551103248353770780e+00
2.474759057546039642e+00
1.720035151095460790e+00
1.713561705956145431e+00
1.833340415812061863e+00
2.089136722524022272e+00
1.536150003132741748e+00
2.015856254308601159e+00
2.392788778576257158e+00
2.399430848608945066e+00
1.504801618891108195e+00
1.696462025301256782e+00
1.742487198386522218e+00
1.919703256799315527e+00
2.535028388083882867e+00
2.072588228665969368e+00
2.364044352888516443e+00
1.963606148405319551e+00
1.846988479727711630e+00
2.265462890786890338e+00
1.774022888527290398e+00
1.495285753808727414e+00
1.961221544889597102e+00
2.317562654623111840e+00
2.423000003491498688e+00
2.534850466313033124e+00
2.267305044834333039e+00
2.275206444947868611e+00
1.713512291453769709e+00
2.177295399367979556e+00
2.295812128262490148e+00
2.160703352889642659e+00
1.536882151138770025e+00
1.830661509813118482e+00
1.218720490963796976e+00
1.381206410259045780e+00
1.425538282285665481e+00
1.612754924500842346e+00
2.275861676627422003e+00
2.360488495679888388e+00
1.771991172741472775e+00
2.431994659068522857e+00
2.117165705571529166e+00
2.210195065140626802e+00
2.473810815123083984e+00
1.859915249823894001e+00
1.213240511982782044e+00
2.252766466742401441e+00
2.365295641605275279e+00
2.161903342283869378e+00
2.446406538026860478e+00
2.228158107070258076e+00
2.132531305190127568e+00
2.517716785144937575e+00
2.519956376725430935e+00
1.236262688906232476e+00
1.699000066962404798e+00
1.424485257967186946e+00
2.351462988526504372e+00
2.369449496983122572e+00
2.237612809419640136e+00
1.814152766196779343e+00
2.314143916577863891e+00
2.111858996892284068e+00
2.198867455045101060e+00
2.338709922456729373e+00
2.313437904321103744e+00
1.604914358748902536e+00
1.397971769235309303e+00
2.085625188246404527e+00
2.139386043298660667e+00
2.081696700246786325e+00
2.155412281125499874e+00
2.019356441266297431e+00
1.833616446601707972e+00
1.856570077810585584e+00
1.895136223246765894e+00
2.311850977299893639e+00
2.152258631676506884e+00
1.407610854201774231e+00
2.188025959491398886e+00
1.515946221216341039e+00
2.124518151020081014e+00
1.963996857591921996e+00
1.587675609473496507e+00
1.813510739519608617e+00
2.539227993814514139e+00
2.328063241480448298e+00
1.839536437786533751e+00
2.407424649109509041e+00
1.766482641827474387e+00
1.350692832254278608e+00
1.930250798051233341e+00
1.505239677161139600e+00
1.780523209379215821e+00
1.936658585634534191e+00
2.138855292533532015e+00
2.126831210770610436e+00
2.521417852680877481e+00
2.154365287708009724e+00
1.703434274502409140e+00
1.321133796406971594e+00
1.714942140659033054e+00
1.843421460808048362e+00
