2.499714640671116594e+00
1.441829525536947765e+00
2.367965591543057080e+00
2.409888944484769979e+00
1.755548059076611933e+00
1.795905645206191448e+00
2.075037487244671297e+00
2.509647766033936911e+00
1.981078511365133910e+00
1.925616565952783077e+00
2.074784937624000847e+00
2.064371824714757331e+00
2.075261302200908098e+00
1.610146378687962176e+00
2.093898655426702948e+00
2.291381577804489478e+00
1.949245972607697386e+00
1.852538724859101205e+00
2.754126630577425239e+00
1.735679852253965594e+00
1.700013335928895364e+00
2.259891014260998254e+00
1.922620967087441457e+00
2.391943798601321447e+00
1.516583354941702044e+00
2.345914757405214601e+00
2.753093618799348441e+00
2.065101711856625499e+00
2.515414155908355376e+00
2.640438533584631653e+00
1.175720792861087327e+00
1.926241521701041570e+00
1.976670802044860897e+00
1.696594138343612057e+00
1.863308257516952615e+00
1.488594917034874232e+00
2.034847378293376252e+00
1.057945872186524472e+00
1.434384791005698823e+00
2.193593892040552440e+00
2.179265766339949284e+00
2.231510007193470368e+00
2.426552970988610003e+00
2.283729455662407481e+00
2.408584363769765702e+00
2.400491606577470627e+00
2.552879695840563290e+00
1.640512677202661251e+00
1.559080893510865096e+00
1.970399605729042491e+00
1.589973486183624996e+00
2.466667215786682910e+00
2.466823924853035699e+00
2.174089986642288252e+00
1.488783175401219516e+00
1.652839785989920429e+00
1.693228892594580204e+00
2.134514537209154739e+00
1.999676461862715637e+00
1.870322916289320014e+00
2.674404297256646856e+00
1.852452212851316560e+00
2.113172405370880469e+00
1.772756130539291597e+00
2.431522698952950812e+00
1.543699826397343600e+00
2.181355126272937817e+00
1.972098246784763198e+00
2.469653349136072595e+00
2.480494507520005776e+00
2.250995164644502111e+00
2.439799327933219519e+00
2.205651511004218968e+00
1.717059766725764547e+00
1.870164040821025608e+00
1.199246641633284760e+00
2.394063919302623411e+00
2.082464916207416028e+00
2.243535852541866937e+00
1.143776367298954932e+00
1.804819828412814520e+00
2.769814836611642406e+00
2.378043697505797027e+00
1.928454217071581489e+00
2.566411161041080469e+00
1.939452780106873941e+00
1.846037568461118994e+00
1.612641291154174761e+00
1.777815790572148114e+00
2.200573506999653262e+00
2.455655543186652690e+00
1.845495509042156312e+00
2.096270343986461171e+00
2.453814572585739207e+00
1.873294380550402982e+00
2.613229944900119506e+00
2.163674456854388861e+00
1.882901948477470500e+00
2.563039293445578348e+00
1.861893911702521942e+00
2.155178028619912034e+00
1.447198765681223742e+00
1.725171153386877210e+00
2.703723953151900616e+00
1.668282228538359391e+00
2.833652907445151747e+00
2.681991584129437722e+00
1.293380792466354290e+00
2.200388473918517107e+00
2.107302268555527380e+00
1.844779480289125306e+00
1.806657866703205162e+00
1.891134847769275096e+00
2.405211942369081424e+00
1.717083729690758620e+00
2.459404321965888318e+00
2.167021673301471552e+00
2.351368032147185705e+00
2.277524545270541267e+00
1.385353696807538837e+00
2.462233365859187728e+00
1.535734839703223331e+00
1.837105442925377030e+00
1.704120380269989798e+00
2.259506576528762967e+00
2.409981758222270010e+00
2.424732269210920776e+00
2.357006697597747724e+00
1.909853470279969212e+00
2.084895514325358246e+00
2.647399642730706049e+00
1.424416870680183189e+00
1.997659330429851554e+00
2.152668074195576153e+00
1.812401522190242087e+00
1.588182966980650423e+00
2.571330411261798510e+00
2.020500269851647435e+00
2.440475770010584355e+00
2.566043848896801371e+00
1.596017930508289773e+00
1.443781870396580125e+00
2.618408902166784014e+00
1.416171413472829821e+00
1.621432225213909284e+00
2.328394962719167793e+00
1.938558709616857278e+00
1.864899636876651279e+00
2.013484170692373176e+00
1.358408294885802725e+00
2.095260605929497810e+00
1.341197077023431161e+00
2.561596862589996082e+00
2.467863292029527145e+00
1.585904138531540664e+00
2.112872966312405065e+00
2.137864965241683457e+00
1.578551459964794068e+00
1.814899795206056154e+00
2.226243814213035854e+00
1.338957785920399157e+00
2.010158041255695416e+00
2.612403171299299665e+00
1.307451643232735439e+00
2.220183692044651380e+00
1.710229104960131252e+00
1.844269497397744928e+00
1.977293985633504336e+00
2.432800931268402245e+00
1.509408232970717023e+00
1.978547165388282014e+00
1.921428937218526478e+00
1.855523932338565496e+00
1.301500034786808868e+00
2.702976554757866801e+00
2.505877170140766719e+00
1.723942516851513007e+00
1.342953073923615070e+00
2.358451003629483012e+00
1.798332386621762868e+00
2.085265043846925792e+00
2.287003400993366409e+00
2.253381371915861742e+00
2.255611692067395424e+00
2.340491495037706926e+00
2.448722375292224029e+00
2.003227407565195684e+00
2.548864220640666201e+00
1.916098269361972140e+00
1.405327935248097848e+00
1.811636099630595131e+00
2.609292866739726158e+00
1.454362414431154438e+00
2.142546359654939003e+00
1.353633970831473743e+00
2.441389546166711000e+00
1.463481767886375184e+00
1.676557781059929919e+00
1.747013589811386325e+00
1.856584384411761768e+00
1.439402154575539772e+00
2.389309415789458768e+00
2.335335051795342842e+00
2.371677968631582090e+00
1.860748875366264876e+00
2.434706905425695567e+00
1.804687594240428794e+00
1.582393231920191212e+00
1.773792923860135096e+00
2.270484741068164336e+00
2.044885042615677051e+00
2.030576008721174386e+00
2.536097349221034580e+00
2.105845581077938178e+00
2.653776973170551834e+00
1.697049584160304381e+00
2.263528789520095952e+00
1.608706838655445948e+00
2.531610556160718506e+00
1.482837133042974598e+00
1.931549497770121970e+00
1.593169475222362852e+00
1.604186954529969622e+00
1.712431165772913433e+00
1.511033839972767856e+00
1.760329030140421747e+00
2.697096717524570586e+00
1.935908010841139060e+00
2.268302035302277808e+00
2.023993112169733877e+00
1.762524340918853571e+00
1.458685609277033945e+00
1.850445757637923627e+00
1.243821931172727435e+00
1.689271104009618441e+00
2.279908523750703075e+00
1.867260789452411363e+00
2.001144331496133688e+00
1.883703349329483245e+00
1.777333826176747067e+00
1.485644435599039248e+00
1.838096388553138283e+00
1.516027792740537006e+00
1.935100951843800487e+00
2.108374953690810738e+00
1.685129313493303638e+00
1.492948358572661727e+00
2.203850027047067783e+00
2.187313704946970638e+00
2.220094760092899300e+00
2.354502294172125865e+00
1.347184123274117074e+00
2.603059045288936169e+00
2.379310785274071804e+00
2.698823436619306460e+00
2.067055914325107935e+00
1.930251222966395286e+00
1.688396256482589841e+00
2.137087814142685893e+00
1.752908019304652232e+00
1.725096225601579381e+00
2.615657161162513678e+00
1.236416654355696032e+00
2.289884725368876772e+00
2.585114278027937473e+00
2.095078820845825973e+00
2.209100333550848561e+00
2.604254760213314590e+00
1.483213685556122208e+00
1.655313580255795003e+00
1.980906168008111479e+00
2.247082727557507376e+00
1.780662091606548536e+00
1.402782480604585436e+00
2.277525618401842866e+00
1.876706041995045648e+00
1.489449281981163553e+00
1.464889268940468225e+00
1.784858029150567571e+00
1.755542500548135543e+00
2.352604076983593639e+00
2.589897085108381347e+00
1.255723683622822051e+00
1.851668978289753298e+00
2.372059590028549714e+00
1.990317974784727273e+00
2.004242024140875600e+00
2.323252959353207192e+00
2.627990843149681233e+00
1.493106729061407068e+00
2.279642190102430632e+00
2.131389624074657707e+00
1.716717886276580174e+00
1.311764140599736894e+00
1.368917801705871629e+00
1.472777423439503020e+00
1.871669311469833508e+00
1.815491563468412561e+00
2.805514029919502050e+00
1.575433172017894456e+00
2.436036148200815710e+00
1.399151590189309236e+00
2.465068058854626543e+00
2.032049460958569309e+00
1.256166224147238442e+00
2.084457592849025431e+00
2.525251756443415374e+00
2.475618919124705997e+00
1.615537772395522653e+00
1.315754699936111605e+00
1.989414048996012152e+00
1.533591589117011988e+00
2.665326901620861832e+00
2.418302482600143577e+00
1.153976527483139725e+00
1.358513173833931553e+00
1.925445526897300752e+00
1.626679700427246189e+00
2.483722816346365381e+00
2.201992699724949265e+00
2.226258555594649025e+00
2.288517640059391844e+00
1.866359042582176997e+00
1.217914493276558430e+00
2.793380171703275572e+00
2.297053208352148879e+00
1.589897836029293021e+00
2.057213973221333703e+00
2.599526550509325240e+00
2.391037149293762987e+00
2.035454921732957168e+00
2.007592109846965123e+00
1.144052239147143490e+00
2.286689445527835929e+00
1.472273174443657462e+00
1.948789385056229673e+00
2.264678727303484074e+00
2.679162311182098577e+00
1.282144467369981111e+00
2.043142533637781533e+00
1.895087011244686481e+00
2.261940815169483976e+00
1.944456245051001897e+00
2.069713927874900605e+00
1.575752718350962089e+00
2.380200004473927766e+00
2.075834786159119094e+00
2.017276005208696432e+00
2.433032543629771283e+00
2.153209530484013090e+00
1.658466480297814627e+00
1.661162212551175354e+00
2.239982007863689617e+00
2.375517155498125810e+00
1.952900530256326039e+00
1.762672123481186626e+00
1.481745601450086047e+00
2.049182389372662172e+00
2.218776278066891372e+00
1.214532344383700613e+00
1.410698891297145874e+00
1.958496708447618362e+00
2.301541153940436679e+00
2.529438179148145949e+00
1.705149300142107638e+00
2.175096535142444498e+00
2.288275004164983084e+00
1.731074609959789345e+00
2.014253506867900168e+00
1.479541358947181751e+00
2.781060467356859967e+00
1.800977945722855189e+00
2.400570098549286602e+00
2.307075248399033107e+00
1.847061718802428754e+00
2.082196268559063590e+00
1.661533389133555527e+00
1.681997014182911698e+00
1.850021877995410069e+00
1.727762696450106938e+00
2.187333156425804948e+00
2.210282349286383230e+00
2.304449326211120308e+00
2.197772647325527906e+00
1.232685443093961553e+00
2.404999510407057617e+00
1.625785449070567878e+00
1.773050367547237105e+00
1.821198583802292159e+00
1.938036400517098246e+00
1.508390625907519933e+00
1.816063262789097132e+00
2.666327702240957720e+00
1.651088102376808031e+00
1.956584575327749320e+00
1.619308675562513455e+00
1.816463320892839128e+00
2.381153246730690842e+00
2.810168661188658934e+00
2.471186408312688876e+00
1.831566952984243990e+00
2.754715426875961271e+00
2.087482389641928560e+00
1.565862397440688447e+00
2.609219776995624684e+00
1.833647117045030139e+00
2.593228921645481577e+00
2.446972199652465818e+00
1.725501236426003171e+00
1.469295124400237906e+00
1.220916039891932536e+00
1.927616543843605479e+00
1.483327122711935342e+00
1.433192371683036370e+00
1.903281946216726084e+00
2.342686687552541613e+00
2.179175632431153975e+00
2.195858981276779698e+00
2.413683423807539530e+00
2.365178305493290889e+00
2.017735295792064676e+00
1.902486139472821192e+00
2.336129346672485951e+00
1.400133527833531399e+00
1.494172556162660204e+00
2.749617245640942009e+00
2.034633023095369975e+00
2.106761033692078122e+00
1.942942277354119174e+00
1.221207087659330615e+00
1.912116473619054124e+00
2.223188016619564777e+00
2.264018774136970169e+00
2.164912214447686445e+00
1.698885965080781713e+00
2.701872309165492592e+00
2.450587109708251887e+00
1.894648298562684463e+00
1.538933065414867407e+00
1.985651969156678964e+00
2.292062436085323451e+00
1.304012965223412923e+00
1.811174456127097931e+00
1.832767145528055863e+00
2.201807880097068626e+00
2.295607069867546812e+00
1.908724097246167428e+00
1.779216036957147695e+00
1.719741817895721780e+00
1.149735775120219294e+00
1.813774982652816892e+00
2.296629731579286293e+00
1.560957918014222123e+00
2.070127142488098038e+00
1.499017330421456684e+00
2.035551432824118656e+00
1.995391679088796888e+00
2.257634114039855255e+00
2.512342194983608668e+00
1.799919702095519769e+00
2.376042524719943483e+00
1.542135354234995370e+00
1.779214383483266770e+00
1.405891824408244783e+00
2.583083511026053714e+00
2.268253010785071133e+00
2.241717391959441308e+00
1.719751011465339596e+00
2.308702788673513862e+00
2.494762634853894490e+00
1.343584517769290221e+00
1.417657732151489824e+00
1.922533371641562905e+00
1.373882819471439198e+00
1.503631070745402809e+00
1.980603779220510674e+00
1.821159133073693148e+00
1.551699027174600731e+00
1.442716112802469031e+00
1.808931472634930593e+00
2.529844776310718579e+00
1.668701843389718720e+00
2.202194821475941922e+00
1.902918585106237792e+00
1.540070834409386524e+00
1.831646511778813213e+00
2.047829606772845867e+00
1.557846054945514425e+00
1.528688142361642299e+00
2.307521284624999502e+00
2.156656073247231298e+00
1.265534241053262399e+00
1.287818734588082936e+00
2.155834409460210210e+00
1.772385319115021174e+00
2.426723335469453069e+00
1.425636361113342021e+00
2.031597132917139170e+00
1.835438020978966911e+00
2.662982490896695698e+00
2.365114995644863605e+00
1.218553596929390803e+00
2.064647838876124020e+00
2.485274517718159437e+00
2.611409094333595693e+00
1.526299933160008226e+00
2.049744921973322143e+00
1.809535620132412870e+00
2.572495865972318718e+00
2.398367725065204681e+00
2.219130069644267955e+00
2.499669883776510115e+00
2.083402304950993766e+00
2.414321714703102195e+00
2.028743458072280959e+00
2.147324823459280552e+00
1.706756347221350278e+00
2.267764813581985450e+00
2.285176819996534547e+00
1.727214888031246343e+00
2.155525133849082842e+00
1.712401742191762111e+00
2.219769818671362138e+00
1.593645706852219401e+00
1.722562654559721462e+00
2.225723905038372585e+00
1.325435540484734886e+00
2.431350656170316427e+00
2.071028960198795232e+00
1.472551022842681245e+00
2.022083608445935710e+00
1.929119330018803424e+00
1.911512615599053388e+00
1.843664938569959499e+00
2.083180942660613155e+00
1.768801366912803541e+00
2.632195455760376390e+00
1.749802016944835170e+00
1.766591856112912140e+00
2.287976842478168127e+00
1.880757423419689989e+00
2.587168609674210362e+00
1.497318500652254247e+00
2.782777353651110452e+00
1.398557766745716080e+00
1.950723319082709128e+00
1.206741135103721607e+00
1.870599694752048237e+00
2.355810447611232039e+00
2.102043614348205303e+00
2.120290350863100137e+00
1.073280091181090690e+00
2.408146494966312723e+00
1.951917298384389099e+00
1.509243686388742178e+00
1.926447230036075542e+00
1.528136213581995140e+00
2.492170465556456271e+00
1.498517801810828054e+00
2.750254878014633420e+00
2.190955280389731197e+00
2.304076040795498770e+00
1.705370876446615558e+00
1.983366764118696279e+00
2.189196341412622537e+00
2.494852876932593944e+00
2.004945907558234985e+00
