2.173070192984667859e+00
1.422558262934292772e+00
2.187760736571459752e+00
2.042104358664363239e+00
2.068502306804589352e+00
1.223180799595930068e+00
1.903353858113558950e+00
2.064153700933725855e+00
1.819797592643836559e+00
1.197173109675376601e+00
2.759281867529437271e+00
1.988624437749071161e+00
1.738485666836237620e+00
1.903224682072034657e+00
2.297827962365801113e+00
2.096957677060888869e+00
2.423468425036173102e+00
1.953675864856670330e+00
2.738358235140665897e+00
1.689989817274327732e+00
2.364343580100048303e+00
2.542374498430171492e+00
1.750317229542553754e+00
2.391239188462461307e+00
1.494895361637522679e+00
2.380782269736517964e+00
2.772746806407781150e+00
1.443431197109170672e+00
1.786313461179664497e+00
1.778729831250665194e+00
2.386865132139676327e+00
1.772301119653913570e+00
2.193638757003840034e+00
1.841963752225927342e+00
2.009078408804350957e+00
2.142912430879987618e+00
1.795347393441276029e+00
2.182147221506820500e+00
1.367588685243504409e+00
1.753149145055798996e+00
2.893062754611636311e+00
1.312319604938935402e+00
1.486455272927324156e+00
2.181447072438127854e+00
2.507832337040182047e+00
1.397539869330612916e+00
1.473692503679257637e+00
1.764561344496716977e+00
2.406203491183190657e+00
2.018181525129715492e+00
2.299480737190700896e+00
1.803962626811553172e+00
2.670236313060129874e+00
1.888689411665823048e+00
2.199949808184704203e+00
2.559995605105546801e+00
2.071220222115318865e+00
1.470126538644541236e+00
1.991867467630787036e+00
2.054838377421962292e+00
2.098619993961226449e+00
1.825610806303966882e+00
2.427855819835687434e+00
2.191467065049977681e+00
2.070134832251881107e+00
1.844968129852765593e+00
2.531346342993550103e+00
2.338669498713363382e+00
1.969528583579429615e+00
2.102794275725196282e+00
1.304939086884428612e+00
2.150556615683886008e+00
2.346631777716072342e+00
1.739111837036947827e+00
1.715670086584500709e+00
2.622475083072996149e+00
2.025007961466894990e+00
2.003607680490897991e+00
2.737965625895520283e+00
2.421970258391305642e+00
1.845217166591457181e+00
2.141686190941134882e+00
1.786065867502734328e+00
1.629395894626164853e+00
2.132007690528274324e+00
2.176472147768391707e+00
1.524393235000172986e+00
2.474602387825327376e+00
2.198023895282221307e+00
1.895238415170631630e+00
2.381290138493134201e+00
2.495501173951029106e+00
2.452404934987663765e+00
1.613970347917009995e+00
2.032100847581224556e+00
1.133015416892686478e+00
2.109346235081552834e+00
1.113231162317172229e+00
1.945595069473166738e+00
2.647253283485495601e+00
2.557822022277376206e+00
2.263776338637511376e+00
2.034656434286350013e+00
1.520496884018041950e+00
2.006654464607774635e+00
1.608542821651568033e+00
1.620171273520056410e+00
2.194243926198628625e+00
1.544964413343508092e+00
1.326259807027956317e+00
1.377074815547455477e+00
2.490317747464072973e+00
1.992966329311383955e+00
1.999903934425013352e+00
2.482007816090073149e+00
2.016853987883531651e+00
2.163071341937190972e+00
1.550373316490337938e+00
1.460323759498794338e+00
2.340366971833868881e+00
2.380974458526234017e+00
2.403438927017272242e+00
2.504466933599929668e+00
2.096027103962290639e+00
2.069067265621618912e+00
2.178830427075025167e+00
2.355572382506249340e+00
2.677335037611118018e+00
1.507660199417227842e+00
2.271770427269834691e+00
2.296514407465005014e+00
2.532623645176923510e+00
2.652354015014938504e+00
1.427062043636436961e+00
2.385024139171721735e+00
2.376583736511544309e+00
2.632788399091781084e+00
1.305517416005574027e+00
2.293555821255217175e+00
1.591333818800385158e+00
2.301420401819662676e+00
2.356467643005231150e+00
1.559314009069687312e+00
1.652546747956242790e+00
2.180021109902982701e+00
2.001211212289353725e+00
1.927160830333727759e+00
1.909113798755293745e+00
1.379530916258493445e+00
1.497171200653002687e+00
1.588944478164207030e+00
2.230780680965587237e+00
2.144353335191445442e+00
2.572432715618977017e+00
1.603956297335135783e+00
1.959728238884887563e+00
2.756369806270587031e+00
2.817935414128844851e+00
1.718299302973520293e+00
1.569646100370473363e+00
1.900496561041111532e+00
2.745224529994619189e+00
1.594705067454537550e+00
1.733199951280957496e+00
1.189041398742190836e+00
1.913154293672473694e+00
1.939588398439184846e+00
2.141694693007324624e+00
2.035252245852276154e+00
2.511091619266376362e+00
2.047522129666005775e+00
1.657413304148836586e+00
2.562217516486184010e+00
2.280589184552512361e+00
2.074770723963930141e+00
1.369435203498779563e+00
2.075924646484264002e+00
2.290974685688480506e+00
1.784517612127531017e+00
1.414507029908080415e+00
1.868087261376956576e+00
2.586230229446622175e+00
1.991781882581914243e+00
2.063665183608214271e+00
1.853860675963511451e+00
2.510883344044901655e+00
1.690584496668895209e+00
1.593281240849951264e+00
2.605687106678798770e+00
2.147414209105947602e+00
2.278049522318289277e+00
1.859971245755430491e+00
2.444063145622028088e+00
2.537698956505173520e+00
1.581442209523109321e+00
1.541183813025617688e+00
2.388831468224127619e+00
1.538402629741128180e+00
1.815896735475453827e+00
1.764761146465273711e+00
2.462224517328427176e+00
2.092597799271786130e+00
2.153721272697386446e+00
2.073621905042585922e+00
1.887522490884097737e+00
1.386495674384470078e+00
1.845237698388513037e+00
1.705803739217648385e+00
2.466669719984667442e+00
1.545114975315204919e+00
2.587875135605177235e+00
2.073828619188175182e+00
1.941547655739172651e+00
2.472950487188266600e+00
2.501889350878146345e+00
2.145712631830747341e+00
1.654584461146332508e+00
1.870458421050929854e+00
1.793875836293561843e+00
1.926979690096840114e+00
1.519432767741416335e+00
1.860141220755784142e+00
2.590120452908021953e+00
1.715277217683794264e+00
2.824272580115340325e+00
1.870461259556509326e+00
1.799268732982390429e+00
1.369825929528217134e+00
2.138196170655287887e+00
2.080356888088694234e+00
1.765369796416214498e+00
2.078023552165584320e+00
1.994192695923447056e+00
1.899278537676624357e+00
1.912323335614490194e+00
2.154001456188455954e+00
2.579503673516426066e+00
1.705327238414133806e+00
1.721973696867364012e+00
1.799151828197399272e+00
2.430071457031227400e+00
2.371071355198928199e+00
1.884796021548378775e+00
2.413568358132254232e+00
2.357406496444752531e+00
1.915305520973709985e+00
1.866623145971262332e+00
1.966073172445742756e+00
2.023526498612279401e+00
1.831889818119097013e+00
1.341162574731840751e+00
2.307501547908811013e+00
2.832918489459459455e+00
1.813454075269761878e+00
1.965711153714553960e+00
2.455235534364780037e+00
1.840715521369850727e+00
2.274295557926066191e+00
1.986853112868524951e+00
1.829965511053640359e+00
2.735308717938774947e+00
2.003972415856638989e+00
2.203784929083500543e+00
2.120711252468777452e+00
1.120479195465045930e+00
1.343369449893037304e+00
1.350144911219591570e+00
2.205336619247903585e+00
2.563693470415230991e+00
2.098482129644430039e+00
2.153975247207799093e+00
2.013680366880422401e+00
2.047123635703696376e+00
1.473798586609654349e+00
2.071659655655112342e+00
1.300816798829890875e+00
1.962854366045730492e+00
2.342020692282998251e+00
2.018818750955470698e+00
2.516634207814825608e+00
2.498113528924160498e+00
2.270152085843519352e+00
1.783771943151484463e+00
1.281412154503080769e+00
1.657916267995633408e+00
2.457696690755009961e+00
1.743857706303741040e+00
1.256763954202726463e+00
1.860939877054477609e+00
2.447642748829461645e+00
1.847143981152492787e+00
1.850604369170637753e+00
1.714327139766538277e+00
2.514235771190179936e+00
2.463554096550060635e+00
2.367666201987518981e+00
2.331628884926561618e+00
2.572496679102152406e+00
1.858948855524153565e+00
1.165592626322942582e+00
1.935005868680605534e+00
1.668420498486044234e+00
1.647500101049350185e+00
2.199418416360184203e+00
2.027534569898232775e+00
1.588981505608068723e+00
1.815016483102585010e+00
1.261013042818270424e+00
2.066162140778476708e+00
2.496991378176004694e+00
2.668585041219494691e+00
2.258556836745122531e+00
1.455728891387809698e+00
2.226294093661511653e+00
1.968858824437023314e+00
1.913623445966023073e+00
2.105115511962334374e+00
2.418872514173929122e+00
2.163924709592297990e+00
2.249170072680236387e+00
2.783655676359189979e+00
2.533548647031225176e+00
1.396159446065023069e+00
1.796970160802586314e+00
2.126547720060059987e+00
1.818792292800038624e+00
1.917660494491864265e+00
2.456262952503069918e+00
1.987621548536924632e+00
1.159067918095587846e+00
1.375767949513201360e+00
1.539051643172215433e+00
1.846492944581918261e+00
1.042327864400113935e+00
1.951305994645577524e+00
2.873775898480348978e+00
1.974677966355681935e+00
2.329110418860904197e+00
2.325566492443981836e+00
1.862793500816706249e+00
2.001288202080711898e+00
1.298876190990030155e+00
2.461909904239855784e+00
1.369967693445789170e+00
1.457529918349640630e+00
2.171251856168553651e+00
2.182379249583395797e+00
1.779041878701050905e+00
2.035454786071370759e+00
2.789930785506156141e+00
2.146802422814563016e+00
2.267055476949979997e+00
2.039318195018740898e+00
1.556310856484263594e+00
2.735708207995866559e+00
1.230383619040897880e+00
2.330860362464105329e+00
2.390907845841482970e+00
1.832024806127930061e+00
2.105180377593324881e+00
2.599449769598896065e+00
2.487002478352360324e+00
1.970519799893546864e+00
1.950283245318145564e+00
2.131553697717633256e+00
1.818162249435598010e+00
1.829749917069525722e+00
2.762085288312171372e+00
1.969295450027795047e+00
1.861109601566417471e+00
2.563749902264586655e+00
1.868129588428955490e+00
2.378544604197750267e+00
2.130053948872010494e+00
2.840238932764123980e+00
1.875166397565429133e+00
1.790829802936787729e+00
2.227095940969572752e+00
2.152084553169576253e+00
1.821801517420829519e+00
1.811751691385525831e+00
1.953360035547413220e+00
2.211378277813794035e+00
2.045172587752658977e+00
2.438544115440977933e+00
1.754507534394303292e+00
2.290607892290057457e+00
2.285243323544573268e+00
1.768756507135534228e+00
2.358599168296962922e+00
1.170026331958592181e+00
1.699723477655700643e+00
2.316014210528603900e+00
1.536779165788893842e+00
1.619052936544353782e+00
2.102405514261633357e+00
2.507185854999545604e+00
1.914350442026457433e+00
2.025399811965385766e+00
2.094780050053657305e+00
2.023883920605485720e+00
1.439259015081818971e+00
2.318560044041150014e+00
1.485563289297356260e+00
1.683052099579038341e+00
1.131176728277343280e+00
2.533115783204861415e+00
2.196480477427851685e+00
1.721842570755851565e+00
1.975007500283350925e+00
2.657735872476485461e+00
1.407021253982947417e+00
1.241048497516480831e+00
1.274578797997277579e+00
2.196407315974227004e+00
2.120564616866491114e+00
2.320605176754272581e+00
2.154197320614506417e+00
2.120119552435910215e+00
1.953238180751741382e+00
2.184846100512424893e+00
2.437748025003160457e+00
1.266172389428876333e+00
1.599016085841461710e+00
1.540852379756334933e+00
2.730627369448375585e+00
1.659636719582713749e+00
2.026180431811406280e+00
2.260582613324678469e+00
2.521546067288948922e+00
1.921077748724470791e+00
2.819612844717697797e+00
2.770586118539819509e+00
2.470794157257753199e+00
1.908433351513957321e+00
2.202161500275929384e+00
2.141074862975592907e+00
2.299487718063757846e+00
1.327454769084883024e+00
2.368272687955973232e+00
2.358538670141143268e+00
2.293426616637688653e+00
2.757112626950750212e+00
2.183329023495154786e+00
1.732094532822308963e+00
1.916960905631258871e+00
2.473624092082056691e+00
1.793193984727539991e+00
1.711129740023091372e+00
2.225775417750113228e+00
2.503708574664120778e+00
1.883908564510407224e+00
2.128516230993897196e+00
2.494884719615402258e+00
1.347263516208777823e+00
1.662410846935174824e+00
2.586364990707727962e+00
2.535121401844756761e+00
1.769935711667491418e+00
1.704360477503988669e+00
1.821503309329686182e+00
2.331103044358486365e+00
2.115151351739455343e+00
1.994514286050805163e+00
2.228082033229326964e+00
1.479616026366537884e+00
1.841684071348014928e+00
2.143539336959647823e+00
1.917839037060778296e+00
2.017429250875157898e+00
1.884389142136505324e+00
1.730228251559127184e+00
1.899894536395102085e+00
1.926171205932486696e+00
2.093318846000563838e+00
2.084142597551452702e+00
2.088574305754545613e+00
2.681702637782570342e+00
1.659624830472689272e+00
2.250339268909652191e+00
2.111042874100822253e+00
2.055408134782384710e+00
1.775856338118293465e+00
2.359969833174871745e+00
2.725640546179743495e+00
1.581275873057582437e+00
2.686444878168638972e+00
2.100180433204681396e+00
2.119838714988007133e+00
2.630230397960581001e+00
1.879607248303812872e+00
2.636785720153152823e+00
1.889343799774316324e+00
1.834578037922061089e+00
1.309856458577051130e+00
1.703354827023740192e+00
2.692861067077125803e+00
1.936535475645294602e+00
2.236735927812712355e+00
1.928043465486686925e+00
1.935527152675830198e+00
2.054662193646460189e+00
1.503709971748957930e+00
2.619296836475923484e+00
2.464257300150525687e+00
1.774188021197457665e+00
1.367020520018098484e+00
2.027307013782134071e+00
2.202038611948410107e+00
2.150580807063568578e+00
2.746447561846598884e+00
2.508268848089913128e+00
2.747728171842316769e+00
2.304543477199545443e+00
1.570559655187263148e+00
1.407782060501562738e+00
2.627190665617981313e+00
2.551393726300565490e+00
1.826924765760893576e+00
1.606309171553732762e+00
2.291195088095211219e+00
1.868241189875757824e+00
2.300486256405463337e+00
2.410418410392647814e+00
2.596386941313870267e+00
2.096621578753626647e+00
2.397960232290123450e+00
2.191269906824309555e+00
1.900078074360961100e+00
2.132329925896854217e+00
2.028850032132912595e+00
1.844841749201201253e+00
1.947281229741591568e+00
2.125196715376445944e+00
2.723552099482521527e+00
1.459950265877298925e+00
2.299176446944598773e+00
1.704387047737415450e+00
2.712387279180601851e+00
1.737684633906281473e+00
1.654379919484905592e+00
2.320198673603052875e+00
1.908790978347258971e+00
1.931678025652948438e+00
2.022730022345547773e+00
2.049264663250401242e+00
2.202499761081597729e+00
2.815505928650659406e+00
2.467914253048131279e+00
1.675569916251025138e+00
1.595613204504754412e+00
1.639588287792474341e+00
2.420360467328114495e+00
2.696539976038362596e+00
1.895965956866609403e+00
1.878239619347418454e+00
1.569370816078873077e+00
1.973046583641234530e+00
2.002922069783259928e+00
1.522014531699110940e+00
2.423902522244220314e+00
2.296003181843603969e+00
1.728857518729585596e+00
2.602200096137234908e+00
1.902386684695310803e+00
1.771100707220080395e+00
2.324764412663410162e+00
