2.402540854658135938e+00
1.839642112874002589e+00
1.824202607465904791e+00
2.113270435721972706e+00
2.847598958820769077e+00
2.038243768300939340e+00
2.218906955380613333e+00
2.353668750781265473e+00
2.101432156981654309e+00
2.197437885642422373e+00
1.568195825251562869e+00
2.617316873129780674e+00
2.497058488660363285e+00
1.501690395854692550e+00
2.164787621082048474e+00
2.658656986339842376e+00
2.471541552107269446e+00
1.996332220971779758e+00
1.931731652219534690e+00
1.944524614338785762e+00
2.182106899439148595e+00
2.653436018147392605e+00
2.672260294635978362e+00
2.642558613259374134e+00
2.516573743810464947e+00
2.902102268290373210e+00
1.759317267857443579e+00
2.404449954964052338e+00
2.611035995131409493e+00
2.161424135635310773e+00
2.674306709862267262e+00
1.362370441204041382e+00
2.315538450114390745e+00
2.265861982044446776e+00
2.439056225290273883e+00
1.207158133231899688e+00
1.437866526137120626e+00
1.850944732466325071e+00
1.834884546940007910e+00
2.087838953064355518e+00
2.403732986791780490e+00
1.329800854417720668e+00
2.409839192479144465e+00
1.309042247958446037e+00
2.309066744902307899e+00
1.718420132080104246e+00
2.344800774502986851e+00
2.121952375527658585e+00
1.657134325445372092e+00
2.035106589557121204e+00
1.883423779920176733e+00
2.097590986431903559e+00
1.717517257798422792e+00
1.403767317020492067e+00
1.780384400327180927e+00
1.845911685512976685e+00
2.606666211883311490e+00
1.667830859271217880e+00
2.056088319146184951e+00
2.013168529780392291e+00
1.694133522401884751e+00
2.250145054153098734e+00
1.676556172432258629e+00
2.269623384323368853e+00
2.084266936112761037e+00
1.813110094645813186e+00
1.547836335910309780e+00
2.526415747793476996e+00
1.497442899149240336e+00
1.794079123049725277e+00
1.485697992134341394e+00
2.111110483234038604e+00
2.478824883126638845e+00
1.781262197705594019e+00
2.561009059355138895e+00
1.751318586221417117e+00
1.788880302457878768e+00
1.749051867968113072e+00
2.889114919822601824e+00
2.180950781202378508e+00
2.343089062350688145e+00
1.269298339412754162e+00
2.931534564932600340e+00
2.598689398806810047e+00
1.909233138871413660e+00
2.173972419091976249e+00
1.624985440756167243e+00
2.015513136783957826e+00
1.459352808378877819e+00
1.593805191474301886e+00
2.143209681582003423e+00
1.219356104094417859e+00
1.627999460537646881e+00
1.868421311111984506e+00
2.190226319909108987e+00
2.219678297942370815e+00
2.295574427965694220e+00
1.973625598619808130e+00
2.039635278507307525e+00
1.755510503517326404e+00
2.159152732406488084e+00
1.503278139080147069e+00
1.981609122063582973e+00
1.737900060574098848e+00
1.956577658004442277e+00
1.759805266816244940e+00
1.600641296992143747e+00
2.463169030068864451e+00
1.490506468733725942e+00
2.112751378879069719e+00
2.375905537444934268e+00
2.111651623303729242e+00
2.187880993270805874e+00
2.561131737269617403e+00
2.251453291527578671e+00
1.577323321133745404e+00
2.527933970393921648e+00
2.094394367466863471e+00
1.791410917361775601e+00
1.173520515505249939e+00
2.563586901816941044e+00
2.119312450485286270e+00
1.907307753775184356e+00
1.758412138940452563e+00
2.477562908449900014e+00
1.410280645684245382e+00
2.314275405561165400e+00
2.090967564824318004e+00
2.730800049964043907e+00
2.175503754868535644e+00
2.651106461491171906e+00
1.773954572988184264e+00
1.699677913886430192e+00
1.951107650860217646e+00
2.225882281575819466e+00
1.824396623982251331e+00
2.491218300475835257e+00
2.535663228234851463e+00
1.314359656869714232e+00
2.406783057151575811e+00
1.867965114087716483e+00
1.721260242291819509e+00
2.140373020647020397e+00
2.427308864242845754e+00
2.108295224411688817e+00
1.603736077404652960e+00
1.784576312099457773e+00
1.985416653264534315e+00
1.492146702048439133e+00
1.144877503638669136e+00
1.799699192067709230e+00
1.967424557339247482e+00
1.137429578643421868e+00
2.417399213981503703e+00
1.344545570839588589e+00
2.649774182744289774e+00
2.500335824819925001e+00
2.298399470986073112e+00
2.178032586418984895e+00
1.861061118696195615e+00
2.557783139591179200e+00
2.162018890480693400e+00
1.990210035029818858e+00
2.632649049604273372e+00
2.045394368116168593e+00
1.743065678029328769e+00
2.604129186821007913e+00
1.538512942271991424e+00
1.762616181150248984e+00
2.890740500540755153e+00
2.300016995400876230e+00
2.130394971707202600e+00
1.571765883372274297e+00
1.343110413499198907e+00
2.593707323008806132e+00
2.224558076495201320e+00
1.669359135224460999e+00
2.259916996991293558e+00
2.350701347320995449e+00
2.488327873680447500e+00
2.303889592967960809e+00
1.730128715074215728e+00
1.449717283203904028e+00
1.816064636179770542e+00
1.800919777901595964e+00
1.522256677931393520e+00
1.868038913301676596e+00
1.272609152272301980e+00
1.351331518571396106e+00
2.326188441989851086e+00
1.582622391419964192e+00
2.076289658433298158e+00
2.169599886246275311e+00
1.877903715317351674e+00
1.959274931264932018e+00
2.277460087923083520e+00
1.423957460530507868e+00
1.327689610896300998e+00
1.505328879167539213e+00
2.027501652439783975e+00
2.373239030269481908e+00
1.780134687008108951e+00
2.307806989714290324e+00
1.922274470224524467e+00
1.715618742762808235e+00
2.687230703052482017e+00
1.671604787178625706e+00
2.395636566071194018e+00
2.374297754469578692e+00
1.557686697997081371e+00
1.176726951379702513e+00
2.001566979773151456e+00
1.527588081166596279e+00
2.270641283072696304e+00
2.322915372562234015e+00
1.996738020521189538e+00
2.317227380724739660e+00
2.557156711586925368e+00
1.602315901801474762e+00
2.593695308712964387e+00
2.711119221549981084e+00
2.202505861561449230e+00
1.683576538684029789e+00
1.916088658362051333e+00
2.047600279983658123e+00
1.589605571930266859e+00
2.459365753163210933e+00
1.893981946704053509e+00
1.794974986907876824e+00
1.826138331344286270e+00
1.736746885152936848e+00
2.131818367542156256e+00
1.882645108331233663e+00
1.775601751515566651e+00
1.323989130544037662e+00
1.876929118105450822e+00
1.239125271387667260e+00
2.694415273765715213e+00
2.097256834675313542e+00
1.543227243759458300e+00
2.542330744257100594e+00
2.442521691826733843e+00
2.104017893427639230e+00
2.137402544136292271e+00
1.362827782682848765e+00
2.350551324832049538e+00
2.094263848228750113e+00
2.362835229935917880e+00
2.018132440753419132e+00
1.533387671386716944e+00
2.669798147615721540e+00
2.087640470141340909e+00
1.920141340709321742e+00
1.415582491062792991e+00
1.116642761801055705e+00
1.637049941883698789e+00
1.946974959531305727e+00
2.556175837936378592e+00
2.117043368972264972e+00
2.145809137859489013e+00
1.892702699065638150e+00
2.437279459746497068e+00
2.077499619071666359e+00
1.271105428364927015e+00
2.053847032019977537e+00
2.559240088628762066e+00
2.050147799552654249e+00
2.486560507386580632e+00
2.184659803921911170e+00
1.678152384813262676e+00
2.509082546704997974e+00
1.462161748225892843e+00
1.964731795657300939e+00
1.624165832391494924e+00
1.900581450051665122e+00
1.738177078167062239e+00
1.210253148833863923e+00
1.148001521573960293e+00
2.235654107176376915e+00
2.466764505260399254e+00
1.563100049572457184e+00
2.365380589004415057e+00
1.711446488540327326e+00
1.569002098159399505e+00
2.055063069356450889e+00
2.138493927780763748e+00
1.717077996829345699e+00
1.941149792215328684e+00
1.703388073742809539e+00
2.079530301054512975e+00
1.901759794497857925e+00
2.547384543260370116e+00
2.318451254956919172e+00
1.228765936681221804e+00
1.932755782451094806e+00
2.390391958978872022e+00
2.443570703221531026e+00
1.350837400827810342e+00
2.230762870559961808e+00
2.671391776689795883e+00
1.987238447014218368e+00
1.343419473483775217e+00
1.919845541753431473e+00
2.192476857871168860e+00
1.507081244714594259e+00
1.626843305165862841e+00
2.861175239507104617e+00
2.421855425670066175e+00
1.561460932889569442e+00
2.678780426396267345e+00
2.511324020205937479e+00
1.540445599459967507e+00
2.140468356616740397e+00
1.749390332309357809e+00
2.666558753450371633e+00
2.458551411054500146e+00
1.996585097155239019e+00
2.714788634810463286e+00
2.323757705803159102e+00
1.322643806010685985e+00
1.767069512549570343e+00
2.475288808672930774e+00
1.500520517175652824e+00
2.025094631046346016e+00
1.980956585243636603e+00
1.986610442049200564e+00
1.550591147386125357e+00
2.550020140402762259e+00
2.044586256461657037e+00
1.722094479979809911e+00
1.975975704021941226e+00
2.961852914726094799e+00
2.300680722164953451e+00
2.552352609053526233e+00
1.932092742223986859e+00
1.794469199856635111e+00
2.098602117580772752e+00
1.695333528906849629e+00
2.062946946989612229e+00
1.520545611055329260e+00
1.339456213924273165e+00
2.778879184767370170e+00
1.721749607951371885e+00
1.693960489750981457e+00
2.580588659139870344e+00
2.353970070301416140e+00
2.181418852492753579e+00
2.548330466486336654e+00
1.811125510624705504e+00
2.000923241107250394e+00
1.782381394111096862e+00
1.224109642598131709e+00
2.042370984761671338e+00
1.846532973687575740e+00
2.244395359989198813e+00
1.586342192037925258e+00
2.175407537306949912e+00
2.397894575403815232e+00
1.521273399830875173e+00
1.711776347936990739e+00
1.981875691946238582e+00
1.526262958358351796e+00
2.374347343932783794e+00
1.849272129791644570e+00
2.189629678473303365e+00
2.734607726446474096e+00
1.654298987135122578e+00
1.961862246111292007e+00
2.144956622341744001e+00
2.130966293251796095e+00
2.836974746267020286e+00
2.616131148017828423e+00
2.522144619688892142e+00
2.045268659001504119e+00
1.597135052683974710e+00
2.246332499090672563e+00
2.258267188448813911e+00
1.869170120951205272e+00
1.572143804346922913e+00
1.529183371462547125e+00
1.917235802736955819e+00
1.428277477413292917e+00
1.577093682494474347e+00
2.325032376842704807e+00
2.530485950034070175e+00
2.433537948055815470e+00
1.740913585604630942e+00
2.071773133001985290e+00
2.660450183064332563e+00
2.106483915094700343e+00
1.967088801143975552e+00
2.489375137928252713e+00
1.358667532260230848e+00
1.914395238070405458e+00
1.994409415241657824e+00
1.414137397622060366e+00
1.416299681071207850e+00
1.899930676399699703e+00
2.409337987014548599e+00
2.093897130011495911e+00
1.578100976219895424e+00
1.630002718324992994e+00
1.924401401365429587e+00
1.487798087314592177e+00
2.628908067110185875e+00
1.328076760513131838e+00
1.959361662541670324e+00
1.846590065274896553e+00
2.175130566709063018e+00
1.975967620318056284e+00
1.386226745263879234e+00
1.811280884087591581e+00
2.116325529607117062e+00
1.591289928718989000e+00
1.905308863201114367e+00
2.259266528542182684e+00
2.605933140834341355e+00
1.458265964756107369e+00
2.167063153175401435e+00
1.707207815561734510e+00
2.147066330503053955e+00
2.297449626600727157e+00
1.909669075634680357e+00
2.491665473693315924e+00
1.192758642187288221e+00
1.699869141093262037e+00
2.007947878856117807e+00
1.682574059210173889e+00
2.293879449838654772e+00
2.185140268362483873e+00
2.116752183747429683e+00
1.843625132252150411e+00
2.333422781053799078e+00
2.585026857626779861e+00
2.832605660060472097e+00
2.497030036146218546e+00
2.327434210520687330e+00
2.199239474705490416e+00
2.230191665619905450e+00
2.435011307146102588e+00
2.361060737505319196e+00
2.570527059097724276e+00
2.664382602173067660e+00
1.332064309956701553e+00
2.667420352143813123e+00
1.867739448374033273e+00
1.501743716780687743e+00
1.798887322794852084e+00
2.288702152076777629e+00
2.122265123180485435e+00
1.742573082501515991e+00
1.476608094216879774e+00
2.285847337543104985e+00
2.472980365771850320e+00
1.723263442115442245e+00
2.252294146377355588e+00
2.637961259026492478e+00
1.961777785389817730e+00
1.517382299768364140e+00
1.250540877853074662e+00
2.318666172086413901e+00
1.644452340514664046e+00
2.457095895024790089e+00
2.610254312049518965e+00
1.962852467623799058e+00
1.443390128466474520e+00
1.962016359965054191e+00
2.419313368490872307e+00
1.965102324361284847e+00
1.359308016423782517e+00
1.624302258513631525e+00
2.102429931990567269e+00
1.756203842528923253e+00
1.926605371579593662e+00
1.253592877048495202e+00
1.755931471152432088e+00
2.434092524696208848e+00
2.298658724610470383e+00
2.735273343647443234e+00
2.221132068952378802e+00
2.689429784296424764e+00
1.522903126465836365e+00
1.827468001889607230e+00
1.584792426403809795e+00
1.419928618370869255e+00
2.170527824077839618e+00
2.005988614796833769e+00
1.945931741344818944e+00
1.428433621342619864e+00
1.683557043552571963e+00
2.281885419612264876e+00
1.470807967015113960e+00
2.530976423349805771e+00
1.897711290870009337e+00
1.470052835771425537e+00
2.082688785081073135e+00
2.602066527735463985e+00
1.948249487748938913e+00
2.521885571802502835e+00
1.586892940068369118e+00
2.624582891593850942e+00
2.380975517506559669e+00
2.049122774529132052e+00
1.630845660278906983e+00
2.070648736243660970e+00
1.785584653916617581e+00
1.990562413785590401e+00
1.904152469413825655e+00
2.599905134393522665e+00
2.177070599792444217e+00
2.216868994937762682e+00
1.983892042039422599e+00
2.536455238769419918e+00
1.308806966427857432e+00
2.101521450913798716e+00
2.359241405497153998e+00
2.599683312952202563e+00
1.954004240603814502e+00
1.266729433799753002e+00
2.692811139051618063e+00
2.768908845174689048e+00
2.002019046615202136e+00
2.143927244023345224e+00
2.120442425158921562e+00
1.237046929406590001e+00
1.767234230947189566e+00
1.725114265491408005e+00
2.349729545893213256e+00
1.594224852365631051e+00
1.940271082084428445e+00
1.567256650785621153e+00
2.158548459055224633e+00
2.119178624961612023e+00
2.559834580179388919e+00
2.091308612777271314e+00
2.443203437635085074e+00
1.458809432373387338e+00
2.327089806297939489e+00
2.207696315909607687e+00
1.656779334699176154e+00
2.795442889011254373e+00
1.681113481323893932e+00
1.510009562913752212e+00
2.020645418994200693e+00
2.398387916670329467e+00
1.793160741023970939e+00
2.352145285955846266e+00
2.515146541416312331e+00
2.746056447891523256e+00
2.051558566796708227e+00
1.774101954260303815e+00
2.150681139081089377e+00
1.576799049858546908e+00
1.926967852427804662e+00
1.873442270644489316e+00
1.736285342386056474e+00
2.020043343231218813e+00
1.946526210672538282e+00
1.691426390621070919e+00
2.415949157432712990e+00
1.970920025077293136e+00
2.176678316494060184e+00
2.329352595434515116e+00
2.353582452674263692e+00
1.292499793983859835e+00
2.478358513923474504e+00
1.311124700148908140e+00
