1.857298527322468917e+00
1.330763637974679447e+00
1.376238842527351514e+00
2.447304953840256925e+00
1.998469683812351239e+00
2.160364787910871165e+00
1.819379080637276491e+00
2.225820541396980268e+00
2.283681869438066059e+00
1.977961285297092475e+00
1.794446720118380689e+00
1.852862598068609756e+00
2.498966368857036713e+00
2.162539794938654225e+00
2.178227056120018545e+00
2.021494833295889748e+00
2.006496390059360202e+00
1.956726538757332712e+00
2.176653390520239206e+00
1.712747597924855647e+00
1.458302344000628636e+00
1.566101155968961045e+00
2.099621567069173800e+00
1.601902130979700800e+00
2.466647294877926555e+00
2.126119031062885689e+00
2.572825444621204216e+00
1.384904126447156880e+00
2.399798380879274440e+00
1.300876291866251977e+00
2.290891837063723457e+00
1.566224290558495991e+00
2.210933019599941041e+00
2.154516353371036086e+00
2.217060812422691818e+00
2.228571427390979132e+00
2.158035735707379388e+00
2.428783024322715534e+00
1.904725620132149189e+00
2.318848157752262829e+00
1.813705667824847545e+00
2.448446781300130937e+00
2.403354878248705084e+00
2.481489036891070477e+00
2.508705560623169628e+00
2.271270657423729578e+00
1.453627150343788310e+00
1.797322907969743699e+00
2.081023580342799661e+00
2.792492660929376758e+00
2.020240225915569621e+00
2.303033591309150196e+00
2.369349230065421086e+00
1.703591094430614961e+00
1.500382757520579258e+00
1.965269805598719888e+00
2.173629179888473040e+00
1.639688136554387388e+00
1.858438840032533790e+00
1.564476342191356562e+00
1.699622469704266559e+00
1.581090719501939246e+00
1.517093024207978313e+00
2.740812481038640946e+00
2.068514323237111263e+00
2.091054019445595102e+00
2.016845729757460681e+00
1.730590045480306927e+00
2.265486643001240363e+00
2.558520999044581856e+00
2.224798367839947666e+00
2.220753918052614573e+00
1.478670788743878362e+00
2.175584859158885997e+00
1.810801421608441819e+00
1.461703519918303051e+00
1.623138269841987835e+00
1.767324706141742308e+00
1.624793803178625762e+00
1.392372112807829687e+00
2.037965453130377469e+00
2.348019651364557259e+00
1.476259003430159700e+00
2.761298274659567564e+00
2.690214694899884407e+00
2.429234891815360342e+00
1.504065178318378937e+00
1.475804883695569725e+00
1.638463479930424516e+00
2.493279490407789289e+00
1.650802466518165312e+00
1.979301431634653330e+00
1.740798123237044859e+00
2.144258288674126156e+00
2.029242227056279102e+00
2.581926446849419854e+00
1.923414537774577271e+00
1.766552134947732444e+00
2.516076779915231043e+00
2.330838092158618480e+00
2.253874424700590406e+00
2.655055632220335582e+00
2.516603401442173205e+00
1.847837199130405672e+00
1.760674077147115213e+00
1.482031797260964900e+00
1.197009985369860141e+00
2.757060999713748295e+00
2.195762329246315758e+00
1.466385894352461916e+00
1.659644992774841343e+00
1.677089356460678360e+00
2.400869873587967440e+00
2.018951221363523452e+00
1.915018035095867877e+00
2.038516556473191521e+00
2.291229308803528042e+00
2.134083990238849093e+00
1.475293587864392908e+00
2.072293632696728061e+00
2.516663747430203379e+00
2.375566272448581984e+00
2.564762097525870033e+00
2.141922543140705404e+00
2.220928498233731396e+00
2.967814835123245842e+00
2.031520682808883205e+00
1.931237097179627327e+00
2.843532642428112212e+00
2.414555917627231985e+00
2.396150497403069402e+00
1.895155555272795000e+00
1.932654441975667936e+00
1.498082744463093530e+00
2.060452696935194616e+00
2.371201593473969638e+00
2.052442790838449049e+00
2.459815419151968996e+00
2.537995156239047478e+00
2.003072088388924143e+00
1.623753909757783109e+00
1.904865023032504379e+00
1.564126554450169904e+00
1.742236577272776588e+00
1.626414147691916057e+00
1.273278154028650633e+00
1.505335718833889835e+00
1.891300304880342065e+00
2.184099163934391186e+00
1.142820183243216103e+00
1.561322143885390812e+00
1.763088003318187269e+00
2.626152267945229823e+00
2.067990359164690872e+00
2.094144901332648523e+00
1.611169340538662453e+00
1.776879907992218399e+00
2.372375145225888993e+00
2.095591007267555206e+00
2.427382542138165178e+00
2.620079611492338589e+00
2.372846738330937288e+00
2.169069875187766172e+00
1.356106402674664313e+00
1.838935191425125293e+00
2.222676880847616943e+00
2.678076143744076987e+00
2.479855481971424247e+00
1.658941722370087302e+00
2.717428280527090401e+00
1.594710204486480931e+00
1.884564712381020080e+00
1.533971359820285985e+00
2.726901448511295456e+00
2.024898798247889431e+00
2.114829173694862341e+00
1.332216901825755473e+00
1.876242406160411491e+00
1.813312624072642265e+00
2.401958659921273664e+00
1.357423787379988811e+00
2.611083989965453434e+00
2.057750976895639461e+00
1.997421712050320153e+00
2.086564061013881588e+00
2.549765272909515268e+00
2.623382880669747230e+00
1.693040350700398378e+00
1.728724285606068944e+00
1.627993855830848879e+00
2.379595910690668781e+00
1.209562481220179953e+00
1.849269496055115480e+00
2.269285877591237899e+00
2.710534816704386341e+00
2.610111705539847726e+00
1.354043019575311479e+00
2.592805945627045361e+00
1.420443272077711594e+00
1.788106381885794294e+00
1.348565200728488955e+00
2.206358505038992668e+00
1.263945587829315986e+00
1.786134017093207182e+00
2.320894795892806339e+00
1.675188192594124992e+00
1.148357285859526566e+00
2.661345374676601150e+00
2.217842477275698165e+00
2.102557419377529602e+00
2.325727263100227482e+00
1.938089481351873200e+00
2.068896340998902517e+00
1.828820532553554701e+00
1.934192695690047925e+00
1.480586945389975151e+00
1.181593145258488464e+00
1.302689628075008876e+00
2.294065404271427688e+00
1.650763554569922409e+00
1.315020706881571799e+00
1.941904568126596065e+00
1.684522506925645757e+00
2.235941265493623042e+00
1.792121459075143530e+00
2.245137385190340229e+00
2.241646454040565395e+00
2.436811788091111985e+00
2.013527416866327968e+00
1.384186395282684279e+00
2.093385775300657947e+00
2.381815701053796808e+00
2.502178461307195789e+00
1.742661740042404706e+00
1.241558715064056795e+00
1.097952058929774433e+00
2.295079294758708865e+00
1.522742770953165792e+00
2.292616384225512505e+00
1.552536089075088999e+00
1.944601934558925604e+00
1.369297035876869018e+00
2.344250870109709339e+00
1.070729144485407458e+00
1.488340783628832487e+00
1.440272191924261369e+00
1.761914204707914156e+00
1.662528011108620252e+00
2.228091729336851401e+00
1.884534674136045806e+00
2.463794356864508650e+00
2.033631609905568904e+00
1.937084764954594807e+00
2.255488512393702294e+00
2.361211171132836295e+00
1.890006767153301626e+00
2.834312832890349299e+00
2.452062400249503504e+00
1.545653948736628092e+00
1.720149806318376662e+00
2.380076160031715293e+00
2.588440910607193945e+00
1.274688998767905979e+00
2.194709739554551398e+00
2.226563029442462760e+00
1.874039038044784888e+00
1.708394748210096958e+00
1.553558788181595318e+00
1.650701794518723231e+00
1.984193412961905434e+00
2.094722661035103961e+00
2.484078461546401773e+00
2.478642594101054364e+00
2.449253613058248291e+00
2.345792890154041022e+00
2.126513412846293694e+00
2.526621708145145639e+00
2.600874655702501315e+00
1.656171601929253390e+00
2.386276034295406134e+00
1.712635439786809322e+00
2.370886754823395837e+00
2.471783577138821464e+00
1.985216277220890113e+00
1.721733812571975664e+00
2.692551802800326577e+00
1.372612467671448400e+00
1.673781904380012620e+00
1.727411881271499805e+00
2.389958828611682407e+00
2.284128796508743342e+00
1.736803010979243389e+00
1.991378714905059910e+00
2.975437266479581844e+00
2.472206222409886411e+00
1.660104727820476800e+00
2.460450913088028102e+00
2.063580765932777616e+00
1.809483849967477020e+00
2.502402923739121210e+00
1.628974100653568513e+00
1.780937398604477861e+00
1.317591457506107622e+00
2.200470690863147283e+00
1.898361730233773859e+00
2.492655751392474084e+00
2.289278582427542563e+00
2.148858488539503231e+00
2.346183091728664571e+00
1.537869319779227251e+00
2.098618061149892355e+00
2.284616768594943892e+00
1.580330260366205941e+00
2.223885990887852326e+00
1.848013454894517960e+00
1.968721078509621858e+00
2.646538939209670982e+00
1.924353903396274434e+00
2.537566114134516049e+00
1.106903975133935125e+00
1.770394875338639817e+00
1.323231120374247727e+00
1.173471156322558384e+00
1.669355686164668562e+00
2.280911427187912288e+00
2.341405179414600912e+00
1.574891536446458407e+00
2.479497303855046297e+00
1.421755359239965433e+00
2.131901882159231931e+00
2.212195241194923945e+00
1.596091313139770929e+00
1.749682315009612577e+00
1.932756856916200139e+00
1.800902034931305185e+00
1.792825856706191878e+00
2.018664846815096503e+00
1.850942295715884534e+00
2.398309390601075286e+00
2.133358604299611549e+00
2.498314053393443146e+00
1.912796530282061536e+00
1.428333881028613472e+00
2.177866181112665611e+00
1.708069871089590297e+00
1.840552089020893511e+00
2.521900934214020396e+00
2.198887486824133042e+00
2.622138746016665856e+00
1.702762313095632862e+00
2.375181930385855011e+00
1.580782879488313863e+00
1.741724402581049658e+00
1.331584563649764075e+00
2.421265242589087929e+00
1.785040084109888792e+00
2.163771955159507598e+00
2.455587543577148146e+00
1.426583645197506245e+00
1.503465367739006187e+00
2.027006483514879331e+00
1.415068838929115724e+00
1.418424316914219441e+00
1.576288357238126991e+00
2.333645358149587068e+00
2.637881902381408405e+00
1.691479053502592533e+00
1.630995646829641155e+00
1.628300017155946744e+00
2.545778360137021856e+00
1.933853725188161121e+00
1.152145717254051904e+00
1.775779514100564338e+00
2.479388948748880495e+00
2.271850786216837115e+00
1.838038436452090529e+00
2.617357647438156132e+00
2.379547503844932521e+00
1.943098139125812418e+00
1.236817869518861857e+00
2.690740002054378799e+00
2.200124387053009833e+00
1.399244789691590940e+00
2.628140664948778848e+00
1.322625853757873227e+00
2.180687425064897322e+00
2.369589599915925326e+00
2.480775858353148067e+00
2.069406301937749326e+00
2.446601700336530349e+00
2.376664015320927525e+00
1.534486580574060621e+00
2.035857959113994031e+00
1.185450991009179278e+00
2.068218350391552107e+00
2.136244259138215806e+00
2.409089890689024571e+00
2.163189084076138080e+00
2.591491838826428307e+00
2.571823473616125177e+00
2.487762272328307489e+00
1.780256230651475313e+00
2.150803104470887295e+00
1.290832098297404862e+00
2.283523786239589626e+00
1.559933924423443585e+00
1.621714387248299749e+00
1.391897842569836508e+00
1.847182870937513544e+00
2.039537483982282851e+00
2.616835207944842701e+00
2.456720525002538125e+00
2.232703901562438809e+00
2.077560961342808099e+00
1.731474802815638814e+00
1.943731864587996849e+00
2.880096367100365207e+00
2.522216548955314330e+00
2.035088262777294155e+00
1.178893694886551380e+00
1.992672921510801443e+00
2.260214002955053481e+00
1.132830677964155264e+00
2.544973210146879605e+00
2.417102558666242018e+00
2.444310418471665969e+00
2.513997759754218464e+00
2.134156096976341566e+00
2.246143327498745457e+00
2.624688193632257249e+00
1.693924310872809702e+00
2.068882484489054541e+00
1.634590485393330184e+00
2.480632145007856337e+00
1.651878718400821455e+00
2.564056039256423336e+00
2.227928128901135896e+00
2.198945081958943781e+00
1.862110916958223505e+00
1.984963910346579485e+00
2.751824584929651429e+00
2.024007324461011947e+00
2.161004061043434454e+00
1.411077224360348437e+00
2.063887127858938797e+00
1.643158619976746504e+00
1.678046273279857115e+00
2.253796539147515432e+00
1.225507096632207693e+00
1.896896304488452145e+00
1.380561635260209252e+00
2.616638984715429217e+00
1.701008952521138262e+00
1.801487849087628490e+00
1.780985368220240339e+00
2.570844115570553257e+00
1.775341861418423539e+00
2.468389172635473194e+00
1.318944319891115713e+00
2.607239997136466148e+00
1.251778936222171845e+00
1.883229487886268982e+00
2.045053615757272958e+00
2.082591333760103858e+00
1.937648132731165873e+00
1.845958576463755607e+00
1.730745135230320919e+00
1.758929259839113524e+00
1.854386272254695989e+00
2.491496918139051608e+00
2.875520264555752270e+00
2.340635149647986690e+00
2.034511012260633578e+00
2.171152464431703955e+00
1.474425086398173823e+00
1.553774834950889971e+00
2.484595601340543247e+00
2.119439965081572286e+00
2.087258604570875420e+00
1.599651934184292523e+00
1.900989741975333658e+00
2.214921736578889355e+00
2.047960730325864454e+00
2.212153355126813992e+00
2.026275040298925134e+00
2.256932061308762894e+00
1.668226963391079343e+00
2.578005993394726136e+00
1.955736528024567322e+00
1.828374916216551238e+00
1.633017966483123029e+00
1.685576710834820746e+00
2.360522087060340723e+00
1.739841403148817633e+00
2.534759484842276756e+00
2.795014246858756213e+00
1.970434317470198371e+00
1.749444709187867097e+00
1.562422493365845488e+00
1.469613413637219201e+00
2.256178707777540815e+00
2.657138969960672892e+00
2.529529079927533175e+00
1.746747459786888390e+00
1.941642105109897987e+00
2.162290496198861156e+00
2.477085077956328263e+00
2.272139429024402357e+00
2.563692286004175536e+00
1.784132575820441602e+00
1.470917529324264672e+00
1.854116722600814171e+00
2.014771020686020098e+00
1.424789376255769291e+00
2.318813147106717487e+00
2.791216472745811750e+00
1.805231808434301533e+00
1.368301733547319987e+00
1.394282463599408661e+00
1.905835077707963787e+00
2.037063807497966117e+00
2.197366397816308492e+00
2.019130579644647483e+00
2.039219759441417423e+00
1.388406379013185088e+00
1.503529162621501714e+00
1.604680232618885594e+00
1.508405660418708827e+00
1.926536821607724104e+00
1.824692588747776290e+00
1.999317224425973150e+00
2.849275330298831399e+00
2.337935312410804656e+00
1.903428124361098650e+00
1.584101483723858728e+00
2.743288824725782504e+00
1.756070822511406782e+00
2.066800855522907376e+00
1.533584354130751670e+00
2.030941634952150743e+00
2.029725503851475654e+00
2.533824823607432997e+00
1.846949318323440448e+00
1.707925549963803302e+00
1.954038121137850137e+00
2.447626631924582519e+00
2.764816847196540195e+00
2.133925371712297459e+00
1.662548451342754197e+00
1.916636480148092403e+00
2.375173166375398992e+00
2.269125295672127507e+00
1.947635198490606845e+00
2.718944835773125845e+00
2.824989051353272718e+00
1.992387143003067074e+00
1.965550787472727379e+00
2.312440994532805938e+00
1.691429711538787073e+00
2.426440620367547485e+00
2.405918126957696579e+00
2.613154558056943522e+00
2.786122561297028621e+00
2.321134357884635513e+00
1.633968118000127756e+00
1.547691882947383135e+00
1.866946334268691388e+00
