1.677597527085620266e+00
2.292665463662420855e+00
1.513443577793410988e+00
1.602173093833417328e+00
2.183524932045099121e+00
2.015315715963328813e+00
1.808700190380402528e+00
1.955020271078059313e+00
1.713201061632044997e+00
1.900891778953949007e+00
2.528623551969997774e+00
2.128040205019419595e+00
1.972038935054456044e+00
2.362773584332050980e+00
1.434766214618766522e+00
1.699175939262293156e+00
2.091972558750471389e+00
2.187052691664161941e+00
1.323793503686941264e+00
2.331551054166998149e+00
2.130855333125275308e+00
2.069957154242275443e+00
2.329945261670092194e+00
1.743439688245273622e+00
2.281105643565350505e+00
2.419389432028089093e+00
2.243362030493369463e+00
2.232102948751862215e+00
2.002952028387722905e+00
2.287528168473937029e+00
2.487986313004715733e+00
1.930693522744655333e+00
1.512392069202162403e+00
2.674083887012967065e+00
2.610100106059681124e+00
2.307016846652324205e+00
2.448271775370879588e+00
1.208410757328684859e+00
2.230792370935985591e+00
1.546244127394758028e+00
1.816385335453872596e+00
2.453763657084606642e+00
1.563678385832380613e+00
2.334386186210757330e+00
1.520376431580558130e+00
2.308203634176651420e+00
1.728943341583673021e+00
2.369200325478901803e+00
2.657422797043565765e+00
2.114997287057383879e+00
1.943213140453539323e+00
1.181136328916292833e+00
1.206357917856226925e+00
2.047345080911532111e+00
1.708539152175346132e+00
1.901543697740595062e+00
2.434788868988534638e+00
1.845488943280278793e+00
1.733942223225293011e+00
1.481111973092845702e+00
1.567212449783349060e+00
1.956127351093011502e+00
1.447521517976675387e+00
1.494937832088501839e+00
1.115193592220847796e+00
2.571685928958325817e+00
2.534864794828564527e+00
1.471153013662942488e+00
1.854204103435195261e+00
1.901975250376379156e+00
1.963393155499025156e+00
2.108620739936327038e+00
1.897691997210119830e+00
1.673056315406038941e+00
1.558988135109052209e+00
2.824228808685979253e+00
2.112399211862817427e+00
1.478240068359577553e+00
2.220391462370227664e+00
1.831170545554255513e+00
2.560866120320714145e+00
2.732100095650513261e+00
1.700094111657254548e+00
2.405791013457055705e+00
1.927348139070496735e+00
1.454599602214058596e+00
1.481556098480739436e+00
1.905658903583894670e+00
1.608594123832288503e+00
2.131542386476281692e+00
1.305952311271608934e+00
2.655105820531775684e+00
2.148571134878611844e+00
2.669778419465294927e+00
1.791084293256786308e+00
1.395334348184033679e+00
2.666292840795817298e+00
2.185856691268965424e+00
2.346089276481611474e+00
1.293997996349627311e+00
2.293348785246966060e+00
2.019713235563366904e+00
2.474054632270187959e+00
2.356784312440855178e+00
2.251679387125056664e+00
1.965272710599830663e+00
2.295013831147865169e+00
2.376025797031352305e+00
1.897765260976584267e+00
1.734699875770491673e+00
2.537042833929157304e+00
2.604436461231933286e+00
1.545682766628453830e+00
2.145286872957781199e+00
2.731920767697165520e+00
1.636056620704409159e+00
1.299658866245324118e+00
1.917252576059786495e+00
2.376837369435849112e+00
2.698104449811822292e+00
1.932248885010627637e+00
1.921394753799538835e+00
2.217874007369344369e+00
2.038011521704756301e+00
1.958836253211224898e+00
1.210881320007358930e+00
1.838313361499955390e+00
1.824300726048822430e+00
1.866042238290953392e+00
1.696892595453963981e+00
2.471242825586347447e+00
1.384350147428259348e+00
1.297376208210495596e+00
1.352720351088343875e+00
2.038734282249848206e+00
1.427157962576955708e+00
2.369269067213266133e+00
2.125823547469387620e+00
2.746486978062034456e+00
2.206587270268485668e+00
1.871973961486074423e+00
2.101028061417760995e+00
1.490493586369343371e+00
1.762231013415219483e+00
1.830443076301064398e+00
1.792462786177317469e+00
2.701343195749537518e+00
2.436384314416192964e+00
2.434030666850856228e+00
2.435764029040137224e+00
1.971249140592046700e+00
1.818017159586565956e+00
2.070072729408756640e+00
1.350760043510534469e+00
1.916462270699959891e+00
2.323924088311252412e+00
2.080662027515931989e+00
2.463213316689970345e+00
2.359171586936429144e+00
2.282062957419678906e+00
2.170851024428141596e+00
1.581927751782397529e+00
1.828346292710619103e+00
1.757819778275798495e+00
1.974353626313944954e+00
2.356962359953764796e+00
2.043664909787721307e+00
1.664345216827801233e+00
2.098999787294084207e+00
1.936737157311458457e+00
1.984861961044280809e+00
1.581223227296356448e+00
2.723214730463382693e+00
2.113401449038325719e+00
1.201188729827012747e+00
2.002200933587366727e+00
2.005434786201253150e+00
2.142643247494363301e+00
2.143580473111886153e+00
1.394767276623878116e+00
1.643757060216694654e+00
1.772813910943912941e+00
1.785711293229364394e+00
2.615304951937631017e+00
1.548643989077700178e+00
2.673522184118747980e+00
2.416792061928193291e+00
2.526376769111775555e+00
1.617710837232209986e+00
1.457716641271268987e+00
1.971630889552074439e+00
1.769029447279540035e+00
2.335069575878219617e+00
1.194281665818329285e+00
1.682963750565232175e+00
2.643933765131927238e+00
1.808052538318254854e+00
2.575073223715748760e+00
2.081798438288567255e+00
2.030698520665422002e+00
2.428954357942727960e+00
2.283359552170769025e+00
1.275784580133079382e+00
1.683583572469743217e+00
2.594888302175156980e+00
2.027701696778957619e+00
1.861592450018888734e+00
2.189287356887102298e+00
1.682644498721139303e+00
2.224509572263139390e+00
1.595835209650672493e+00
2.504713924712961060e+00
2.011704988269061189e+00
1.749275311024826252e+00
2.612607900845920206e+00
2.392300023076296522e+00
2.002939301060121746e+00
2.444443204145261284e+00
2.308884249781216536e+00
1.823421346403894194e+00
1.986338080133079886e+00
2.437956978178530854e+00
2.719601898214444979e+00
1.454645850298447840e+00
1.226513284787130731e+00
2.262146744907582274e+00
1.415727620407753573e+00
2.195058222619251431e+00
1.569802554532000460e+00
2.159908626645001384e+00
2.000365333539237511e+00
2.053544546319505670e+00
2.153096183310543754e+00
1.098493314345529548e+00
2.022850933664995132e+00
2.330528095007512235e+00
2.222893607618216194e+00
2.074061514547758556e+00
1.556912202460201344e+00
1.624715422564121159e+00
2.474685350858933042e+00
1.242312314566831333e+00
1.967567959238611719e+00
1.927723744589484589e+00
1.782540815186165029e+00
1.718892594496547854e+00
2.333484063658722185e+00
2.334544842927152253e+00
1.909949856577442651e+00
1.539999108177477094e+00
1.931788024891067934e+00
1.622040272907311564e+00
1.307062626619992507e+00
1.152444913627213241e+00
2.026042204600008390e+00
1.888308220429778306e+00
1.562216318212304778e+00
1.693805486953515294e+00
1.082711168150030767e+00
2.403977504764908346e+00
1.213283041282547270e+00
2.063319870233766729e+00
2.829658007614590964e+00
1.967494869208116892e+00
2.479669990629800314e+00
1.597829912725251544e+00
2.461529928367196085e+00
2.685538160288180709e+00
1.162957556993267971e+00
1.541750249736485667e+00
2.786101439169088145e+00
1.493067614746204086e+00
2.518005264775751151e+00
1.863211796651804253e+00
2.518544160276949384e+00
2.507398611405344369e+00
2.143238474895007517e+00
1.868432091453940735e+00
2.057700014553614842e+00
1.788742613387596103e+00
1.512011964117212948e+00
2.634309352745790811e+00
1.991218988209767726e+00
2.638754871072311659e+00
2.124721872303320325e+00
1.906084427107678003e+00
2.157466466813150241e+00
1.535868659219465471e+00
2.947483679016050573e+00
2.059283011017652321e+00
2.347302999559526704e+00
2.331536761996390705e+00
1.657999180048740584e+00
2.116880051314432354e+00
1.562428594509494673e+00
1.550397298806732049e+00
1.951952996651491246e+00
1.879720551038374987e+00
2.500087780301083029e+00
1.852529865012716215e+00
1.805309060278333266e+00
1.932229227573950769e+00
2.102074907247898583e+00
2.409288002705990195e+00
1.762635669060015786e+00
2.450013853147770426e+00
1.698964095899697213e+00
1.841608062630283982e+00
1.770210556319462114e+00
2.088440444175038824e+00
2.105749418531711381e+00
1.965089069941692079e+00
2.520721325302505811e+00
1.306523918217246338e+00
1.237344059173191235e+00
2.017674006268794784e+00
2.540686971761615620e+00
1.879796598057159596e+00
1.499211006858867989e+00
2.245192812936363858e+00
1.440549137516744960e+00
1.430544833160091844e+00
1.698428132025358028e+00
1.849234539453266990e+00
2.423050834351205829e+00
2.109078735479990918e+00
1.777329158664538999e+00
1.630377475845652846e+00
2.005167734911561972e+00
1.986142222130171220e+00
1.415382156590493157e+00
2.473843093696669548e+00
2.224993880673030056e+00
2.268158876198432594e+00
2.349932380483337635e+00
1.908065915764601161e+00
1.949849926859324567e+00
1.778026307014750618e+00
2.024571568219116102e+00
1.956408501632361574e+00
2.795638079675033971e+00
1.843533434942528082e+00
1.340979320560002686e+00
2.299099824547483628e+00
2.140688910766244568e+00
1.316516737137109150e+00
1.955417134795956802e+00
2.448557713388241908e+00
2.125958948880881216e+00
1.538420206065657547e+00
1.943080217091897488e+00
2.618046545042880258e+00
2.220192571282557648e+00
1.900373378432302918e+00
1.538179163148010176e+00
2.357400227008271898e+00
2.072331130895321394e+00
2.357349297291609691e+00
2.282032924675915009e+00
2.395059673399303257e+00
2.007731275551595918e+00
1.777829004758997300e+00
2.316948817487488377e+00
2.590331883698373527e+00
2.167461328786293606e+00
1.883988198711855411e+00
2.330466156576519232e+00
2.508649119176072695e+00
2.257561505691378034e+00
1.848390327042812364e+00
1.414662147451422936e+00
2.357965355777479566e+00
2.047190185329419876e+00
1.861009392319250555e+00
2.306319351477669422e+00
1.317146477300487506e+00
1.878837132802939180e+00
2.369237567835230429e+00
2.591566888963853454e+00
2.429943715198736420e+00
2.182851970708580502e+00
1.160542782930353622e+00
1.412801675089873976e+00
2.314352797158193198e+00
1.628381922143999461e+00
1.404104264571327754e+00
1.935396905582701610e+00
1.446460541430531821e+00
1.536549376416187274e+00
1.896641478240022050e+00
1.724113424233117975e+00
2.308346955609818174e+00
2.245039133046978996e+00
1.541778620437926683e+00
2.490487663542301888e+00
1.366883123045759874e+00
2.535203786967755502e+00
1.242610681141089524e+00
1.762780715454231872e+00
1.539398108700158030e+00
1.776824024684206194e+00
1.782201109518465554e+00
2.443478241654167604e+00
1.514366132846052704e+00
2.701272796670186604e+00
2.345802620136628658e+00
1.410495221062115778e+00
2.595558578648180514e+00
1.928732837348773321e+00
2.235306373741338781e+00
2.220826435066750371e+00
1.818960992003465504e+00
2.655952570842485372e+00
2.229334139948370819e+00
2.220026990726805760e+00
1.190781448648396745e+00
2.087385786869783821e+00
1.241858634554001695e+00
2.220792242702907870e+00
1.747631734223724642e+00
2.085998994829052933e+00
1.733640555594817778e+00
2.151436081862480698e+00
2.283087026051890511e+00
1.995332975370923911e+00
2.205409400128663933e+00
1.462370808475540240e+00
1.997182463748658598e+00
1.399344871246194666e+00
2.114030323732611460e+00
2.630463780059078438e+00
2.338662025310470405e+00
1.316027666413583264e+00
1.957247319225408067e+00
1.628470053133022954e+00
2.352061414686052565e+00
1.792306233991875830e+00
2.211067245378573798e+00
2.227757747925004139e+00
2.112970118263082675e+00
1.304077203992942025e+00
2.407213770919695683e+00
1.415406759696928862e+00
2.457628820489421440e+00
2.383107417109250559e+00
1.850206361377281450e+00
2.119713293184126268e+00
1.610868280848126721e+00
2.839610578647816741e+00
2.267872574656576212e+00
1.763177013636413104e+00
2.127625048014532005e+00
2.011726562412332164e+00
2.854471553734937217e+00
2.737558393057929251e+00
2.652158188516808401e+00
1.947153173699676554e+00
1.979945877411679822e+00
1.514386600768227176e+00
2.488082161412864757e+00
1.917845360307577796e+00
2.187434796515755675e+00
1.554310206258810112e+00
2.387376060225876451e+00
2.381606413079325968e+00
2.146524829347892904e+00
2.055420400910666245e+00
1.758031155360959552e+00
1.945257974486818364e+00
2.668543711758772474e+00
1.966539084444777430e+00
1.725858980836751044e+00
1.658483507882840158e+00
2.627846067800415408e+00
2.222276920550180890e+00
2.616304395040145891e+00
2.824466075728028436e+00
2.049675504527590064e+00
2.405037262437052625e+00
1.803027631363490979e+00
2.112255128930478509e+00
2.135099305286206839e+00
1.143648240241996294e+00
2.154682794111705491e+00
1.438339706208395796e+00
2.284951210178641112e+00
1.431315310950679542e+00
2.300287270312606935e+00
1.604603355261107644e+00
2.469056549344353257e+00
1.431794286603482957e+00
2.269563282846450480e+00
2.141264385119415081e+00
2.614243035039764962e+00
1.651483899885991313e+00
2.153610140630859870e+00
1.143179842005777935e+00
2.367404426847569798e+00
2.197452544322286094e+00
2.159855806872561956e+00
2.160914498320710919e+00
2.040477703033094947e+00
2.618008067656880211e+00
2.480650739161181839e+00
1.800851604174961818e+00
2.446408891072409109e+00
2.594590506182814060e+00
1.664067134252304125e+00
2.132582732922789326e+00
2.022503406318042707e+00
1.881673711588741194e+00
1.786721497293141336e+00
1.144432063603616934e+00
2.820253943018891540e+00
1.846249509798957522e+00
2.065708166448557037e+00
1.601681258223049742e+00
1.786985639033896511e+00
2.547826068779513342e+00
1.729702915724633527e+00
2.458363700170584032e+00
2.172961680657052863e+00
1.805030846185033067e+00
1.759439199826993372e+00
2.330058424571823217e+00
1.509506482553927720e+00
2.352591887831412265e+00
1.820250749316957517e+00
1.753288976373360342e+00
1.301568950409565772e+00
2.753849142404430239e+00
2.264868141579405414e+00
1.589473679783723448e+00
2.274763547696782240e+00
1.582989544056602416e+00
1.879983374559396569e+00
2.053833959398486009e+00
1.278569628263031888e+00
2.023412074760154056e+00
2.138652550560931509e+00
1.948607579876716178e+00
2.065863318907729784e+00
1.355301405891566446e+00
1.805446676870956058e+00
2.470566304614712827e+00
1.670004973990788066e+00
1.424525669161300634e+00
1.741642646101717373e+00
2.412343227270451695e+00
2.398203334255070818e+00
2.105652459856524494e+00
2.768669400531913904e+00
2.001540912073556555e+00
2.068440301528733372e+00
2.393610348130978061e+00
1.922297308173785080e+00
1.992315885790021834e+00
1.842444001521518659e+00
1.722600002384393036e+00
1.745135805251571970e+00
2.054698306245239525e+00
2.017607836289217804e+00
2.755171235465943447e+00
2.474591617268163013e+00
2.096768604928345603e+00
1.801987329954019668e+00
1.906238817421937348e+00
