1.435774838557673849e+00
2.077395383408662255e+00
1.595637605373469103e+00
1.396342116719398341e+00
2.743944005253620144e+00
1.927575255572155477e+00
1.494794935191051222e+00
2.601583337350004577e+00
1.307599706030564857e+00
2.375312756035404149e+00
2.150212964131390958e+00
2.108954712361010841e+00
1.264261347816431513e+00
1.735224951351331146e+00
2.425919637497439219e+00
2.067895649265579117e+00
2.377012852410214983e+00
1.708269663035343999e+00
2.252740547074430832e+00
2.278476973709522291e+00
2.178570538920244992e+00
1.412732411557933609e+00
2.438442523484103397e+00
1.861747343098377971e+00
1.615508454248034909e+00
1.676997474620090856e+00
1.989658606988104150e+00
2.263356689776098385e+00
2.266522953567305265e+00
1.767867169129061278e+00
2.018890656423071750e+00
1.309899158676338660e+00
2.473984827659121422e+00
2.550918236039389608e+00
1.785432033892717651e+00
1.965597531959686783e+00
1.758653929612944644e+00
2.676548613536867904e+00
1.937759474603525156e+00
2.516136744926059876e+00
1.715888668381514659e+00
1.973896042588726640e+00
1.550206528515075677e+00
2.345922721747903950e+00
2.350461263218444952e+00
2.598710600449443575e+00
2.051761461490841487e+00
2.348750973329535086e+00
2.159536022586246773e+00
1.783542727437920750e+00
2.360138471672275529e+00
2.027751559808367965e+00
1.694865402022837531e+00
1.527901266736676700e+00
1.706101278333120197e+00
1.979997692222186023e+00
2.091670964823872492e+00
2.725275488132945512e+00
2.453288109162238051e+00
1.524636618791769926e+00
1.294756855907459148e+00
1.955315048281741630e+00
1.341426651920079482e+00
1.657005357675632506e+00
1.914741059536684276e+00
2.274353087385625916e+00
2.131152462200922137e+00
2.115343868566586849e+00
1.329285076265794174e+00
1.550505513616913689e+00
2.438371435980521085e+00
2.589096507769309774e+00
1.398222768541417249e+00
1.923595972950279176e+00
1.708776836201797877e+00
1.351518093337659820e+00
2.136474390291678738e+00
1.940483855239167443e+00
1.474919445668167128e+00
1.415918823130081661e+00
2.129622200416375399e+00
1.527704100434140955e+00
1.818899406677338737e+00
1.056157069797681425e+00
2.545631784239441586e+00
2.300031123861212556e+00
1.954628223702607137e+00
1.620492711283746612e+00
1.853574394652857116e+00
1.261605295536453841e+00
2.211304582993733447e+00
1.436678193846599116e+00
1.582763100431232139e+00
1.986064349857587841e+00
2.015459223354738594e+00
2.140024292594433053e+00
1.515707796152202302e+00
2.594943257750287557e+00
2.239534963412140200e+00
1.643520127882717397e+00
1.766679349481585781e+00
2.436876853520708153e+00
2.265724905501177666e+00
2.198153461103272477e+00
1.989180338045101637e+00
2.612373379882324542e+00
1.644343132555394771e+00
1.327722999945236237e+00
1.729258331058121767e+00
1.521189982281194286e+00
2.224352208734622138e+00
2.049989991161790037e+00
2.428448785360337592e+00
1.741904174730761756e+00
2.337476805228541288e+00
1.527558044712785001e+00
2.038047471635338503e+00
2.465347374419230242e+00
1.307628892840694723e+00
1.768248235591917572e+00
1.894659583084350229e+00
2.039707782570106431e+00
2.200611519074574751e+00
1.698852209404387636e+00
1.737700753004439491e+00
1.670112605807782646e+00
1.820395048463995025e+00
2.131645850837480261e+00
1.992239590995485976e+00
2.101164924905766895e+00
2.437471566062995088e+00
2.365346709301434203e+00
1.208202333533740180e+00
2.499243607732426042e+00
1.924119530785265875e+00
1.763947295414111327e+00
2.476405004823952538e+00
2.327791823967409801e+00
1.693465476975954065e+00
2.210135047602423963e+00
1.480493394216536807e+00
1.770445241597897068e+00
2.135469993726394122e+00
1.976740762778313343e+00
1.813219706174990620e+00
2.304166452287410571e+00
2.262067859330647579e+00
2.125651882723956110e+00
2.521216875509443511e+00
1.974379675297384118e+00
1.960521231978227918e+00
2.037350151466378101e+00
2.181321915635051401e+00
2.156190741395441979e+00
2.215621276101020776e+00
2.308170743251251711e+00
1.544704625713189561e+00
1.972728491956306840e+00
2.124593896021327311e+00
1.991135808516192096e+00
2.100389126216779978e+00
1.662949282980846766e+00
2.358856052965262684e+00
1.722545273334419758e+00
1.681701733713282021e+00
1.685015135162320377e+00
1.204217126726904397e+00
2.237791353687073048e+00
1.569490791032511101e+00
1.508209960259990989e+00
1.889135209532443849e+00
2.106533603217607187e+00
1.458269227991868755e+00
1.184954982124931444e+00
1.582232753552530680e+00
1.767064899925828492e+00
2.785028836300425858e+00
1.266730813403218914e+00
2.761192525897302463e+00
2.237168119169691494e+00
1.912263727316900308e+00
2.649213623391220906e+00
1.384882420171189565e+00
2.150109606194335221e+00
2.137855987485305587e+00
1.690409324263343116e+00
1.525143914395504563e+00
2.375714372630159499e+00
2.174570232259731561e+00
2.647705875223601346e+00
2.318967281359628707e+00
2.289171495839843029e+00
1.663081762228807881e+00
2.484510379466253305e+00
1.253115069811515214e+00
1.933390073641111151e+00
2.357747194786941058e+00
1.518300462131644268e+00
1.795456975287903933e+00
2.070221662926956974e+00
1.503267145368036184e+00
1.302392056265991638e+00
2.083273351221648362e+00
2.130029325781942262e+00
1.253747099779749741e+00
2.528115697257136585e+00
2.125286998488865375e+00
2.452668158132802922e+00
2.509795832075197630e+00
1.663539693343232706e+00
1.772465953042415610e+00
1.547722747906962404e+00
1.480653375971248131e+00
1.692997375620894918e+00
2.125373659553673633e+00
2.224058038426755424e+00
2.458875442600865213e+00
2.542615339184080447e+00
2.644355283435452897e+00
1.778838917506383677e+00
1.940148543431622796e+00
2.242317543960881565e+00
2.001836109164639499e+00
1.812783505862403999e+00
1.943288107993698777e+00
1.485897411047721661e+00
1.520491546818473427e+00
2.605521574030745136e+00
2.451027822401965039e+00
1.905776522063066913e+00
1.395855276848458448e+00
1.602189221378280459e+00
1.651630835784834161e+00
2.291677723339467398e+00
1.987263499923286991e+00
2.061308559700427256e+00
1.111845436436778689e+00
2.185352735418995884e+00
2.113206992072855783e+00
2.010506147982599412e+00
1.945877987578821688e+00
1.766791386058363944e+00
2.222301501768461307e+00
2.092111135264028032e+00
2.490145382902158921e+00
1.629634534495395526e+00
1.908519166472448347e+00
1.324208011548546837e+00
1.756587208241026765e+00
1.782814768023661234e+00
1.883953125886380198e+00
1.768211922171129657e+00
1.202517313920042241e+00
1.761442848471437284e+00
2.258186296427605377e+00
2.169618187274738208e+00
2.226925167238179348e+00
2.593761025433965806e+00
2.459695980729144971e+00
2.020082776304547245e+00
1.479627908783575974e+00
2.312678824266794386e+00
2.393617948828525410e+00
1.479455565101314374e+00
1.946937762122193050e+00
1.409204184374258206e+00
1.853338194565789632e+00
2.225658227468255035e+00
2.090903918946696916e+00
2.612597636594510497e+00
2.362257811244607097e+00
2.613419389216651290e+00
2.448013587497231303e+00
1.635480857557409351e+00
1.328867186841087289e+00
2.099794257027824074e+00
2.326787766949614422e+00
2.606420350756348370e+00
1.561688394468714325e+00
1.751499295855502236e+00
2.089538869693599032e+00
1.389336324255847632e+00
2.267012389742374623e+00
2.429481930655361666e+00
1.702208377329224254e+00
1.480022846933060965e+00
1.954573025380188955e+00
2.458429133266537114e+00
1.333571565227908096e+00
2.076619256771775390e+00
1.562264946244194430e+00
1.764204331708125961e+00
2.034730096759053808e+00
2.145851130180707500e+00
1.730252238998296832e+00
2.836836793529241341e+00
1.465910516476266245e+00
2.876038486340462441e+00
1.343996546166556172e+00
2.314984560524814050e+00
2.020212564766216357e+00
1.160769773637193358e+00
2.611611548296417951e+00
2.146491644460377657e+00
2.266911228723543559e+00
1.511953468479775076e+00
2.610791967522365198e+00
2.382318596420530010e+00
1.856271352060388180e+00
1.117962898272894634e+00
2.333468812392988312e+00
2.159930925651835754e+00
1.795830453064341636e+00
2.361745976374671763e+00
2.036109475587505102e+00
2.291462364705639132e+00
2.652065700763292178e+00
2.131309933812606694e+00
1.859085413571966106e+00
2.325325035361088588e+00
1.588964339693582861e+00
1.651517317878066216e+00
2.059235144053952915e+00
1.509759324630778554e+00
1.867413919983503590e+00
1.631976309465590358e+00
2.323286506451407440e+00
1.593467522972168204e+00
2.546439678617391067e+00
1.925269441078396593e+00
2.657220007775696224e+00
1.927636843818264722e+00
1.487513140793876421e+00
1.525859042797822251e+00
1.780888371850038343e+00
1.694698997416050457e+00
1.644094820286692959e+00
1.596625031670699801e+00
2.538657466693787335e+00
1.453444464835472738e+00
2.001899496561724057e+00
1.352158541388072566e+00
1.203418415009196885e+00
2.190444500625321034e+00
1.551803703124732925e+00
1.116531427881643612e+00
2.315520142249806845e+00
1.933896154559483493e+00
1.477606080995591320e+00
2.361887006596378402e+00
2.506342294542954097e+00
2.329243225848618870e+00
2.204425017495725392e+00
1.489779801232765433e+00
2.225344446933717357e+00
1.455780225295534080e+00
1.345810016922525554e+00
1.614268371690510184e+00
2.242705828859088868e+00
1.847182398604565012e+00
1.839399118932592669e+00
1.509883184439007264e+00
2.481010757602737371e+00
1.377646632330963294e+00
2.875432905612514745e+00
2.111856164730092189e+00
2.081000036832544087e+00
1.590756005392518713e+00
1.922242091637889949e+00
2.306229454506027565e+00
2.276326923530511692e+00
1.604639734874325541e+00
1.884846658923933882e+00
1.952953412800910282e+00
2.333041765600635031e+00
2.378467526437704649e+00
2.204590795353028376e+00
2.742141257708160307e+00
2.475583212819659984e+00
2.158049155402799180e+00
2.044336820068482385e+00
1.710263223179992798e+00
1.759201204165963928e+00
2.621901726975818026e+00
1.910541053865994821e+00
2.671105624244889398e+00
2.741961175317690458e+00
2.592369423211855484e+00
1.533173376776842289e+00
2.264014357500227170e+00
2.272660488702954673e+00
1.944338947600803280e+00
2.039065702389154744e+00
2.056003805751655200e+00
2.717840576009296960e+00
1.547478498344880604e+00
1.720753930009680133e+00
2.371947768151314584e+00
1.439751630579453767e+00
1.487536547965431222e+00
1.754327154999617999e+00
2.273220132674261151e+00
2.106545989943762631e+00
2.332487196713927347e+00
1.623505971483409249e+00
1.624347540674679902e+00
1.784338923188073300e+00
2.117995733875676745e+00
1.685950418979361487e+00
2.556840386517327257e+00
2.042978238091939236e+00
2.412534061986114864e+00
1.582620945975847793e+00
1.540860100781390463e+00
1.796469281172194954e+00
2.439013803785705647e+00
2.568967661259704993e+00
1.692499368464265963e+00
2.414264777663394312e+00
1.537118069134393306e+00
2.603203788316139633e+00
2.259809157855968920e+00
1.361520043091930310e+00
2.068020961015996306e+00
1.842268614136459259e+00
2.634640031588162401e+00
2.126965593733195270e+00
2.884532369771150684e+00
1.938251753358028573e+00
2.072308021011743939e+00
2.292878480216686832e+00
1.772261368564897577e+00
1.764884548880274018e+00
1.391183189521419727e+00
2.119826532609696557e+00
2.511171174856555055e+00
1.875894405732232428e+00
2.075994280833867833e+00
1.650167793480653344e+00
2.244323482046417073e+00
1.664880463273523903e+00
2.387155528048235276e+00
1.218329288400843424e+00
1.507866421263641898e+00
2.492797325404779052e+00
2.197907365486452491e+00
1.669679527217677428e+00
2.716843652520293695e+00
1.817363682938045066e+00
2.265416319252649746e+00
1.707766924872777814e+00
2.332742146769913205e+00
2.345454827298331324e+00
1.771797705290514724e+00
1.998982582095429672e+00
1.535845039048826965e+00
1.361525034273873169e+00
1.578520610051553197e+00
1.461973469339388876e+00
2.243339201116486770e+00
2.202577450211122390e+00
2.104339020634411028e+00
2.065278859455849325e+00
1.932511911642539992e+00
2.383643517075276552e+00
2.382331545326882960e+00
2.215939288999858814e+00
2.714939819027978096e+00
2.164820428899478344e+00
1.835289061978881975e+00
2.606291902897529766e+00
1.870319821433171992e+00
2.088321497335590582e+00
2.004576599242756885e+00
2.331713422115276657e+00
1.930463934459231368e+00
1.606702552509739590e+00
2.150207024205469608e+00
1.996281273181457649e+00
2.186450579702877040e+00
2.227676511287356220e+00
1.876387724795132161e+00
2.279274960747191159e+00
1.842896855145688129e+00
1.230087960416351933e+00
2.742038840190172966e+00
2.601838492435083694e+00
2.043480828511091474e+00
2.361360251586750003e+00
1.854784683588313943e+00
1.841784008517375115e+00
2.031589830691236109e+00
1.967399333260045902e+00
1.918710906082695011e+00
1.445343620333372936e+00
1.978956735214229212e+00
2.553975725242609851e+00
1.268633083155224162e+00
1.617587041138602411e+00
1.692231127328019946e+00
2.256865348193159093e+00
2.342934022004238948e+00
1.996167721398497852e+00
1.735793863161861461e+00
2.236904037125605260e+00
1.240100091784649861e+00
1.525038648680099973e+00
1.579680784342826882e+00
2.603160941835374498e+00
2.396838244125985007e+00
1.718410345596611766e+00
1.778534056730482371e+00
2.035761009232210483e+00
1.826691653083109212e+00
1.890475227556579263e+00
1.540501450427278485e+00
2.762998243383756325e+00
2.791927441189401726e+00
2.589328459942181748e+00
1.759166914045173336e+00
2.424767535055398326e+00
2.073125571650035859e+00
2.413303341691857895e+00
1.478117385683035412e+00
1.938728979433713473e+00
2.311880726371413619e+00
2.244142677416167686e+00
2.726687202595702963e+00
2.078988153052747645e+00
1.515753732143956922e+00
2.351192282277481560e+00
1.612677033819792882e+00
1.949349930697776845e+00
1.902430434823273231e+00
1.616838408396748417e+00
2.138802238389203136e+00
1.605902263670266894e+00
2.919117886558560748e+00
2.084273328645143586e+00
1.853500021852718005e+00
2.340093438576985374e+00
1.752604980676581992e+00
2.143355401932189430e+00
1.598584095818873729e+00
2.325972522701669654e+00
1.564187453886114243e+00
2.026096994535653728e+00
2.183958874104292569e+00
2.323464251694245419e+00
2.780290906386875260e+00
2.159676155390764407e+00
2.416699362845440291e+00
1.510082720817277124e+00
1.842861978706919146e+00
2.318395188005851537e+00
1.422279342197131813e+00
1.739106384841491604e+00
2.164750541846233833e+00
2.467008716450022732e+00
1.863024657840199882e+00
2.429566137329191022e+00
2.145647263593106757e+00
1.648684223787493242e+00
1.696356355912971514e+00
2.213767189873068197e+00
2.124287018522766246e+00
1.933216679735161314e+00
