1.946733573585253119e+00
1.574301927051943384e+00
2.259446170161989009e+00
1.800289955287769805e+00
2.471402283370796482e+00
2.129557463454473165e+00
1.972147124290571707e+00
2.741874113057400919e+00
2.341480226789474095e+00
2.371173092540183269e+00
1.710521837026546699e+00
2.072598442277135966e+00
2.182441663462557635e+00
2.710333338569101969e+00
1.660134989763030866e+00
2.231230775007393419e+00
1.166521285975355982e+00
2.330644210162627683e+00
1.905007718795123983e+00
1.228618403510927992e+00
1.697844974521492079e+00
1.183085048612707135e+00
1.724525807361583229e+00
1.845270451629837716e+00
1.665389851466671178e+00
1.491328439741752776e+00
1.428249464316092343e+00
1.597456740879687587e+00
2.540533553816092027e+00
1.124121740218769094e+00
1.901194486962629604e+00
1.404406554159033371e+00
2.216878502814693341e+00
2.226711376227052952e+00
1.497314900150639394e+00
2.115794872069225008e+00
2.232116852949185493e+00
2.207555625145377398e+00
2.438964618728466593e+00
2.332509072179799858e+00
2.740581758333515694e+00
2.494286187914763975e+00
2.729944942558842236e+00
1.972568959111422604e+00
1.665020296575142389e+00
2.395943974831216572e+00
1.601149889723135766e+00
1.840315866086517538e+00
2.571370043638212977e+00
1.751678351672103950e+00
2.031958292613599948e+00
2.089592461114433419e+00
1.985763432805290662e+00
2.502553022427296270e+00
1.904918334938696223e+00
1.761600548958188295e+00
1.441713130856696390e+00
1.762915920599411823e+00
2.597398409069324732e+00
2.542865638871070644e+00
1.471272524383553604e+00
1.896284984420544495e+00
1.849314415393878530e+00
2.436763159857691541e+00
1.825997141081336039e+00
2.801976566210073294e+00
2.341752499191033898e+00
1.874485416578852259e+00
1.974053872762851380e+00
2.270324670783124610e+00
2.119964905591626092e+00
2.366067632861194703e+00
2.833585625633300076e+00
2.588887433133496785e+00
2.267548938419146509e+00
1.299592937033480444e+00
2.670420873902902947e+00
2.234477313333806059e+00
2.217447060368830769e+00
1.614848282819504988e+00
1.791350117574930234e+00
2.684527346772247469e+00
2.269775724112364390e+00
1.758269927345859296e+00
1.884342276858179011e+00
1.598232312246679054e+00
2.434317516746401733e+00
2.189078223539678625e+00
1.909551486752376181e+00
2.484898149387846367e+00
1.208916052390544671e+00
2.329144351371840393e+00
2.384541084896645735e+00
2.115759190697759529e+00
2.116744174555231339e+00
1.843760110061088753e+00
2.423776528950424503e+00
2.453871946764947687e+00
1.805338586987591309e+00
2.272714515174123484e+00
1.635521417309333536e+00
2.017929134503174460e+00
2.675855620560825265e+00
2.039972940345559760e+00
2.053643581914609051e+00
1.510763048049706736e+00
1.876865337168531767e+00
2.197182449344718069e+00
1.768842728320592306e+00
2.129600753665836343e+00
2.522271119201734635e+00
1.720975461105857640e+00
2.585619714342927367e+00
1.374688365706480120e+00
2.536985233272507578e+00
2.311690001787648718e+00
1.317794226495276444e+00
1.637455016017661968e+00
2.171521491761582823e+00
1.719688645629963153e+00
1.456891991534013719e+00
2.710164968774366301e+00
1.491486370870843903e+00
1.853792270426378952e+00
2.364113226680377267e+00
1.475197167713073076e+00
2.462511562180185187e+00
2.031004597891532093e+00
2.134178943406806805e+00
1.576684753536645722e+00
2.261684222657177834e+00
2.495409831994836125e+00
1.725550827409547017e+00
1.499331535199345478e+00
2.070431177846305815e+00
2.114000491217431943e+00
2.350308016529082611e+00
2.118814468555038300e+00
1.284731600480409242e+00
2.459139616525961358e+00
1.498775714741146681e+00
1.936500047287246451e+00
1.430790172944664373e+00
1.850461956856380930e+00
1.830249606717028632e+00
1.410799973942052032e+00
1.734622650731973525e+00
2.028925413524935273e+00
1.613321102182103672e+00
2.450457609754729482e+00
1.792870744774675007e+00
1.660967661180534183e+00
1.913515149990537623e+00
2.332974659188197464e+00
1.452988856336294710e+00
1.978552150650230601e+00
2.363188726068474743e+00
2.247307269126881391e+00
1.916634194052838414e+00
1.746226160606278999e+00
1.979466711584564997e+00
1.440908030212221247e+00
1.506972034927172022e+00
2.474604373151426007e+00
2.557894234804795275e+00
1.496299635603268063e+00
1.338382492496567933e+00
1.703380522222787796e+00
1.766930552321543502e+00
1.559230454923919762e+00
1.897148212010927537e+00
2.024439033456515880e+00
1.706289304828203512e+00
1.980167660814336594e+00
2.036531944646374992e+00
1.529562467136803772e+00
2.121670586675976633e+00
1.616180524167596388e+00
1.339138656024405405e+00
1.367023831119553945e+00
2.067316166856301596e+00
2.142184905610837298e+00
2.099803722895965841e+00
2.503739486253497404e+00
2.369748716212686901e+00
2.181913125607177761e+00
1.352755288449247972e+00
1.214578473502775369e+00
2.546194798145586802e+00
2.082991195797074369e+00
2.429453826701775121e+00
1.701223673391002666e+00
2.524967700277396254e+00
2.371974231850781045e+00
2.244586148301234374e+00
2.580999920153937310e+00
2.041580199058576017e+00
1.912830100926372179e+00
2.008064332932776530e+00
2.257710989310224292e+00
1.534941370774964842e+00
2.282999044004611289e+00
2.352452873094096120e+00
1.886731919603544583e+00
2.448158899501592600e+00
1.811301109742866622e+00
1.808838877056806238e+00
2.484463524040783522e+00
2.287663153358790780e+00
2.541879789748860308e+00
1.754456290932330909e+00
1.443791502669572235e+00
1.924898293432814489e+00
2.582567737964119647e+00
2.058943510861652726e+00
1.517308889554011664e+00
1.687792995515576155e+00
1.740541395910161215e+00
2.337083138768600854e+00
1.593461224079997685e+00
2.155017149201822413e+00
2.120858410899892910e+00
2.002029345454678921e+00
1.840073063838611134e+00
2.105540185552496890e+00
1.384633251088086547e+00
2.047567475046196073e+00
1.965418280231499448e+00
1.238331444264909376e+00
2.514107276838872806e+00
1.972353590861298578e+00
1.153792556020655002e+00
1.918862702946474208e+00
2.410567407312584010e+00
2.251594086007469908e+00
2.804870492655939795e+00
1.198083235181645945e+00
1.234598486507901383e+00
2.573785184701319118e+00
1.446213041993209103e+00
1.590732835018029423e+00
1.501403297942499382e+00
2.812628607957246452e+00
2.793506348406033180e+00
2.082521007190055062e+00
2.358812067439739479e+00
2.227932852763695237e+00
1.565749895399088931e+00
1.951808454820077365e+00
1.740067422760623206e+00
1.894508603277375469e+00
1.452216376856436231e+00
1.570154054606117899e+00
2.739494581696389375e+00
2.323759736977557555e+00
2.040804575825196032e+00
2.563205557589638861e+00
1.659419928765657026e+00
1.657644289814270255e+00
1.889021172501019974e+00
2.657035987358567830e+00
1.998226034695903541e+00
1.280849906145086647e+00
1.292494687786622132e+00
2.319413158666181474e+00
1.747493028172049101e+00
2.004072625362394611e+00
2.533041323658246746e+00
1.448574319349170469e+00
2.599363015999021087e+00
1.491535492897409387e+00
1.800018187410035164e+00
1.930686415794439004e+00
2.391736170570683218e+00
2.301758458341441660e+00
2.518608660001653732e+00
1.409880892228708715e+00
1.656832117779526881e+00
2.379623109120577507e+00
1.377779651394884564e+00
1.984838568343374021e+00
2.401352334256391163e+00
2.436952001200351603e+00
2.196780370969698026e+00
1.327643419650801571e+00
1.277302192029216243e+00
1.224651803165865527e+00
1.742882118533931823e+00
2.595417168198653535e+00
1.817605825573683553e+00
2.392736744871490906e+00
1.422137646631836727e+00
2.357175600998710152e+00
1.774054478071116492e+00
1.927412323781195091e+00
2.220824535710874237e+00
2.038802278075002583e+00
2.440947425734709686e+00
2.704771599437814977e+00
2.169981646111238227e+00
1.473039565466432332e+00
1.506548455138455811e+00
2.221077662244002937e+00
2.328351431130415428e+00
1.776297935570071873e+00
1.902359111335428121e+00
2.054302240486693520e+00
2.809938242851662604e+00
2.629301193106216239e+00
1.507723913929351234e+00
2.224332953794557532e+00
1.607780811869587767e+00
2.004623538796440840e+00
1.656221078804569480e+00
2.298721374154056196e+00
2.144827602168486003e+00
2.052864580155991270e+00
2.456548503795862981e+00
1.562516812291987911e+00
1.560443859305911563e+00
1.525151917634459231e+00
2.135712254755565809e+00
1.730848703462990912e+00
1.640670381782402210e+00
1.347387211659362372e+00
2.018804997317734440e+00
2.150480121941374279e+00
1.702444994126632416e+00
1.663377187997162832e+00
2.568092030733813758e+00
2.399267217851021705e+00
1.213472950985170273e+00
2.078384568050188008e+00
2.797723920727432922e+00
2.181334089025120271e+00
1.861830562631773711e+00
1.822390794675218917e+00
2.236695046997031255e+00
1.320353794286345694e+00
1.953924605517407320e+00
1.344645321436039875e+00
1.403727991629077021e+00
2.150891318556179321e+00
1.888429486575366800e+00
1.751115522256831758e+00
2.388664537005511512e+00
1.725303759396292103e+00
2.617276428863053006e+00
2.466415849581454101e+00
1.625514425017396736e+00
2.449034626912707679e+00
1.590247472178354382e+00
2.125904865746798933e+00
2.441759345901786560e+00
2.484602513771530408e+00
1.707130371519361312e+00
2.485534299144047665e+00
1.937187609947604194e+00
2.084073099008250551e+00
2.572225753022633121e+00
1.653670923113555791e+00
1.989117123064509052e+00
1.946428605125233080e+00
1.640834361113967521e+00
2.816850004313558031e+00
1.138681958921304638e+00
1.915375262522027500e+00
1.852798259054522667e+00
1.655654313379875120e+00
2.291707879420973093e+00
2.278617407364148306e+00
1.961566785576171146e+00
1.393774927780931927e+00
2.177270580444115922e+00
2.447275075707324277e+00
1.460469677356720064e+00
2.564935041525768789e+00
2.263844744415079102e+00
1.521921614112208276e+00
1.821940866172135021e+00
2.348976942014982860e+00
1.978989992389625252e+00
2.649406838511041418e+00
1.960405322807705852e+00
1.900630116249444335e+00
1.870877568203570096e+00
1.860526350993634725e+00
2.015251493345099121e+00
2.291194938378227075e+00
2.132702576000593986e+00
1.663128747576716915e+00
2.487979514537944858e+00
2.157358544904450337e+00
1.927936894738307094e+00
1.299393439040630316e+00
1.801115600163989861e+00
1.622922321258672529e+00
2.021406457137825630e+00
1.317539525544711543e+00
1.955847651523290320e+00
1.966725484662011691e+00
2.608898749076515422e+00
1.939981584959577177e+00
2.202971893223308442e+00
1.449437669145323682e+00
2.828959695489227322e+00
1.771808896883213080e+00
2.363081960367471979e+00
2.065504733799951254e+00
2.087160236837455329e+00
1.801120084522204845e+00
2.239445526665235331e+00
2.150019797893762519e+00
1.563974417871474731e+00
2.021927687578174648e+00
2.667548216618639501e+00
2.290001258244861226e+00
1.419210153922904505e+00
2.624431021465981395e+00
2.146484081639532526e+00
2.141282759643955647e+00
1.513389112417773408e+00
1.941520677619744450e+00
2.080222099131831204e+00
2.064671778435037908e+00
2.638528893486042470e+00
2.159236158796911553e+00
1.729237655133746721e+00
1.987523656529635918e+00
2.095886534573080162e+00
2.020049889226260831e+00
2.431671909153238609e+00
1.707718560044397593e+00
2.108852757021111746e+00
1.744546738528333307e+00
1.864330116890731137e+00
2.415983435457069284e+00
1.848027704652331238e+00
2.595476881874939856e+00
1.942912260317368744e+00
2.570000621634233706e+00
2.212869784454560840e+00
1.413292175420177710e+00
1.586553552484148977e+00
2.084202397460251710e+00
2.330453604453472050e+00
1.674444318812671639e+00
1.796418641942820305e+00
2.143359176829742196e+00
2.427140744118440718e+00
2.291311057199346912e+00
1.561236250160770611e+00
2.382655155447308992e+00
1.641997622433303050e+00
1.822282139251091726e+00
1.860119100019439919e+00
1.485139902525107303e+00
1.849857141587139431e+00
2.373082475460468022e+00
1.935113830685451841e+00
1.976019405521663330e+00
1.981671638361057530e+00
1.439319186543235318e+00
1.845173368528656654e+00
1.660741616645199592e+00
2.150137210497935047e+00
1.989047744063091816e+00
2.429791231571802435e+00
1.669167752896707935e+00
1.653922177887541700e+00
1.793391924794026870e+00
2.120858591858328701e+00
2.420295474554585269e+00
2.545627349016942986e+00
1.624907516064677537e+00
2.269940220493660732e+00
2.386526137944264381e+00
2.965240556898869784e+00
2.457020590535238469e+00
2.179548707175921862e+00
1.543763170756585978e+00
2.556257627006129240e+00
2.291795650300759490e+00
2.272403451124674234e+00
2.621245843169027090e+00
1.889313489374298438e+00
2.586689380012961337e+00
1.434620312177337986e+00
2.597218492018087410e+00
1.681543888122327024e+00
1.891292869972787116e+00
2.380434921565457884e+00
2.349861940177360609e+00
2.053210034613572432e+00
2.193351346282024661e+00
1.151220665770468887e+00
2.462344018828076742e+00
1.426379616970700814e+00
2.006116211945959016e+00
1.270822604289996605e+00
1.879091782398198518e+00
2.740732302409667476e+00
2.584539038321233662e+00
2.110318728738929117e+00
1.927096547715449804e+00
2.355500104547452178e+00
2.172744648826655300e+00
2.754043672885841509e+00
1.751448781800346133e+00
2.532916885583587074e+00
2.003635173003926795e+00
1.876051477526973876e+00
1.226818816646850330e+00
2.142305815709456773e+00
1.982381263675507821e+00
2.432905294502963223e+00
2.443000767591779976e+00
2.138086881303507436e+00
1.846046293468444732e+00
1.686243486117904089e+00
1.249927005250443646e+00
2.025315043564845929e+00
1.286315640194151566e+00
1.779651385785345097e+00
1.998246619319263395e+00
2.580865308775789124e+00
1.935478915621382301e+00
2.063047441686450600e+00
1.927989354837495117e+00
1.504807704728743367e+00
1.982385024536729823e+00
2.734299825768266246e+00
1.860965135749263810e+00
1.634716698038466864e+00
1.981294029071112295e+00
2.060379634781601688e+00
2.212564943830730435e+00
2.583640320407896596e+00
2.049793875670889776e+00
2.642172504134101985e+00
2.090236554823834858e+00
2.400889457383837744e+00
2.023004087034173004e+00
2.092539103660676414e+00
1.214601490156478558e+00
2.548690318143358446e+00
2.426005699547229888e+00
1.651373598425336153e+00
1.945972726185497992e+00
2.252352383530225488e+00
1.788059322879773871e+00
1.539374148860283231e+00
1.781543544612655960e+00
2.205691567538541342e+00
1.937654365885766561e+00
2.554432517026216765e+00
1.357971498295433843e+00
2.199846606050837927e+00
1.751326105636842545e+00
2.415996498743075538e+00
2.164264731130626451e+00
2.827596743333567808e+00
2.157833998304245604e+00
1.889151095619014065e+00
1.949513150298091357e+00
2.345086050463213390e+00
2.152934580982849511e+00
