1.511325898096975706e+00
2.537790708652113203e+00
1.588914628053731626e+00
2.066756579002780647e+00
1.692595262036322712e+00
2.722550032319914770e+00
1.639397210513244607e+00
1.790323281319110116e+00
2.698219311315696256e+00
1.734010615895352547e+00
2.797749460148288403e+00
1.664158941631214361e+00
1.520309321530205704e+00
2.439128039518002389e+00
2.053744890786930011e+00
1.692678321087135895e+00
2.045741805708347627e+00
1.875275929702068911e+00
2.336449990170126334e+00
1.987860185578365524e+00
2.068453014914699573e+00
1.870231429058636596e+00
2.132801438426040530e+00
2.111634537925288768e+00
1.719830387418603390e+00
1.688268406616620254e+00
2.105001958560146935e+00
2.294936771917214902e+00
2.368103287066242846e+00
1.965564863291842990e+00
1.417016842412099908e+00
1.603845383298416305e+00
2.549715711470704527e+00
2.027453640419030645e+00
1.351211767440319900e+00
1.338011247041789309e+00
1.695526524012232361e+00
1.895643886151183510e+00
1.822470737959320797e+00
1.816438810166820295e+00
2.479053018344419712e+00
1.678008981692187707e+00
2.134735430510056986e+00
2.158982213942119088e+00
2.512529266977051812e+00
1.532893981364577662e+00
2.128286771788482135e+00
1.621486501531746116e+00
1.550731074764409856e+00
1.812370139439689609e+00
2.387901079982554187e+00
2.122557089080142845e+00
2.286050498732438818e+00
1.846917489014132219e+00
2.030294382733232261e+00
1.861910152809924668e+00
1.960904599489643907e+00
1.968726642928679160e+00
1.886863869194977505e+00
2.478589885191889053e+00
1.750268389769226829e+00
2.048513988224447857e+00
1.608396888288747828e+00
1.976630258642442239e+00
1.313282535917355442e+00
2.162316255180675384e+00
1.880521457281767450e+00
1.690213350576723172e+00
1.249234062727518024e+00
2.475226094453697456e+00
1.841358810010387037e+00
2.573948862807292404e+00
2.244138781079387801e+00
1.920784187878886495e+00
1.769858148081471461e+00
2.294870823770585488e+00
2.065885859110654366e+00
1.297924610801616030e+00
2.638974851621778139e+00
2.349655245406134796e+00
2.336995847421822425e+00
2.086291161626881330e+00
1.857292650643193932e+00
1.615598011926405730e+00
1.436189726996419669e+00
1.960997068240885266e+00
2.313214413334768516e+00
1.739876022629351482e+00
2.477396268284254521e+00
2.662315138763104105e+00
2.289157619311596559e+00
2.281234100340674864e+00
1.844714782579727208e+00
2.097299965569984437e+00
1.671205503683375060e+00
2.271036164441264660e+00
1.740579509120632862e+00
1.787280587768450779e+00
2.086652150397969585e+00
2.162535351891500923e+00
2.297728423431184552e+00
2.465124273244946984e+00
2.386634027922785783e+00
1.322263112037028066e+00
1.924627780760506557e+00
1.381895989038426809e+00
2.002176770189177724e+00
1.644728253612828484e+00
2.381630020372149659e+00
2.310456577399430778e+00
1.094183156440864835e+00
2.167091564395668080e+00
1.788883958248191908e+00
2.522062757792776999e+00
2.346908816081882510e+00
2.653445746304804231e+00
2.399700517779417730e+00
1.800273452158567933e+00
1.661800623572701641e+00
1.560621258052855120e+00
1.365054573869675991e+00
1.444273446758949309e+00
1.908418738689719341e+00
1.580007294614841129e+00
2.174874515369801475e+00
2.572527423926445955e+00
1.913911479781500002e+00
1.704594641110348974e+00
1.951451816122757643e+00
2.049456572616703554e+00
2.111247125466569674e+00
1.987503813249430706e+00
2.044606672845847850e+00
2.473829841157223708e+00
2.161165587225833740e+00
2.259368396307876559e+00
1.821932331343081302e+00
1.584172402290557446e+00
2.180476259620212964e+00
2.225776072056191879e+00
1.315889941430902876e+00
2.030765906051388292e+00
2.298517392072314536e+00
1.893280823499794652e+00
1.947364133485898430e+00
1.851364470743097623e+00
1.926644420882031916e+00
2.665533953149965996e+00
1.886589281426388487e+00
2.367649892758317165e+00
2.747728916335923977e+00
2.158787362101946883e+00
1.415026541817266059e+00
1.744639386242480716e+00
2.164729832975327728e+00
1.227981552229203688e+00
1.669420529382794616e+00
1.179083831872777433e+00
2.408979311842772031e+00
1.427224939251441338e+00
2.412989014236045282e+00
2.108582131418735184e+00
1.963678544294555017e+00
2.175101221173268762e+00
2.081607675403669866e+00
2.480265086076533620e+00
1.940442891280042659e+00
1.912943071295936992e+00
1.465286420660108835e+00
1.700830183258466910e+00
2.119015620044034875e+00
1.348337136546173820e+00
2.131421034506886691e+00
1.764882205063310616e+00
1.658101547419477795e+00
1.728725357977115573e+00
1.413266765880269560e+00
2.466633030410082306e+00
2.293656011223427882e+00
2.429643784804238038e+00
2.103736120740322235e+00
1.815956932933747048e+00
2.300282969321795434e+00
1.780999781018695494e+00
2.267510917006255067e+00
1.765865013050400778e+00
1.228753034290763768e+00
1.989427472318893386e+00
2.108320894627007114e+00
2.353730851394075785e+00
1.201534912501946550e+00
2.583660455087636088e+00
2.117539240544569434e+00
1.814269545335118750e+00
2.947145000384532310e+00
1.889398023485409972e+00
1.878597004745800270e+00
2.085712310001635927e+00
1.322885716600669781e+00
1.972114514172381927e+00
1.817979687941473799e+00
2.353347010526549710e+00
2.338373408241380957e+00
1.809646473381575804e+00
2.724576791058093583e+00
2.161240296477767497e+00
2.040180305021067397e+00
2.117326708876150931e+00
2.519328753431177681e+00
2.093348067016174596e+00
2.739566255950027340e+00
1.380221042665446873e+00
1.994676605482733400e+00
1.621937024547822848e+00
2.230975153262996447e+00
2.023605824273176257e+00
1.978922221931421310e+00
1.671504792335757994e+00
2.445324492297283214e+00
2.576113498370110833e+00
1.989662715598670140e+00
1.787015828958303576e+00
1.854905380940686133e+00
2.315108993866284770e+00
1.684768598876643431e+00
2.057914301969013149e+00
1.405347019336748771e+00
1.804073408462016248e+00
2.003570198208725728e+00
2.294927611110799237e+00
2.436625963216432211e+00
1.380194313361002179e+00
1.361605115142897393e+00
2.231868560968288229e+00
2.505782250436139336e+00
1.871147583286053795e+00
1.659194271766919915e+00
1.472130557113366489e+00
2.026826868639504564e+00
2.233226956955852494e+00
2.357722629348031784e+00
2.146333226657155535e+00
2.013309787249611738e+00
1.668719807955505230e+00
2.478597548878391787e+00
1.708875292906720134e+00
2.702691881942781649e+00
1.874049603900779459e+00
2.340949934102944496e+00
2.214880019648426401e+00
2.403535345809382662e+00
2.243145946633767984e+00
1.560061940510259149e+00
1.826686734792385192e+00
2.134686650921854945e+00
2.287878908931514133e+00
1.671451605219258507e+00
1.368964696187692898e+00
1.781381359932971975e+00
1.352097867169166578e+00
1.624858546948095839e+00
1.491349798302146645e+00
2.621492240372194971e+00
1.954088911325943645e+00
1.291882453347914517e+00
1.741738729823204324e+00
2.023799539161777794e+00
2.051145010322363849e+00
2.262627162198368680e+00
2.061281681623053252e+00
1.811611047841960920e+00
2.339096459971301112e+00
1.889896938233151635e+00
1.844493338669217497e+00
2.390008657494364641e+00
2.101905405603154087e+00
2.017699224535010494e+00
2.128861711381742516e+00
2.597404211716890288e+00
1.959931453894626197e+00
2.634113253641300556e+00
1.999394687565331674e+00
2.067969311228144758e+00
2.478076231851139788e+00
1.910371659381033371e+00
2.315426968089929538e+00
1.689503209720984778e+00
2.195214596463661572e+00
1.849925559836087974e+00
1.992140705711631377e+00
1.920120147208392636e+00
2.528348345258207175e+00
2.237013568371050809e+00
2.727098686965974128e+00
2.040011107556360059e+00
2.675529107844885957e+00
2.498921574678216295e+00
1.945906260671187882e+00
1.874015770997970787e+00
2.578580486920651005e+00
2.177898573885600264e+00
2.156195342795955483e+00
1.737549870767088223e+00
2.165607021283661560e+00
1.391446201137165106e+00
1.713092667242237743e+00
1.909919022366844743e+00
2.520736302744821078e+00
1.477822029632594347e+00
1.466437562541940798e+00
1.403053336397983797e+00
2.455759687138728609e+00
2.177848437659688940e+00
1.754044183982598204e+00
1.874994940727334747e+00
2.034239131734299377e+00
2.811883074107674574e+00
2.020796303821330131e+00
1.460212309966723243e+00
1.662924759321863899e+00
1.091225900735782517e+00
2.564685589959371903e+00
2.327803784986311797e+00
2.084002010438438468e+00
2.315978500274419094e+00
2.364938524302614198e+00
1.110790777852491251e+00
2.482901432259959407e+00
2.285414826959772050e+00
2.701811276981103127e+00
1.831331964897139120e+00
2.368315447433452459e+00
2.049200675817233641e+00
2.666484182087465626e+00
1.255796095047060579e+00
2.475630778017148259e+00
2.555019655254896715e+00
1.151849252456716988e+00
2.882899622069458268e+00
1.691031133848865053e+00
1.600441646131986140e+00
1.762955357616093011e+00
2.146631320633224149e+00
1.821240388665833265e+00
2.367727235772019156e+00
1.950441885504680339e+00
1.792405904032613684e+00
2.086698817306524401e+00
2.001353064169637985e+00
1.749665416683706454e+00
1.682651013204796042e+00
2.149496165045279295e+00
2.767896264565394837e+00
2.503508564982642959e+00
2.294287221501861929e+00
1.273546412555129015e+00
2.449032693748148137e+00
2.445682914223784810e+00
1.417226930748765490e+00
2.042858046669337568e+00
2.150540438774631635e+00
1.476868456275718611e+00
1.518631906569386736e+00
1.502299685332529666e+00
1.675777920335870697e+00
1.573641638244471563e+00
1.356585875412254394e+00
2.360133313898729490e+00
2.105857916499132010e+00
2.030625455844226046e+00
1.841797515937477092e+00
2.842829958152802927e+00
1.615838025971253700e+00
1.644843282089537340e+00
1.582022532321007979e+00
2.390275815803740933e+00
2.025812075488587993e+00
2.058475526249705645e+00
1.751528765939174059e+00
2.152567772959852022e+00
2.436805185361986759e+00
2.287480683271564619e+00
2.576755774652956799e+00
1.698763198141036490e+00
1.871961291496304192e+00
1.884724256441608237e+00
1.513998651531621276e+00
2.322344576891261614e+00
2.272302142290969051e+00
1.769892023088863064e+00
1.550596391343751712e+00
1.678201258162397291e+00
1.590579095208559224e+00
2.523383087897024701e+00
1.822167009222285916e+00
1.979082272684309141e+00
2.220998901426295191e+00
2.151292715773325703e+00
1.664295581182630990e+00
2.022889536445248382e+00
1.252189298877332213e+00
2.403933241711067481e+00
1.440136510500696687e+00
1.938706246229721764e+00
2.290292991640452414e+00
2.523286387434093836e+00
1.553762650750931673e+00
1.625006867738853167e+00
1.624062366462217355e+00
1.736717897586702364e+00
1.583756645049428702e+00
1.601343032986549453e+00
2.143725144512492520e+00
1.300635745467040527e+00
2.290328620101982793e+00
2.618144100932276785e+00
2.036830567084105592e+00
1.918234994048022557e+00
2.041484441589948684e+00
1.661964561177262656e+00
2.085404239911724744e+00
2.051801186316622783e+00
1.243245434761820700e+00
1.836325571012493274e+00
2.584161500063753891e+00
2.655072127220239331e+00
2.422300887953334758e+00
1.751389509676523737e+00
2.657637057946621084e+00
2.389408218925189953e+00
1.733412015276619478e+00
2.241082805737460326e+00
2.473208651877717656e+00
2.097666312296976976e+00
2.201517706298528942e+00
2.075049624280552507e+00
2.397913680625494148e+00
2.397536117328450178e+00
2.577943756445457257e+00
2.173360215301632259e+00
2.935783331732217505e+00
2.454791828894396843e+00
1.854943467389964740e+00
2.108793555809472586e+00
2.331723300124003639e+00
1.635561249840325804e+00
2.769986825629165317e+00
2.491963090354111454e+00
1.126554473961146385e+00
2.441345223293797773e+00
1.567079790531469952e+00
2.443230301264409210e+00
2.213319423130196917e+00
1.881509898902845368e+00
2.093193331593182549e+00
2.095041786336699907e+00
1.993611885078229395e+00
1.823839500885836795e+00
2.396716119496771213e+00
2.724208216689739892e+00
2.198095588139691081e+00
1.948463666355914725e+00
2.722065829361575151e+00
2.522996711907808720e+00
1.515701578377719461e+00
2.519692067684103698e+00
2.285501442067691791e+00
1.592988959622831047e+00
1.264336966700849496e+00
2.587244536216275037e+00
2.060698822499285043e+00
1.739607839095789643e+00
1.164669093782759290e+00
2.045004218845092314e+00
1.320649535146286802e+00
1.513081689946300656e+00
1.800145047900326922e+00
2.301102884210976640e+00
2.044509845054633956e+00
1.807747194565856752e+00
1.535727601712118862e+00
1.488111287940178773e+00
2.185758469134239768e+00
1.752524508373821011e+00
2.254018210472270134e+00
1.647449711801688643e+00
2.312502840628269496e+00
1.710637424365074821e+00
2.395782554388469876e+00
1.896432248263342002e+00
1.646458640657241013e+00
2.642094617136364398e+00
1.947278356747542460e+00
1.823713329405450390e+00
2.031717164049793745e+00
2.654754850932859789e+00
1.654566925532372057e+00
2.763057890437845998e+00
1.486743458556861075e+00
1.869674495660659685e+00
1.627012970660671076e+00
1.555517308773039176e+00
1.377257810089455026e+00
1.381851967830672656e+00
2.119898969544744105e+00
1.914909416096253203e+00
1.116195544281478824e+00
1.457062036973009178e+00
1.355892000019644161e+00
2.170363676368526118e+00
1.729391825532592408e+00
1.642819636766300384e+00
1.771294084538292068e+00
1.733208408536483836e+00
2.031024682729742903e+00
2.399848970458504205e+00
1.791567723447445859e+00
1.346149141504589863e+00
2.063997924390515770e+00
1.624007230325671847e+00
1.814454243459822536e+00
2.403877338633471084e+00
2.346184573841665788e+00
1.795587994660138520e+00
1.672053183208096705e+00
1.744615058554702447e+00
1.312800258655928420e+00
2.089764238036370791e+00
1.867223863962940822e+00
1.434174709429854477e+00
2.282772902734851783e+00
2.240072034181610938e+00
1.768387042092128825e+00
2.318857864037735972e+00
1.891956718872182197e+00
1.135740743082080284e+00
2.435730702170798345e+00
1.710245392366590123e+00
1.623055202232698280e+00
2.101909536145384116e+00
2.080666461803851952e+00
1.887119765584096776e+00
2.105036232175406141e+00
2.093568921782129166e+00
2.257176752445949397e+00
2.009858595009599291e+00
1.778960246015922397e+00
2.254951610911457127e+00
1.968899570949552258e+00
1.746271544009936338e+00
2.068587610646464903e+00
2.177287779921619482e+00
2.057872555011517779e+00
1.226936549344430416e+00
2.063962281699349699e+00
1.765873973789948481e+00
2.634164136290192193e+00
1.596781858964620104e+00
2.524356381565514340e+00
1.995687582384566117e+00
1.892497623487182867e+00
1.878609858753435002e+00
2.877160581696494024e+00
2.440908060721521444e+00
1.978556104365029711e+00
1.573566917452388303e+00
2.685241281185754225e+00
