1.763723821861170826e+00
1.763759425139922232e+00
1.601857245829560128e+00
2.093647577623773959e+00
2.527389610104114226e+00
2.586916149970104328e+00
1.669989061142976627e+00
2.763736835162275085e+00
1.664959605551889599e+00
2.421971281304352352e+00
2.337466172886126792e+00
1.654797176123747438e+00
1.883171807015218580e+00
1.568073870882915388e+00
1.773538996178817939e+00
2.301984591197040686e+00
2.337358968386322289e+00
1.885415217269641452e+00
2.491617528511088864e+00
2.194143546563648073e+00
2.250472874875568685e+00
1.340146304119163689e+00
1.206990492405279003e+00
1.365109830108117484e+00
2.538447936164483387e+00
1.648547625861898513e+00
2.052757778312959580e+00
2.509674429302231058e+00
1.320793199111103711e+00
1.703629338234511348e+00
2.055044352342022762e+00
1.648399206207058709e+00
1.853393333204411242e+00
2.082941132780379512e+00
2.744845715643300821e+00
2.032008862920262615e+00
2.538264084005823928e+00
2.074839390477162482e+00
2.143708680924212739e+00
2.079356014173184164e+00
1.603319608823494447e+00
1.557064117388745839e+00
2.234144626219629171e+00
1.800030384805487937e+00
2.042453700915111359e+00
2.477776247573959978e+00
2.361334083685528551e+00
2.514955671548180227e+00
1.845672753491151896e+00
1.758248381654186510e+00
1.292468629310299599e+00
2.492288821270821408e+00
2.725408775763024316e+00
1.982276219472220546e+00
1.748334671103601856e+00
2.146852224688760913e+00
2.665896794781597912e+00
1.341717383955883358e+00
1.315991423960635176e+00
1.575012826451614778e+00
2.148730073974187249e+00
2.815320684823207742e+00
1.633877738468362928e+00
2.240493895697412086e+00
2.181109273770974966e+00
1.849814287240122646e+00
1.712561215687049332e+00
1.657143265986529723e+00
2.123936288030394248e+00
1.499724054811102603e+00
2.248258080589230268e+00
2.207284452199641755e+00
1.683801402087210741e+00
1.829593673531764830e+00
1.703076459847343793e+00
2.177394764116820980e+00
1.287249674939281885e+00
2.281730765443347408e+00
1.772342050881940523e+00
2.289903678653787189e+00
2.280010756092332613e+00
2.282657891065028366e+00
2.460530723746644277e+00
1.753287192206310241e+00
2.344681104391746818e+00
1.768910597806338192e+00
1.682506934528035902e+00
2.226858067839011746e+00
1.131690462172157519e+00
1.815927545859992609e+00
1.753244545947706845e+00
1.901271958867595258e+00
2.127357661110967690e+00
2.799906921419493600e+00
1.925647734876311912e+00
2.284027967743084364e+00
2.552200124105604040e+00
1.944680231389814828e+00
2.290046092331916583e+00
1.484542648594323611e+00
1.294526500936085567e+00
2.415522402132407986e+00
1.942392845841549143e+00
1.763158723578881926e+00
2.151597163186782069e+00
1.672431720547745915e+00
1.267420377831548040e+00
1.910426169326599366e+00
1.820001650103931334e+00
2.241837247849509218e+00
2.443020873716593933e+00
2.011087303698998241e+00
2.576971979288146475e+00
1.725959860133962742e+00
2.182273082503783712e+00
2.503868601713480579e+00
2.303037127298577680e+00
1.596360344203285653e+00
1.715105398958035599e+00
2.366103896285885799e+00
2.126841218198113559e+00
2.305811526303809256e+00
1.911767766917517708e+00
2.667518641826095660e+00
2.395347145416113044e+00
1.747722806860331657e+00
2.443872004474402893e+00
1.787557026411343175e+00
1.302477538035424320e+00
1.874880900591482380e+00
1.865882435886310420e+00
2.119285596099818481e+00
2.588232886112613595e+00
1.873594332587027900e+00
2.150640647898162783e+00
1.636850677092005268e+00
2.322805081955913398e+00
1.690744935753933254e+00
2.162875416933897732e+00
2.168396098456902621e+00
1.786461507754284250e+00
1.696402863464581134e+00
1.983395900871554041e+00
2.137038201540599758e+00
1.719824923914428538e+00
1.874744173566682548e+00
1.796247460775494798e+00
2.172266880459439164e+00
2.556157346009268139e+00
2.196262252739798804e+00
1.655904711351152248e+00
2.336291676243364979e+00
2.768171373468335528e+00
1.195669680573235860e+00
1.867061873522444904e+00
1.687531542069937274e+00
1.587862528483737101e+00
2.561743141960631132e+00
1.892237912607593220e+00
2.013948982517525188e+00
1.605272909054667352e+00
1.256335083840826261e+00
2.092871994713403350e+00
2.391706726941457362e+00
1.931924903524542270e+00
2.060771828045380172e+00
2.789648987556580195e+00
1.584920065854465765e+00
1.766183281246257231e+00
2.552602343651271699e+00
2.340022371417456171e+00
1.862194434939781651e+00
1.965889424333181701e+00
1.536787227153277424e+00
2.649807905504016681e+00
1.383510306419718061e+00
2.582933070589610303e+00
1.656326561434547262e+00
1.302121703175826095e+00
2.707687996579276835e+00
1.826581750739341370e+00
2.196357407171284137e+00
1.884487684202367674e+00
1.698819537495200205e+00
2.028286622816560580e+00
2.569579952154489533e+00
2.012379151261434629e+00
2.175059382252410245e+00
2.467808573250571236e+00
2.088476367792319710e+00
2.082343628529983448e+00
2.325188650462379769e+00
2.398801704730446627e+00
1.538705913291318561e+00
2.660702646689908413e+00
2.034468730235138523e+00
1.532396778808623017e+00
1.495773631020333561e+00
2.252789096931592461e+00
2.277834155365015878e+00
2.005478131846459178e+00
1.924683828210708381e+00
1.321131451685232827e+00
2.111167620812335333e+00
2.644070670646064158e+00
1.566343765853118075e+00
1.830239484452500065e+00
1.220667786411566258e+00
1.228338289912706660e+00
2.042268158594303884e+00
2.594034723055822944e+00
2.673012574366619098e+00
2.400378227927771224e+00
2.084933187090565632e+00
1.403522009372853541e+00
2.347166980657905633e+00
2.376727851446339024e+00
1.550101857955337836e+00
1.644429191397479117e+00
2.524228935192335488e+00
1.799818719305515957e+00
2.359780466735410087e+00
2.467054429650523684e+00
1.574259145755148470e+00
1.127426178523765143e+00
1.484908107948387013e+00
1.823113727355074598e+00
1.568705658116032353e+00
2.590056028156368484e+00
2.166297980354717101e+00
1.698176629714293950e+00
1.723310495144976251e+00
2.367311791834290524e+00
1.796072149266610296e+00
1.939479141038515486e+00
1.760281443775324028e+00
2.169565620314445553e+00
2.581850459869349024e+00
1.930644992198488064e+00
1.947578985816376562e+00
2.239952222331625276e+00
2.773143492748465277e+00
1.370459948342465761e+00
1.763218847739100426e+00
2.264706654603990010e+00
1.780204075986425716e+00
1.531925982345268666e+00
2.356784053513831800e+00
1.858956581427798849e+00
1.733204577140893488e+00
1.710194846977163508e+00
1.848106472733542116e+00
1.453957342092053739e+00
1.437343656274945092e+00
2.107973725617636962e+00
2.308355992658463585e+00
1.804251909141659116e+00
2.372726670899663493e+00
1.425752930723584333e+00
2.406106768554750808e+00
2.662875506571137585e+00
2.447527154005272543e+00
1.773021067156101527e+00
1.657720037164517990e+00
2.342331067465264649e+00
2.063467764894428846e+00
2.772794459079224616e+00
1.216048082732827051e+00
2.495138051117876010e+00
2.600669026850999543e+00
1.271867860590395916e+00
2.119818182573871113e+00
2.144520178058259674e+00
1.797154236422261242e+00
1.307349260011970271e+00
2.442917753430159156e+00
1.273308064913218907e+00
1.793160353419662512e+00
1.665734588309273789e+00
2.268828937924489253e+00
1.789775742498666444e+00
1.511260144944906569e+00
1.813665875658196924e+00
2.177657192568921651e+00
1.748213950926609250e+00
1.408649178954311187e+00
2.135400889403675784e+00
2.323863719785193460e+00
2.318064270388964232e+00
1.756322447916442542e+00
2.228286102555276926e+00
2.536729442297328774e+00
1.567588855063262621e+00
2.019256028723074969e+00
2.599915306620761868e+00
2.329331083909587541e+00
2.356928666205098111e+00
1.763552967612186828e+00
1.538074917272710174e+00
1.749954141769356708e+00
1.772186552645079960e+00
2.119464794194792834e+00
2.413439312220636346e+00
1.952683625671983947e+00
1.441343760113620753e+00
1.914935892565043041e+00
2.740490418297636399e+00
1.817107207168111804e+00
2.237160337107328534e+00
1.880819777382986668e+00
1.710987929066741131e+00
1.639187916141145784e+00
2.667182937984939883e+00
1.522387052940890717e+00
2.136874745545628507e+00
2.137324715944340703e+00
1.384494436979506693e+00
2.255593372967582333e+00
2.329174728170773534e+00
2.198275034504120207e+00
2.178322132933940836e+00
1.865161615557143326e+00
2.349537233622395416e+00
1.850436022997110630e+00
1.723340775650213708e+00
1.605448847787998679e+00
1.620601269234468234e+00
2.111016920754203330e+00
2.362331833712674189e+00
1.551686289020723475e+00
2.222347664845167436e+00
2.425521053707050179e+00
2.348432542837626702e+00
1.918076303734686405e+00
1.808643757654253559e+00
2.285593302097057578e+00
2.167991262966432853e+00
1.504780409199134805e+00
1.937570082518134340e+00
2.973894936695282709e+00
1.473214895843586669e+00
2.499096490890829081e+00
1.639888665924184696e+00
2.148124860451365858e+00
1.943646990982811351e+00
1.877661742209136175e+00
2.017174591435573205e+00
1.243448260630433122e+00
1.900167968244089955e+00
1.444634139889107827e+00
1.650693200803706517e+00
1.992623191100985292e+00
2.210582588303299456e+00
2.298956665084014972e+00
2.559063102176348359e+00
2.670139948470278135e+00
2.366407762987176699e+00
1.594663687581404421e+00
2.439165773298340056e+00
2.099683949253482673e+00
2.183369733333812235e+00
2.349401066355542689e+00
1.301492636385656709e+00
2.201172954739042176e+00
2.239631251175887350e+00
2.237083872113952321e+00
1.359020292645503281e+00
2.637399696644016522e+00
2.760341613463105581e+00
2.424609920831780840e+00
2.132740050128703491e+00
2.165361534531296428e+00
1.950409797489878860e+00
1.588715696372710262e+00
1.747663998776783245e+00
1.758382935900769883e+00
1.636747071963015721e+00
2.696484758127557946e+00
2.097611343251515770e+00
2.088639588306883788e+00
2.071092667811475163e+00
1.911367526730411548e+00
2.147354347811354813e+00
1.071593020475136493e+00
1.686566563007329655e+00
2.062807021137035957e+00
1.569725715022247892e+00
1.741314389930113560e+00
1.531799682129642015e+00
2.264405616974842772e+00
1.915840846529761610e+00
2.230304048779930604e+00
1.832789621792669799e+00
1.290604551320221338e+00
2.283586448226181176e+00
1.769195065451300897e+00
2.570454373589075914e+00
1.575212186550887461e+00
1.437224921008968703e+00
1.885580867539829342e+00
1.827029031751112864e+00
2.366417793607506148e+00
2.543002705414422415e+00
2.265772532527580818e+00
1.639156403276589513e+00
2.150175607730637761e+00
1.719412898084663022e+00
1.423654627254685057e+00
2.782535135578455332e+00
1.936352249766934541e+00
1.611675577055160069e+00
2.545313029537249250e+00
2.667866768746039341e+00
2.356961476112719112e+00
1.812291979613730231e+00
2.462217226531158154e+00
2.899749085503032120e+00
1.291104809506415263e+00
1.719035018468333398e+00
2.308249600461005802e+00
1.903269273484509583e+00
1.746711288436664233e+00
2.517532494084028460e+00
1.869721122053270124e+00
1.762560051433941011e+00
2.701687137752389667e+00
2.877684261738632898e+00
1.554362781546344330e+00
1.595270108027219358e+00
2.041274680759848081e+00
1.386061680758924997e+00
2.066155401409707437e+00
1.961704351943564184e+00
1.751835942223541664e+00
2.753268366640257092e+00
1.497056569670704551e+00
1.550730409062639925e+00
2.445682346088973613e+00
1.712041095832788518e+00
1.420890675428122529e+00
1.395363929748380638e+00
1.884087560253366433e+00
2.384022369230912375e+00
2.019612551502682152e+00
2.152358026940488500e+00
1.591028374148589997e+00
2.400976056043710116e+00
1.645050564920396363e+00
1.719991009253879488e+00
1.508513004243488886e+00
1.818918820113690327e+00
2.308360181853220894e+00
1.457472924573161244e+00
1.800407843096410332e+00
2.195304691129279284e+00
1.974754910766799210e+00
1.753963039528142254e+00
1.640089671893205203e+00
1.710002765257951474e+00
2.333814314296273729e+00
2.524373984469877819e+00
2.372339845790203405e+00
1.398526883839089852e+00
1.461849427733956430e+00
2.157457311125324129e+00
1.958513161382622547e+00
1.441312232418773043e+00
1.858566223025724939e+00
2.512035737311935080e+00
2.373981267991016608e+00
1.878407334747619117e+00
1.972078048165295083e+00
1.602810755106530483e+00
2.103670675323253469e+00
2.115628713357236457e+00
2.088006164818595245e+00
1.649358292094458722e+00
2.157734420505858175e+00
2.464409041182737070e+00
2.599037593637780752e+00
1.624088713286485408e+00
1.406923290124425296e+00
2.640283166395761327e+00
1.913688373126646969e+00
1.966376480380402469e+00
1.756164367420983696e+00
2.602101430780859648e+00
2.109774840267461649e+00
2.090271012504096859e+00
2.150408181885925529e+00
2.301613320651737737e+00
2.334854214151896201e+00
2.539794457877472933e+00
1.330214227372276348e+00
2.701842956587710454e+00
2.096679307730496156e+00
2.602679789463050675e+00
1.627728429733027227e+00
1.560952808102929801e+00
1.793481913614287437e+00
2.100512618683560540e+00
1.834421567824891852e+00
1.599754624933249492e+00
1.933581293021608527e+00
1.458381167663089117e+00
1.813916128166014552e+00
1.991919291463508657e+00
2.283718749477803733e+00
2.367486070672883969e+00
2.011170328734924517e+00
1.866870737182805939e+00
2.310666657781839106e+00
1.578003380629055430e+00
1.977993681333860332e+00
1.140062504410864541e+00
1.755424415871520427e+00
2.307116292122127543e+00
1.644617256616619061e+00
2.458593841731870455e+00
2.512242343401277722e+00
1.785561626246056077e+00
1.882129264677907088e+00
2.034935124895854486e+00
2.278942045934183369e+00
1.559773677638809808e+00
1.867699018265561506e+00
1.732930245400515989e+00
2.088483351087971229e+00
2.329019312674312836e+00
2.154972374927507595e+00
1.783670264487663637e+00
1.870102707567941280e+00
1.968717074872361694e+00
1.450113938857986895e+00
1.563126749180226760e+00
1.941466103700645762e+00
2.127324369039181207e+00
1.590585060403119311e+00
1.826189038367700412e+00
1.958778148594308099e+00
1.768024485047556826e+00
1.733705427340744842e+00
2.026966482492261079e+00
2.603336152899645040e+00
1.354876554444869541e+00
2.063975020885987277e+00
1.881007967650932144e+00
2.416352751843575675e+00
1.744090990070170211e+00
2.026210666420951600e+00
2.238845701057624371e+00
1.779765820962413647e+00
2.607089652638007848e+00
1.311446288831149332e+00
1.760138261918596569e+00
2.028426355085413135e+00
2.395770405835930816e+00
1.943108479564898516e+00
1.615401661723320004e+00
1.375053626972520204e+00
2.110857486783099368e+00
1.714497576296940773e+00
2.159435007432405129e+00
1.616311628642737697e+00
2.284632889441258197e+00
1.549662391239650328e+00
1.974399392534436082e+00
