2.346724967472251677e+00
1.872403184581020508e+00
2.192057170029548807e+00
1.960162566180409183e+00
2.279882696470526326e+00
1.544231979813347255e+00
2.295319676881565574e+00
2.012849988311549154e+00
1.390265298564540730e+00
2.170663558135487836e+00
1.688599137782452964e+00
2.691189539693176425e+00
2.440897337370966813e+00
1.466550012168294170e+00
1.157408229036482883e+00
2.107851455937403085e+00
1.651425097476355575e+00
2.701489875053388445e+00
1.489837125267599038e+00
2.666720797223008255e+00
1.609092683581168082e+00
1.939162527041352391e+00
2.089112774778539183e+00
1.535599880072233914e+00
2.814652728320952590e+00
2.320555454959918329e+00
2.181972903791402629e+00
1.690454449647470492e+00
2.324708522769154406e+00
1.793457836507737380e+00
2.724311350490307149e+00
2.356251465373035980e+00
1.218599906687471979e+00
1.770558388893436863e+00
2.420032112936338464e+00
2.590813204122727420e+00
1.269818420223052913e+00
1.644621965090816484e+00
1.495249978511230537e+00
1.543375460542987465e+00
1.506813424767909471e+00
1.481235197384670688e+00
2.280598063883573445e+00
2.238904411764858882e+00
2.209839494156833339e+00
1.875461169654087046e+00
2.019969993627925398e+00
1.921641856575224683e+00
2.156547681449450415e+00
1.969440891771389701e+00
1.491776511742160860e+00
1.666997897195997114e+00
2.041212652656607673e+00
1.819670241368717800e+00
2.093470312207546424e+00
2.350344703742048402e+00
1.831402799779688007e+00
1.198173367111171173e+00
1.867196225366384077e+00
1.374910543817220443e+00
2.495602598393964477e+00
1.954897876829134740e+00
2.387625032682612947e+00
1.510647105776555144e+00
2.214599577426817678e+00
2.568047990070628117e+00
2.211178032927597847e+00
1.724272132120482803e+00
1.772890379972580366e+00
2.351125332216266184e+00
2.013967639671346177e+00
1.327067478523085597e+00
1.458927433694100495e+00
2.855684692009631043e+00
1.552630230014080848e+00
1.644809978347161694e+00
2.284131417743718195e+00
1.551965447454835445e+00
1.819757384890436924e+00
1.530337278267792644e+00
2.411298909269582236e+00
2.825820472934506000e+00
2.361050507875895654e+00
1.679038486794157681e+00
1.551984270556360679e+00
1.502944066528205003e+00
1.563824254006611625e+00
1.743099707657718600e+00
2.634464050897703302e+00
2.085758240972109157e+00
2.209965577396304504e+00
2.300363021223381654e+00
2.155181935058879006e+00
1.687162692428390454e+00
1.917533628597587469e+00
2.436763481388801722e+00
1.637978461502974437e+00
2.301212881991701487e+00
2.369868847093401953e+00
1.536319377919063811e+00
1.915873327481544042e+00
1.517083811562348616e+00
1.729429776522969586e+00
2.080186487648395754e+00
2.458772301512871294e+00
2.218951606263852128e+00
2.111828923999020446e+00
2.287973523952648858e+00
2.279261695860716586e+00
2.170151974299364461e+00
2.109267435723618078e+00
1.973105788592764753e+00
2.078669341144531391e+00
1.973057053434915664e+00
2.089736406089012455e+00
2.016938731383254080e+00
1.872438041356944360e+00
2.576646358442247653e+00
2.116590470439037031e+00
1.737475695267478804e+00
1.850405568164204650e+00
1.608619181291359723e+00
1.846616338560305381e+00
2.199843431482793932e+00
2.191753219997708779e+00
1.647200126676721776e+00
1.288662216458382304e+00
2.200892297420433241e+00
2.761063299044259178e+00
1.573623335648973054e+00
1.928283375631963725e+00
2.054847514036140410e+00
1.540118059483686963e+00
1.896288555212666926e+00
2.292329938750837126e+00
2.292148080175803404e+00
2.062221675793937337e+00
2.674285715472847436e+00
2.817516371894605243e+00
2.069856261341407766e+00
1.975478600593485901e+00
1.779713889020651862e+00
2.207323611120425078e+00
2.535787047055421795e+00
2.222619472733609491e+00
1.825104602501671058e+00
2.336742183410752460e+00
1.805440906232077536e+00
2.044012517684449470e+00
2.631071738299906038e+00
2.356365205207402891e+00
1.748089198853812309e+00
2.200666793949357825e+00
2.158139380025631660e+00
1.981735863779066076e+00
1.582408571905160599e+00
2.120987576469451241e+00
1.384232671014622884e+00
1.383539629868562049e+00
1.190701992958648647e+00
1.768025944823199858e+00
2.190252591181012676e+00
2.286379128427888929e+00
2.091495469240896909e+00
2.142185931753312289e+00
2.118136870438452668e+00
2.474712292472180497e+00
1.478567310744668628e+00
2.823510383600542184e+00
1.667064939333967599e+00
1.878732432132204533e+00
1.579896041777541171e+00
2.543437911950658048e+00
2.536641635173273457e+00
2.247990876373381575e+00
2.371208549715297487e+00
1.796494132722111559e+00
2.083353387264918588e+00
1.651006677186399152e+00
1.886986519205093860e+00
2.276783659948101501e+00
1.144006940116278237e+00
2.482748978022264907e+00
2.076892622973838254e+00
1.648434561510187413e+00
2.244614407953479329e+00
1.477817977270302618e+00
2.303438069397502730e+00
1.941177238926460991e+00
2.876680993843114376e+00
2.416719700217045741e+00
1.945443887740877953e+00
1.290872599633163809e+00
1.852716427031159796e+00
2.060313446231197609e+00
2.228439923339383455e+00
2.018372339164999030e+00
1.599376656254444695e+00
2.009025466718965536e+00
2.295752799902851748e+00
1.934110913072923266e+00
1.210247447887399908e+00
2.315138322495226220e+00
2.177373982701508837e+00
1.694646613091521203e+00
2.264770975835378231e+00
1.454056959187883358e+00
1.730043628017955193e+00
2.714282365523668528e+00
1.544503854989428770e+00
2.026239389049907302e+00
1.701599212056988719e+00
1.937120409656375442e+00
1.528380493582979671e+00
2.434759636146524464e+00
1.870560082352689779e+00
1.882999283966510617e+00
1.367639773568919415e+00
2.120953102954547198e+00
1.656085791863609158e+00
1.042455736871506167e+00
2.116058705386007599e+00
1.332031631399601235e+00
2.124708335530056225e+00
2.104469359886150137e+00
1.450313706219949372e+00
2.735710960080145249e+00
1.298609855344942332e+00
2.066127456800506579e+00
2.218372091205863317e+00
1.848007579676484546e+00
2.566132660851874636e+00
2.511545959093108848e+00
2.437653142395483030e+00
2.171432042087765524e+00
1.785999625053163342e+00
2.001861202084437963e+00
1.878407865617415684e+00
2.058143306243461534e+00
2.622247607728493080e+00
1.751799215582506619e+00
1.504140034060285513e+00
2.103710919197625984e+00
1.822016446586094185e+00
1.695230782782367829e+00
2.050928349821874441e+00
1.786419682136715092e+00
2.698879824668978245e+00
2.581996961362793108e+00
1.384705141555102159e+00
1.556963241941055287e+00
1.707984973885352309e+00
2.125666431040991178e+00
2.478157792357380984e+00
2.509346294495004237e+00
1.575038940270812482e+00
1.687510367434989611e+00
1.785209666566238251e+00
2.328106078381477761e+00
1.940882374722137760e+00
1.280160200558243089e+00
2.163994396587573199e+00
1.810910220710920449e+00
1.491290362425099492e+00
2.520944511221009599e+00
2.183707991511233182e+00
1.410377512195470029e+00
2.026094764268107973e+00
1.997642634921141802e+00
1.849386928252818585e+00
2.222956851337900552e+00
1.429671050622186579e+00
1.849269706998903029e+00
2.091549641785579006e+00
1.612076342257874773e+00
2.102765391362199310e+00
2.137952245707130494e+00
1.196629224489830001e+00
2.060415364274948757e+00
2.025467079040601526e+00
2.501045499386731485e+00
2.023603925436940454e+00
2.333816850834574019e+00
1.632265432986749865e+00
1.777878432201344339e+00
2.268665924105674137e+00
2.246523318413853332e+00
2.604124588294161935e+00
2.704426930435262388e+00
1.708846525976953412e+00
2.240352327002097965e+00
1.737779789491578963e+00
2.200060618985034022e+00
1.924364208886907290e+00
2.213432387509727484e+00
1.837621527905074048e+00
2.003578983919847900e+00
2.312200189543133000e+00
1.944218666422659947e+00
1.614350927286223314e+00
2.781377174176494105e+00
1.213424204308410248e+00
2.299588745505044773e+00
1.698180804361738572e+00
1.751216083652467503e+00
1.684294426026143432e+00
2.229366412986988788e+00
1.610071792427530291e+00
2.151163998116203402e+00
1.970116489757698597e+00
2.478242991532567885e+00
1.923337541021621799e+00
2.557210063453874138e+00
1.877920013802928612e+00
1.995670694076418616e+00
1.632424554299729769e+00
1.486671313157559293e+00
2.053737711377119801e+00
2.381803461406332367e+00
1.673895403192747544e+00
2.342589157618536255e+00
1.558929064248840479e+00
1.493384021832464326e+00
1.844602121176803777e+00
1.682457809688495898e+00
2.679580506310465626e+00
2.073990435407160327e+00
2.144574269949903300e+00
1.849477916196374139e+00
2.547937850427214990e+00
1.955339007974314480e+00
2.297777178929946373e+00
2.430028936299367892e+00
2.599154073890931560e+00
1.901119358830974271e+00
2.574797860081905920e+00
1.883797208343864993e+00
2.096683021540025393e+00
1.427555200332861318e+00
2.392819307525964057e+00
1.498638037926363742e+00
1.767824705836285482e+00
2.044748481583927635e+00
2.551826416635386785e+00
1.796995663585136516e+00
2.509004991593892342e+00
1.982508861317003213e+00
1.940013296305170165e+00
2.354689933535814461e+00
2.362361153411675296e+00
1.184764353643677826e+00
1.331111640777955074e+00
1.817109331119931115e+00
2.362028623736593502e+00
1.493965822441930769e+00
1.916791903700146182e+00
2.022505246267104262e+00
1.365065460114654128e+00
2.192401441939737516e+00
2.635537109056345528e+00
1.872049375992758780e+00
2.249059148732278857e+00
2.233379651782805286e+00
1.632882102276375536e+00
2.055761108269487103e+00
2.490659980282406316e+00
1.401012318106287013e+00
1.502709452057027661e+00
1.613221188447375276e+00
1.161511196753200359e+00
2.256724300272413331e+00
2.052564743765236344e+00
1.554660096384241186e+00
2.460745138892349360e+00
2.936154119263175932e+00
2.626281380366817242e+00
1.675287117593238229e+00
1.429222779909625984e+00
2.201278353274419342e+00
1.133760818076643639e+00
1.707958111127254153e+00
2.317158987251734192e+00
2.165854521068683702e+00
1.680837661143857353e+00
1.670090311044193587e+00
2.427616419387934599e+00
1.733551305797032871e+00
1.532375361398176095e+00
1.668892478266029489e+00
1.993846013287960073e+00
1.564160480757688543e+00
2.365483428559397527e+00
1.874300772915751256e+00
2.244927940571513680e+00
2.732427093352086001e+00
2.413105553436175832e+00
2.438184679324471915e+00
1.972097330622846201e+00
1.656972830784307238e+00
2.617394472019626495e+00
1.601275390341862170e+00
2.427654971385426741e+00
2.252749322308263746e+00
2.174866042679427736e+00
1.341129436038744904e+00
2.113001960723534189e+00
1.953332702115872177e+00
2.556458694497095951e+00
2.328696330340322085e+00
2.380496338332561912e+00
2.332818880771688530e+00
1.929238334848099701e+00
2.317022596157856107e+00
1.749036220610956871e+00
1.887975374251090077e+00
1.659367128633851163e+00
1.556128591040097486e+00
2.085605147271661686e+00
2.564351190021917581e+00
1.417887196876599365e+00
2.337266777091091541e+00
1.462969530012933284e+00
1.242860074311217256e+00
2.121692381520210002e+00
2.390588010155950904e+00
2.621146151032411886e+00
2.678917027752991231e+00
2.585630313203528985e+00
1.788740977920865394e+00
1.544808252052906949e+00
2.423867297490869710e+00
1.559247437678390913e+00
1.468336767454144987e+00
2.007856165035952323e+00
2.092503299529983707e+00
2.092583392587594737e+00
2.364307253844732948e+00
2.746241962233896494e+00
1.851496514153256445e+00
2.228126867541024403e+00
1.871270198235385651e+00
2.337212353982094371e+00
1.900906304955846782e+00
2.040361448709086645e+00
2.153311188216592953e+00
1.992200704019262414e+00
1.274986085608455610e+00
2.040148574336178022e+00
1.878420937479639896e+00
1.469665956412559815e+00
1.531762101091631134e+00
2.417644231553980116e+00
2.223523518721314929e+00
2.078609867119361798e+00
2.330940991307389076e+00
2.304923076870288412e+00
2.391307799114994026e+00
2.198666560256105740e+00
2.303188417773730290e+00
2.186568074270789808e+00
2.227384855619004789e+00
2.403896774704747941e+00
2.251651542754099733e+00
2.087447146131552689e+00
2.898319808766149919e+00
2.010421660480071981e+00
1.580114469446253223e+00
1.686790790061359901e+00
1.833810373518534043e+00
1.474827765086550890e+00
1.956512003394464294e+00
2.438148781691041656e+00
2.263930844543997623e+00
2.414501016334885897e+00
1.296696327240963287e+00
1.805769673540177589e+00
1.819917601934933682e+00
1.537366243673399691e+00
1.997410751673967866e+00
2.325077451645601201e+00
2.239494843451857342e+00
1.732987557415495816e+00
1.588046112611825045e+00
2.937203483594453601e+00
2.040404592581477328e+00
2.059088771478323920e+00
1.832445670527946602e+00
1.877661846526298639e+00
2.243542560466885050e+00
1.755177926271346056e+00
1.472341333909840566e+00
1.617377214863549018e+00
1.598873391995624615e+00
2.645391323147763707e+00
1.831078145915291389e+00
1.541255763873774942e+00
1.420527511091602468e+00
2.718414898903062316e+00
1.357947597277350704e+00
2.234690357565814356e+00
1.582077526196948414e+00
1.860395447259225676e+00
1.382092850842985721e+00
2.153954812280391984e+00
1.396983796577127235e+00
1.946867193268428720e+00
2.223684096793553167e+00
2.412390121617511429e+00
2.809444407074934702e+00
2.445907082790342635e+00
2.382800091374617679e+00
1.679647363645579761e+00
2.119579651903098050e+00
1.906742771582147888e+00
2.324155535343183310e+00
2.035400412750947297e+00
1.963705391364817920e+00
1.367783913896460701e+00
2.013667697849084171e+00
2.589056202383217986e+00
1.206575805901939136e+00
1.620460140638496860e+00
2.274145711312070439e+00
2.646508647571470085e+00
1.594993660162574489e+00
1.707081303272053097e+00
1.337127067784078305e+00
2.053916660083519474e+00
2.109410208074890214e+00
2.073829874076314361e+00
1.473880160293141728e+00
2.710544689595685952e+00
2.378692071353496917e+00
1.884590672557262536e+00
2.029650014928786383e+00
1.864053479746078157e+00
2.832357518713982003e+00
2.247082790078504644e+00
1.874750462755278457e+00
1.604010864568676364e+00
2.071944933787258858e+00
1.336704864798279768e+00
2.075416413732947163e+00
1.406603683418547357e+00
2.144427677468938143e+00
2.263595591690127584e+00
1.641240853739386774e+00
1.067623125836629994e+00
1.898942099648115445e+00
2.168959656858776341e+00
2.572519756154202142e+00
1.864047521673169561e+00
2.427337018689914139e+00
1.756615525552407409e+00
1.834966838850356829e+00
2.273548237259018556e+00
2.023830221012636876e+00
2.285685325181464833e+00
2.502313350489715926e+00
1.647443165071857507e+00
2.096692561027209578e+00
1.946066365111719154e+00
2.156633889260354486e+00
2.234233716231340150e+00
1.969768333154257922e+00
2.247272706622574834e+00
2.804011321965182546e+00
