2.564614430766595454e+00
1.969631520492804544e+00
2.203372685215004179e+00
1.416875295171003080e+00
1.732936347164801827e+00
1.917084125035360298e+00
1.415542358900319542e+00
2.277073177245721780e+00
2.398824905326845780e+00
1.304498137532215107e+00
1.978852691529188856e+00
1.764746876034661183e+00
2.048206074486578654e+00
1.844395500163144241e+00
1.849285602112037630e+00
1.689175497442298113e+00
2.394935809518815795e+00
2.106860705390031452e+00
1.238684052441524353e+00
2.168327180158217793e+00
1.375699275937577237e+00
1.640985729504710111e+00
1.177464007551463521e+00
2.655355822748761696e+00
2.670641235948708392e+00
2.198643286898315896e+00
1.850807444165139426e+00
2.099120196172554742e+00
2.381991408112448916e+00
2.385872707318802632e+00
1.429466129380016604e+00
2.110633873173870079e+00
2.240312673965482837e+00
2.352948692821650312e+00
2.315330826869102410e+00
2.056773638840641460e+00
1.705932071108730463e+00
1.785229758896566654e+00
2.574831170231186128e+00
1.557657404652280420e+00
2.510805867230903932e+00
2.136125284439943428e+00
2.218806431375187405e+00
1.502873039533552113e+00
2.422909901221456330e+00
2.091075982939361921e+00
2.007005972510506719e+00
2.180082826185219869e+00
2.612269999905921125e+00
2.305485897703680287e+00
2.280670033184654777e+00
2.024217153831927796e+00
2.124449540653422730e+00
2.488582940926082454e+00
1.902824341807005215e+00
2.009790108176495060e+00
1.899785621304534100e+00
1.427986831300122494e+00
1.480664512012067391e+00
2.167908700994730431e+00
2.050441502065338373e+00
2.075284988911024975e+00
2.552725432588736965e+00
1.507551883029869977e+00
2.565043492932843172e+00
1.720949735841970529e+00
1.846385489810524971e+00
1.516103778239490829e+00
1.645767522337847177e+00
1.555623504459161754e+00
1.879555141878738844e+00
2.316386907466006839e+00
2.203028737131945469e+00
2.402351973660911355e+00
1.940221921647065750e+00
2.772185678692280497e+00
1.332081942253823925e+00
1.993638094895052504e+00
1.365107613897601713e+00
2.261606917813715256e+00
1.870431394621467458e+00
1.613814728625490691e+00
2.824350648437805145e+00
1.599213657871578098e+00
1.553589448769906900e+00
2.235225466448676812e+00
2.340487472567589045e+00
2.156344611998767036e+00
1.828527867145593566e+00
1.912983363535705195e+00
2.800781890259648854e+00
2.073719807524297298e+00
1.834598772593948768e+00
1.855827311201408314e+00
2.046099112079140081e+00
1.935227240624899592e+00
1.964739649924920784e+00
1.897080346318437805e+00
1.391058103917231836e+00
2.213163814582429278e+00
1.876350312801990716e+00
2.060957057273831161e+00
1.752733546837793366e+00
1.740140697116225210e+00
1.936740128297295804e+00
1.250190923414042921e+00
2.128488887706529997e+00
2.045987676200146765e+00
2.572774069850972900e+00
1.523355297080402515e+00
1.650310081115107241e+00
2.393065274375672402e+00
1.936483088464856284e+00
1.243899787855940797e+00
1.741058212688904483e+00
1.317557146693093761e+00
1.716204650957548150e+00
2.127184412453710927e+00
2.197243900465372768e+00
1.599012365564036919e+00
1.700247240892327705e+00
2.289946682140720391e+00
1.374745615695567080e+00
2.307086777142699940e+00
1.999219201938788881e+00
1.626404275683013267e+00
1.932935360825260407e+00
1.752015879226852535e+00
2.198908330803567512e+00
2.020245140332554534e+00
1.948398275872609942e+00
1.456161408044099215e+00
1.490646394592505919e+00
2.030282995020098902e+00
2.510122427581997773e+00
1.820092863894172908e+00
2.392399361858313700e+00
2.049930916876809839e+00
1.666760384800945349e+00
2.141529093172953591e+00
2.378090576511596499e+00
2.308713053299554563e+00
1.915658754664530949e+00
2.651874723963159042e+00
2.313074450342807786e+00
2.286853262454081381e+00
2.340707895629741131e+00
1.537108146772110828e+00
1.926018210269892617e+00
2.392641982924767596e+00
1.740870451355743143e+00
2.175119484553428073e+00
1.409739960421754423e+00
2.630597412814712044e+00
1.138745544294242684e+00
1.654573185934010482e+00
2.623856291476546865e+00
1.951380197294310115e+00
2.320431082111355181e+00
1.875655151695101441e+00
2.167428280063058210e+00
2.364069490003428697e+00
2.166415836909684423e+00
2.276309414381585405e+00
2.376529438094438174e+00
1.762139717381628667e+00
2.439648240786588040e+00
1.731046641650882068e+00
1.928127113812450943e+00
2.416669756528264656e+00
1.957528363712022434e+00
1.839776514490922832e+00
1.132995525662574332e+00
2.089127646446461206e+00
2.765706128332857006e+00
1.783484395032203462e+00
1.292500961959738293e+00
1.801502469632533687e+00
1.770165987991723977e+00
2.028297967891527165e+00
2.325383152796665964e+00
2.115784367867636906e+00
2.536402295851612809e+00
2.215732741476087675e+00
1.434140907609646742e+00
1.916805946914030390e+00
2.607877733855787028e+00
1.293099765401078738e+00
2.040765900258970866e+00
1.330573437837849760e+00
2.146455269918351672e+00
2.106130637384680870e+00
1.584749489708971559e+00
2.355123615380428248e+00
1.408760339810833040e+00
1.420568461727958143e+00
2.295187314665033451e+00
2.549764504278305921e+00
2.366097203951997852e+00
1.995006866235488285e+00
1.974965257064370538e+00
1.633564627388734536e+00
1.634999039675460120e+00
1.557239802723903832e+00
1.342866882540721063e+00
2.120405093612421688e+00
1.349367606937743602e+00
1.279595834332448501e+00
1.946912193395511803e+00
1.661098819633315404e+00
1.812844625084454986e+00
1.494071937275787132e+00
1.641044908062842200e+00
2.498500422001121102e+00
2.536740297654144882e+00
1.392888260724188809e+00
1.301278672929026659e+00
1.902958445857958480e+00
2.294838516707515819e+00
2.256788430111424049e+00
1.721442534191162776e+00
1.853032367979187356e+00
1.551593904599819052e+00
1.852460199982121303e+00
1.883683438360078455e+00
1.972605475321793644e+00
2.417234790735026007e+00
1.804312177285268382e+00
1.282352209075608984e+00
2.154452024151077172e+00
1.888308172291699005e+00
2.468846066443256326e+00
1.431710159306770258e+00
1.387271375865190226e+00
1.866498121021787471e+00
2.396108936027985692e+00
2.153503474034290655e+00
1.521689123620851625e+00
2.570139539510136295e+00
2.414639061675552867e+00
2.199154949430692341e+00
2.803185032623699335e+00
2.400093787804234324e+00
1.636670754721427423e+00
1.700858756349814094e+00
1.287873699422023233e+00
2.005101846123610976e+00
2.320330183947912239e+00
2.065919348048616655e+00
2.000434970174144844e+00
1.775375456218493575e+00
1.819087277527178248e+00
2.807781990822237006e+00
1.590613820095988284e+00
2.095564261592722133e+00
1.595113330075692559e+00
2.562381532912113791e+00
2.024071386280551277e+00
2.221846313632649839e+00
2.375039205298542289e+00
1.849975765819670936e+00
2.503606849623432495e+00
1.603927894445497548e+00
2.611004131473653622e+00
2.006265595555203340e+00
2.333459275324877069e+00
2.208171055254799064e+00
1.659572360610988451e+00
2.241720403346023627e+00
2.725841343356147917e+00
2.419927154918875001e+00
2.338261923326411029e+00
2.365507748057060322e+00
1.641980670407966247e+00
1.387056029147853975e+00
1.765777809531549725e+00
2.511433356387592131e+00
1.670033847860488141e+00
2.096146733085049618e+00
2.059334203003572838e+00
1.775417191620741519e+00
1.717757757890270520e+00
2.302107853487617817e+00
1.405314709775559612e+00
1.131527683207614654e+00
2.310261435144361108e+00
1.438103744417849938e+00
1.368055329222471306e+00
1.722447333362393085e+00
1.876115979396343114e+00
2.649265624922549023e+00
1.872991625378961800e+00
1.081154858635397620e+00
2.018375406105803016e+00
1.541364401746706303e+00
1.539842848580574852e+00
1.767037628912683900e+00
1.768666158820920264e+00
1.527848642811235003e+00
1.771573558721902142e+00
2.232971846007004046e+00
1.438883409224261944e+00
2.626985631456885351e+00
1.220091460569416864e+00
1.671026565263332486e+00
2.571145345786569614e+00
1.478428607574025833e+00
2.543187026933523498e+00
1.936652403884239870e+00
1.570840260236967101e+00
1.811820977315047321e+00
2.096301445549209497e+00
1.482341988781562758e+00
1.910167168791009562e+00
1.806005844840408159e+00
2.345154146340536983e+00
2.815481691529609698e+00
2.372891641339820445e+00
2.678983311149068847e+00
1.622178147572948648e+00
2.245151967344928501e+00
2.277771813048450333e+00
1.991295659499406012e+00
2.135491828514456625e+00
1.496845951327655300e+00
2.231346970643448557e+00
1.953870280347284272e+00
2.113275523030609282e+00
2.494209749026911282e+00
2.270537996195687747e+00
1.635314441766984705e+00
1.861686541567376008e+00
1.916152981103401043e+00
2.080530915484391397e+00
1.917892455633111615e+00
1.180020238807083510e+00
1.240306505238051971e+00
2.138217212878029905e+00
2.809407152834880073e+00
1.752736979166692910e+00
2.565030269554012143e+00
2.465493558074586034e+00
2.214750088637123859e+00
2.507759124070971790e+00
2.485937293937198866e+00
1.927103624967015261e+00
1.776210258753092797e+00
2.389651230791818293e+00
2.244590773141303508e+00
2.038161702615076010e+00
2.089337755621325066e+00
1.836606431561384145e+00
2.289278862380358603e+00
2.483765784481412275e+00
1.920367106892601150e+00
2.142980080690744860e+00
2.425108793189560963e+00
2.584368378825775636e+00
2.181752264718194390e+00
1.210949757419883532e+00
2.336261737979711484e+00
1.809447019801599055e+00
2.212650346265654377e+00
1.871564026765448974e+00
1.933907177194939653e+00
1.777842743748689003e+00
1.775904185870108787e+00
1.501403422900232876e+00
1.386263159749893781e+00
1.715226447859494296e+00
2.059445605190446393e+00
1.645848109917134483e+00
1.746019949455708709e+00
1.614662324539479332e+00
1.909511853929857228e+00
1.132474671307718062e+00
1.960831448743623806e+00
1.717188969227850137e+00
2.513093834850513630e+00
1.792584426897638750e+00
1.566424523633056509e+00
1.865316929204916985e+00
1.992466836425657473e+00
2.517705750528985043e+00
1.533113770608313331e+00
2.605012185069621733e+00
2.754882689059130918e+00
1.559853766265216324e+00
1.964659502820873316e+00
1.611644977729967287e+00
2.019758302237226744e+00
2.322541256289125222e+00
2.371540767110854375e+00
1.733949332926717490e+00
1.850970655261139131e+00
2.338742942861389285e+00
1.512049565463658540e+00
2.395067494721412338e+00
2.455430205410146449e+00
2.789011590863109014e+00
1.979088874646645735e+00
1.678032782752133301e+00
2.373965137854911589e+00
2.475547429564473489e+00
1.703973842629620927e+00
2.541259827162581253e+00
1.972485327340904426e+00
1.574532875562784096e+00
2.888277745237478378e+00
2.264063927549279764e+00
2.137984944105297380e+00
1.400993416757608134e+00
1.554244322605469186e+00
1.707475056125361768e+00
2.741116916546530113e+00
2.044713235398869067e+00
1.990569495652110499e+00
2.030051926954766550e+00
1.358644468299456509e+00
2.567131200402560154e+00
1.698824519774740471e+00
2.740331677719622938e+00
2.200271115961468738e+00
1.600801311900115209e+00
2.148537975954477375e+00
2.359713782724410791e+00
2.301943616244389368e+00
1.775857188492380168e+00
2.742865099866417022e+00
1.586832301642260745e+00
2.424625114482797272e+00
1.850637658395492879e+00
2.821334927390513059e+00
2.038306585036416152e+00
1.902336272871813616e+00
1.992923590304099601e+00
2.696844374500306341e+00
2.235600387715338755e+00
1.643950160766495472e+00
2.406645182410779960e+00
2.077275370204733740e+00
1.731989672220409560e+00
1.866917761551150523e+00
2.441030704101527782e+00
1.364697739656765219e+00
2.667764023586690847e+00
1.534268250732635730e+00
2.817096432997164612e+00
2.115423974548986230e+00
1.380289411564152413e+00
2.626164349239063611e+00
2.435343555693603168e+00
2.440406524897787754e+00
1.970449300048723096e+00
2.374045337947821466e+00
1.661423122538586483e+00
2.460565772896049719e+00
1.617814880960573021e+00
2.236515082781250108e+00
2.241839223979309459e+00
1.816455699680348257e+00
2.740785182014688903e+00
1.823282812659625440e+00
2.539346338992746421e+00
1.978631496815877355e+00
1.555929375703629214e+00
1.771243030480716740e+00
1.766987688019035829e+00
1.295375297417315608e+00
2.747984804660201341e+00
2.320310356074711589e+00
1.569222561835069030e+00
1.693477202250355473e+00
1.760970057018884205e+00
2.155119414543944067e+00
2.923575435547602019e+00
2.177557607462662137e+00
1.290680844331247634e+00
2.655129629768406385e+00
1.835258571889271328e+00
2.436760843578952507e+00
1.799116755911880805e+00
1.538175486761176991e+00
1.920381304081250962e+00
1.612576606725438566e+00
2.324715837342594682e+00
1.813499898177984182e+00
2.601755242707877169e+00
1.985358570840389358e+00
1.496803109505503881e+00
2.726267629022114392e+00
2.201343679005536735e+00
1.742262259488287057e+00
2.075694244730310167e+00
2.158704864682466695e+00
2.375321482904253489e+00
2.155818977353039401e+00
2.148185819638269489e+00
2.255325565373579533e+00
2.101974001795289926e+00
2.423681316651997708e+00
1.600906400659138473e+00
1.550218398162931166e+00
2.190768957390293536e+00
1.688457302576991559e+00
1.920149235769771145e+00
2.121540099306171712e+00
2.471249925891213728e+00
1.982026674811543154e+00
2.573371741016535097e+00
2.712662429501197181e+00
1.299367758088848523e+00
1.761283826899831428e+00
1.464591161363609340e+00
2.809745794636662630e+00
2.034097055892169159e+00
1.997798984839513015e+00
1.527103857765861106e+00
2.040375981493906643e+00
2.334577314629757705e+00
2.076115625968165901e+00
2.092366330118322182e+00
2.030907489612949757e+00
1.608958639111118361e+00
2.518711570196099814e+00
1.506641079791513071e+00
2.442958612871000135e+00
2.228588653461875069e+00
1.785481225038974884e+00
2.074222122597984885e+00
1.817692617684081080e+00
1.885139524976675585e+00
1.891919599989731804e+00
1.472413324428841763e+00
2.560417639894261299e+00
1.383198805555113209e+00
1.869624926752493810e+00
1.678657004766230143e+00
2.389911078403926581e+00
2.277577327085873016e+00
2.441504246011631629e+00
2.818048327392906671e+00
1.823535684052568495e+00
2.363095556918162643e+00
2.360430289055195363e+00
2.404296874679918705e+00
2.848789125500286623e+00
1.966579378360711505e+00
1.514475193555249177e+00
2.081988420796325734e+00
1.947516063448932799e+00
2.375221651980012005e+00
2.921693148107745941e+00
1.998908397941798754e+00
2.255764065611892910e+00
1.680098380131116897e+00
2.070556594114566273e+00
1.825877126377988713e+00
2.427823979950934685e+00
1.069278940842431247e+00
1.580422666468769499e+00
1.903829085717464231e+00
2.624129796723740693e+00
1.633982543577021218e+00
2.270413932771410348e+00
2.562418776278200916e+00
1.860542036917438580e+00
