1.157080758091232342e+00
1.825221118306749712e+00
1.167258197594606806e+00
2.275180345888753397e+00
2.002281999252907063e+00
1.666259071309473594e+00
2.722142870175683349e+00
1.643065710167192828e+00
2.280230099591918247e+00
2.080965667468981817e+00
2.098867280086382348e+00
2.586700408303261867e+00
1.354851763654750574e+00
1.889378299143455564e+00
2.345658689826711996e+00
1.706540209147107579e+00
1.712881547339847099e+00
1.731405658994317864e+00
1.955033810250530468e+00
2.009929008185269428e+00
1.470543088199422144e+00
1.591273012776279305e+00
2.223616218221976304e+00
1.758323138430728516e+00
1.881422070097728660e+00
2.196876432363073839e+00
2.419541004038177512e+00
1.664807197593357824e+00
1.414023782473728508e+00
2.298239908685345334e+00
2.365741766403386404e+00
1.906073740968365904e+00
2.724391592230148262e+00
1.835049496507183298e+00
2.664379450596879195e+00
1.849797607015261969e+00
1.951589488121626470e+00
1.281113231137461783e+00
1.863445744539717452e+00
2.640292528040563802e+00
2.697292513239530010e+00
1.796650790253466523e+00
1.356015632148567462e+00
1.934097831915553289e+00
1.887964708536246761e+00
2.312261099510062756e+00
1.443751881901971235e+00
2.013589065804635148e+00
1.267955127466656062e+00
1.843135615489318369e+00
2.226917224172996868e+00
1.593827977716835598e+00
1.935275264713925747e+00
1.461692828631636631e+00
1.717891717414966601e+00
1.373440692226551185e+00
1.836975748898811656e+00
2.269672592017040635e+00
1.855376690935834016e+00
1.880358250252209817e+00
2.366854249651945796e+00
1.238989043074084417e+00
2.415899258511809311e+00
1.449061564058782947e+00
1.501189027717139801e+00
2.251113254539513164e+00
2.055521784252447581e+00
2.791866906234068413e+00
2.678476664331680190e+00
2.681435863029955957e+00
1.592867825031756057e+00
2.536666323621925123e+00
1.729727254719922724e+00
1.218582968967832247e+00
1.427175807162522236e+00
2.728699527927266111e+00
2.266259645899974640e+00
1.259148703472929620e+00
2.254269618273127218e+00
1.553883753232772058e+00
1.900459511256705536e+00
1.578775216756877819e+00
2.300037807783195554e+00
2.085065102375059709e+00
1.963126898285174615e+00
1.358624021584680985e+00
1.467905899012887039e+00
1.505351541809576421e+00
1.926162841186192409e+00
2.905416622721617159e+00
2.534998822298842214e+00
2.071574820034544739e+00
2.483922015991180121e+00
1.846894959610213327e+00
1.713911068755802347e+00
2.200813348764671495e+00
1.959406118942216724e+00
1.791689442393631593e+00
1.133272851362654210e+00
2.213378610638181865e+00
2.617431897435416488e+00
1.535941394551465500e+00
2.399011831931474603e+00
1.432146845059215412e+00
2.407147830687192069e+00
2.586636707957961967e+00
1.997835129328654702e+00
2.013975819083026586e+00
1.584539703112952669e+00
2.300393341380503109e+00
1.220952424783463997e+00
2.760980110157344569e+00
2.306840460614878019e+00
1.754846564348075955e+00
1.988092371837350658e+00
1.940368769620825828e+00
1.790180518395455334e+00
1.529424461369669253e+00
1.995229872075822364e+00
1.930129360474760247e+00
2.253033522688958179e+00
2.101945031208958703e+00
2.076961713478467253e+00
1.851199206872174097e+00
2.467560314989742931e+00
1.348751493583109973e+00
1.536486094895704646e+00
1.920440549269406993e+00
1.845413767597240629e+00
1.939196069457616023e+00
1.722201822982757147e+00
1.527156321260525917e+00
2.871402490446872235e+00
2.579871587704723801e+00
2.269573841482213084e+00
2.530298946507250513e+00
1.724732428065586909e+00
1.915000306073877834e+00
2.021012976001987482e+00
1.854548037598170440e+00
1.792365245937064255e+00
1.850899610913169901e+00
1.863966891476141807e+00
1.186647711339851030e+00
1.741718239335771079e+00
1.307330852653282971e+00
2.099463044755468744e+00
1.248390675975562303e+00
2.056567451158161752e+00
1.980940640789682572e+00
1.559942652821634468e+00
2.948433341799397311e+00
2.327275786049363582e+00
2.053364682624598370e+00
1.571554233748560403e+00
2.717811880809180458e+00
1.421716169813750597e+00
2.009490030913288372e+00
1.549939251424902409e+00
1.343564150225541987e+00
2.472778886926032982e+00
2.317416975328328022e+00
1.317051704256907207e+00
1.637400287122794840e+00
2.462595064459632610e+00
2.724817863193891299e+00
2.052254526337795149e+00
2.363447202759405563e+00
1.684885633009796990e+00
1.904064666850847409e+00
2.375902791179086648e+00
2.177436733542108982e+00
2.263264313509653292e+00
2.083829936137179928e+00
1.713242820459020432e+00
1.839958774561959221e+00
1.529973526039763776e+00
1.615821677854804683e+00
2.328014940114249143e+00
2.489382770336794337e+00
2.184657515989564480e+00
2.170008349326965735e+00
2.012348747135135341e+00
1.484536314597244555e+00
1.956221109704358252e+00
2.643600244046152348e+00
1.573968567648124539e+00
1.280105882622743163e+00
2.084744740920848827e+00
1.693725185604384453e+00
2.431549275225806106e+00
2.673184860652031425e+00
2.201458836554262888e+00
2.711803207557245354e+00
2.664914484883350365e+00
2.055273959912042869e+00
2.074273505659803618e+00
1.576003159611310434e+00
1.887212901812143073e+00
2.361521676250581070e+00
2.468602550827394104e+00
2.769929329492521575e+00
2.082175770601752962e+00
2.374984438184617908e+00
1.841465998392054271e+00
2.216270207782134349e+00
1.674791709676536566e+00
1.675433781988735493e+00
2.660805351337918623e+00
1.887455350355779160e+00
1.317104412495923693e+00
1.538931936642343068e+00
2.649368671832267541e+00
2.435844109513571887e+00
2.087660301721222300e+00
2.111517337266330507e+00
2.722928608972328135e+00
2.060304474607804082e+00
2.520664550190753417e+00
2.087189184573757572e+00
1.783153488809633425e+00
2.144109362987273393e+00
1.633616002346751417e+00
1.735168796953214576e+00
2.129085535317295275e+00
2.030912993579485182e+00
1.265208890471674730e+00
2.219219906311896473e+00
2.252052834366521150e+00
1.760732620798665327e+00
2.287607705682018544e+00
1.677938968013384713e+00
1.615004299039298097e+00
2.360224846325098547e+00
1.905494929692807649e+00
1.705838668289780591e+00
1.738652250178441161e+00
1.535384594207331865e+00
2.014598444416245471e+00
2.384962193289832832e+00
1.714722750363824932e+00
1.699355781542543298e+00
1.765125748424944963e+00
2.216095109865910295e+00
2.413730497798985297e+00
2.063085628375496583e+00
1.612053331422667934e+00
1.834682190979224581e+00
1.938719401928956643e+00
2.373151753705853739e+00
2.764343467967941947e+00
1.926402999001787464e+00
1.544626017265372075e+00
1.864158022152075267e+00
2.190920462540179692e+00
2.034508126922363047e+00
1.910056485886798772e+00
1.786355840190863908e+00
2.149127240030954233e+00
1.290652501525707763e+00
1.269118908823048120e+00
1.956261753289037841e+00
2.338202165815099320e+00
1.745746668718109795e+00
1.520899426450477154e+00
2.535118337400479760e+00
1.384865467404940542e+00
1.727947585308039269e+00
1.926545152749721490e+00
1.677985827000451735e+00
1.863332123065286838e+00
1.806482421316774722e+00
2.008587365011239356e+00
1.449460747131051885e+00
2.013412401666327511e+00
2.519922520530274213e+00
1.623410270493113927e+00
1.776715030415306540e+00
1.691863209471785368e+00
2.570739775440244568e+00
1.260738276922986678e+00
1.922870284979571132e+00
1.352996519638539397e+00
2.597059259843425671e+00
2.075326951989778124e+00
1.210793053821097365e+00
1.587067304382256960e+00
1.760026733886293826e+00
2.277541509321419078e+00
1.359441626339353615e+00
1.689352632535853438e+00
2.651722080399831594e+00
2.002224692411660456e+00
2.057670915469829609e+00
2.156511046758997630e+00
2.910627815002239771e+00
1.651484467809691381e+00
1.199918371748824208e+00
1.903751540848004797e+00
1.410207859523303187e+00
2.585182775726081239e+00
1.806163920893822716e+00
1.478628929963807348e+00
2.099592871494549762e+00
2.344021546086696439e+00
2.139604946356706616e+00
1.653347735528103879e+00
1.882426567460711908e+00
1.883474246211152447e+00
1.576099714745658353e+00
2.276471972452847936e+00
1.800752508474797953e+00
2.169448993316262175e+00
1.517650191122961623e+00
1.730563925029958927e+00
1.849389629166750204e+00
1.419936737024446005e+00
1.137508778698793410e+00
1.515830569946792883e+00
2.492097793412458628e+00
1.283072096851052279e+00
2.188293753205198477e+00
1.790532130116697207e+00
2.553515381324222844e+00
1.775399651275392454e+00
1.737510668709872697e+00
2.537308443836689520e+00
1.454671849093825298e+00
1.226595980675986741e+00
1.853669944776068945e+00
1.496570027169008998e+00
1.080493345854504517e+00
1.968089886472681904e+00
2.635490083778901482e+00
2.312578385894229704e+00
2.365665193403566846e+00
2.138721253789452881e+00
2.142943600187084741e+00
1.554033057723205102e+00
2.166742686633064352e+00
1.214461280578991387e+00
2.575639247975759716e+00
2.182736250217373275e+00
2.248833702695961279e+00
1.876702917636338563e+00
2.210670783171928555e+00
2.181670098968878868e+00
1.700053516236482043e+00
1.900608477691581255e+00
2.241674145465187173e+00
2.144933675508860826e+00
2.004710882706148389e+00
1.104770789555366006e+00
2.019720425993725588e+00
2.408308218397438250e+00
1.885702098428184481e+00
2.361175281249593638e+00
2.118518125023682863e+00
2.452081463313186660e+00
1.337063430335339698e+00
2.599585703311664719e+00
2.366569884697643289e+00
1.726133207785895740e+00
1.474154733894197378e+00
1.944172612431020797e+00
1.663382934717595685e+00
1.964253614243509194e+00
2.100063010716960221e+00
1.813021058416067310e+00
2.380884299251825542e+00
1.643036300518874615e+00
2.269164260718677717e+00
1.698032985378516768e+00
1.495091038050848864e+00
1.500894269453314500e+00
1.173287264373164440e+00
1.526213614307754263e+00
1.194103734930406002e+00
1.636694898696691158e+00
2.615303760928327392e+00
1.675321490734423824e+00
2.028173388816218115e+00
2.168753713408816175e+00
1.411564240060348974e+00
1.669621878582149055e+00
1.813143526367165803e+00
1.656544807382000606e+00
2.520459008223109976e+00
2.258553379086593260e+00
2.628917909074537373e+00
2.313451218104518148e+00
2.704595559497735557e+00
2.025502376364026524e+00
2.252161237437705132e+00
2.603924392584773706e+00
2.471039461437503526e+00
2.177410757353895221e+00
1.895267574064693150e+00
2.646362343629559355e+00
1.632011757079723457e+00
1.531284049114858714e+00
2.029562365169289784e+00
1.286683407773981047e+00
2.101823465263750634e+00
2.075495212914056253e+00
1.416723326225928670e+00
2.332063033946913500e+00
2.308252102200698985e+00
2.000499087327633596e+00
1.720451266399799284e+00
2.152630865610272615e+00
1.414493855701863367e+00
1.857186140514762496e+00
1.609209351066877680e+00
1.818221471128777633e+00
1.604854298368269427e+00
1.790362713641987735e+00
2.543917793538522876e+00
2.741429315060957883e+00
2.137631985997709982e+00
1.471805416181909631e+00
2.444421864824642743e+00
1.921966763951259205e+00
1.910878273094609447e+00
1.322162395335544360e+00
1.839834539340599040e+00
2.250677494073108686e+00
2.577990052542864063e+00
1.404687006813963190e+00
1.390905678671649381e+00
2.090571379105866434e+00
2.019892106603123239e+00
2.071655875720558093e+00
1.661827321045605377e+00
2.274081552993281186e+00
2.257214341534014679e+00
2.628701525348910550e+00
2.078491094467477929e+00
2.650157874820114223e+00
2.112497793996332973e+00
2.357415975241916151e+00
1.273869868464553967e+00
1.703050432537083436e+00
2.035050033926709467e+00
1.525364780773165174e+00
1.647278962347416886e+00
1.334331299147530681e+00
2.022456153174776894e+00
1.501576129892553624e+00
2.076262208085804861e+00
1.665342033129509236e+00
1.916391619348461361e+00
1.612877415109347234e+00
2.195351544427449397e+00
2.479144062080093303e+00
1.491317218222446117e+00
1.756609619171515035e+00
2.515734039533529476e+00
2.727823321658798150e+00
1.221642295024182534e+00
1.542016462859499448e+00
1.894513267360084408e+00
2.063516201557953345e+00
1.723020881775973345e+00
2.094930946827637808e+00
1.947557810448186544e+00
1.196315376313443535e+00
2.094949963507756863e+00
2.282077149366435798e+00
2.108777256956313018e+00
2.796514272954880198e+00
1.586336155628069511e+00
1.791009658593400111e+00
1.997204279884785327e+00
2.810897709992261184e+00
1.764180249185465899e+00
2.514405919149605317e+00
1.959592242406217544e+00
1.775234863626145021e+00
1.944806936421267896e+00
2.562227645298565726e+00
2.247155320969997483e+00
1.989070417299056093e+00
1.586572703643645887e+00
1.839932365410315906e+00
1.572020978812031400e+00
2.614896490239708271e+00
1.733224611196306775e+00
1.528068359626686190e+00
1.753095923020439262e+00
2.717660493758870199e+00
2.263768328535810781e+00
2.255547958040810208e+00
2.075956404163655122e+00
2.179299419523851977e+00
2.326188740296425195e+00
1.975662210893075921e+00
2.203085829251832717e+00
2.449228516028195024e+00
2.145523690745286149e+00
2.449260833219576661e+00
1.509119562991492636e+00
2.649581379024875005e+00
2.759894883608684513e+00
1.262737818477581486e+00
1.888849490178419854e+00
1.848331768309277034e+00
2.331349771014714189e+00
2.132615243080026701e+00
2.326715489306641960e+00
1.507853003802141600e+00
2.083729051029814983e+00
2.510937954904509439e+00
2.303344337005679421e+00
1.497912251482043988e+00
2.243777365372610966e+00
1.751174986995117866e+00
2.522760368942494225e+00
2.167543073042124568e+00
2.608555283514233381e+00
1.858431071808704482e+00
2.526146642411993604e+00
1.292073906855710330e+00
1.600807097731888895e+00
1.175988166888249697e+00
2.092800478911419404e+00
2.238649690150291249e+00
2.419848420228263741e+00
2.397572795385342737e+00
1.963759622522453618e+00
1.326193705516661270e+00
1.394546618845038388e+00
2.445256673703061434e+00
2.049483139591453895e+00
2.516398304684853926e+00
2.533629738675289289e+00
2.487451849514275892e+00
2.346349407150755795e+00
2.472115117986007249e+00
1.549293280375645621e+00
1.425479761483562591e+00
1.470512830270488625e+00
2.599964571351712106e+00
2.087159665891102467e+00
2.122444524067053528e+00
1.866165073311826461e+00
1.793787980177738106e+00
2.342014671506685630e+00
2.633223216328612004e+00
2.313673180014718334e+00
2.118609540551020132e+00
2.026749302881631021e+00
1.121864235617917371e+00
2.086705603622172056e+00
1.941639213938102237e+00
2.445087342495086968e+00
1.368086676843520699e+00
1.544857871070722144e+00
1.351023049937237319e+00
1.968018877928307875e+00
2.202076853202808326e+00
1.981552386248902398e+00
2.152409987325683005e+00
2.042475650297369771e+00
2.302193284159439912e+00
2.658762262547350375e+00
1.949475811274846926e+00
