2.026816918554294134e+00
2.246015768315837491e+00
2.185194894508765806e+00
1.768903975325784250e+00
1.957480761185961038e+00
2.703849655817175623e+00
1.779265590014960097e+00
1.405935538028465270e+00
2.401769972693034827e+00
1.733968702881846013e+00
2.342448701500825514e+00
1.868746825702980896e+00
2.219339431710692701e+00
2.513910407406585001e+00
2.396670040319296646e+00
1.895620733195990670e+00
1.614234534966822121e+00
1.565712339228253258e+00
2.032092891077718733e+00
1.095978511377128317e+00
2.288062207122487202e+00
2.628005932675284484e+00
2.916575703052878943e+00
1.956903103113651454e+00
1.873791519186728927e+00
1.271420136923352429e+00
1.836007091923070433e+00
2.343598815207968755e+00
1.209598126555150088e+00
2.095312652817929333e+00
2.178065680883524813e+00
1.637607197920566415e+00
2.657000430606664132e+00
2.520647618834499504e+00
1.789749895638239163e+00
2.709601151527913920e+00
2.404133974974029364e+00
1.839201304717880348e+00
1.574577143334608076e+00
1.828238228835511681e+00
1.678479334040706927e+00
1.766338586304636582e+00
2.128694542514945720e+00
1.777933547475448739e+00
2.446275351753153693e+00
1.235523527665731036e+00
1.876148810843868864e+00
1.518994067941190629e+00
1.919632938988056203e+00
1.951852168915060082e+00
1.358963416986849415e+00
1.516175867386413856e+00
1.795518088321334416e+00
2.096710116422766834e+00
2.047952400358775904e+00
1.429730012077628398e+00
2.296629498870208508e+00
1.208883469607240801e+00
2.280796656267948030e+00
2.023605885860426667e+00
2.143233080656181233e+00
2.561215976071898659e+00
2.057028439469712033e+00
2.310920901053568066e+00
1.546854748431221172e+00
1.350090237153940942e+00
2.629564199543749758e+00
2.853361368326857495e+00
2.317655026603166579e+00
1.840580459543952774e+00
2.487884619244245421e+00
2.164338456597240778e+00
1.776808871100066467e+00
2.413656704659391750e+00
1.564471781155212904e+00
2.637266546424838154e+00
2.201178412779587035e+00
2.196284298780523336e+00
1.295535215326126144e+00
2.439712010886101901e+00
1.475727502281579451e+00
2.344661667203983946e+00
1.612347187433802675e+00
2.104839207042519256e+00
2.406731624108560119e+00
1.478347094778193815e+00
2.480990925931963353e+00
2.294138401025589857e+00
2.468292512876820943e+00
1.453063569659443832e+00
2.128452464771786179e+00
2.266232926086107824e+00
1.900868042908356870e+00
2.691530758858780459e+00
2.396421417080632388e+00
2.561558780754078057e+00
2.208570849510032463e+00
1.378736011914015291e+00
2.319423471782039670e+00
1.740433538309944517e+00
1.737639533486107890e+00
1.406999301945916603e+00
2.734319339081044742e+00
2.123352451854957135e+00
1.654466496918885587e+00
1.745865932275074695e+00
2.284501106256912273e+00
2.183205123711416729e+00
2.794461642331280693e+00
2.450452265728398693e+00
2.493348197529093646e+00
2.030012756292741471e+00
2.214036352620945891e+00
2.106135928344783359e+00
1.989284088868648492e+00
2.234846948869858796e+00
1.597909320290168633e+00
2.144286919719068152e+00
1.946863420430974267e+00
2.156608562534070295e+00
2.469219091884424344e+00
1.861345358977577247e+00
1.928940028593958189e+00
1.593384143012684717e+00
1.716234196163537451e+00
2.350749584800539083e+00
2.072571976822435769e+00
1.842098166584752228e+00
1.595442027634320414e+00
1.371986564731080271e+00
2.714472743228373286e+00
2.065326553498496143e+00
2.115878189263027842e+00
1.615820977104680090e+00
2.508212317806234992e+00
2.272551342042667955e+00
1.876198814157619132e+00
2.405113331128569953e+00
2.339881007912801625e+00
2.059353102402523561e+00
1.777174951046832874e+00
2.332486195441795473e+00
2.014115726241330950e+00
2.126691245615688786e+00
2.457076193162769595e+00
1.464990870752175045e+00
2.677625250896374265e+00
1.653128257547430868e+00
1.889142364693431109e+00
2.723303218686707439e+00
1.834073855619594795e+00
2.017523851089489284e+00
2.111429125347280777e+00
1.809985842089363750e+00
1.835179202216639327e+00
2.046565654016491820e+00
2.357276699540419518e+00
2.006621312810728419e+00
2.088387017194885065e+00
2.137087399143223543e+00
1.344643850674497987e+00
2.482204644934871141e+00
2.626524701849075605e+00
2.067800547102318198e+00
2.164236700962154814e+00
1.453991786119396945e+00
1.375378928389025646e+00
2.734342172538704929e+00
1.803291286215620737e+00
2.082128956718144686e+00
2.340123010517827673e+00
1.910864332428440893e+00
1.396312746144527051e+00
1.655819731640733705e+00
1.333803714585028555e+00
1.729164828202675253e+00
2.185080171927481274e+00
2.636817188553944646e+00
1.286324229525378282e+00
2.596635343689652764e+00
1.752170024993810582e+00
1.353555000817760812e+00
2.357406247604919791e+00
1.347391408872006258e+00
1.985308600876802831e+00
2.313769730113031109e+00
1.782996676590716589e+00
1.167091944402458559e+00
2.274619332547109352e+00
1.875325680510456339e+00
1.540191065146319538e+00
2.551190458887693246e+00
1.512596172097147917e+00
2.039101994241097948e+00
2.620056728244169353e+00
1.862447944610771122e+00
1.825777400598212807e+00
1.742342799055877967e+00
2.399085091896679067e+00
2.056288337439331038e+00
1.662652437078892431e+00
1.717820006486064033e+00
2.053222056108866767e+00
1.961482612958213245e+00
1.879319838629331052e+00
1.511336807003045291e+00
1.428572396767157970e+00
2.638939991029753962e+00
1.729529620761201425e+00
1.592692552665302186e+00
1.700855717338919160e+00
2.663707847610056412e+00
2.159313465514584252e+00
1.602784389088565575e+00
2.294572186340167352e+00
1.668121557293926305e+00
1.548843067418100405e+00
1.629106729177616231e+00
2.351559966968663318e+00
1.476612959675482895e+00
2.074989894070220053e+00
2.807423956632887574e+00
2.015632362819992807e+00
1.908302850280027663e+00
1.853250993099642141e+00
1.633159551302865165e+00
1.409689646924907169e+00
1.376821401256835831e+00
1.376012599779717460e+00
1.390724573050369450e+00
1.831948179099999408e+00
1.219495643530018381e+00
2.064803099755620153e+00
1.985622056807633040e+00
1.790603213503029645e+00
1.330035021853926303e+00
2.336930413066230727e+00
2.483778588610549676e+00
2.477033500075228822e+00
1.904101807841733107e+00
1.822422995526752132e+00
2.137097828578316872e+00
1.392029897598838328e+00
1.470674790191092818e+00
1.283379298540292091e+00
2.401242021361108758e+00
1.751837928515769915e+00
1.450345400124938067e+00
2.427713650799892875e+00
2.555437111842466802e+00
1.916711068866616685e+00
2.023699474647806973e+00
2.163781169889950284e+00
1.759744996419788654e+00
2.581198364936549083e+00
1.870528485926357121e+00
2.607086967247972176e+00
1.929214303939825959e+00
1.608985493021159563e+00
2.437074278685618545e+00
1.847341063872034894e+00
1.775732672488593122e+00
2.219152814522890704e+00
1.833241013747197279e+00
2.016170653754989051e+00
2.438446340596789330e+00
2.287593149796228076e+00
2.536517506923082088e+00
1.720744361483194762e+00
2.469272886912444065e+00
2.030509286130125268e+00
2.123349103821663419e+00
1.724927680015753140e+00
2.278931788616237242e+00
2.134810350751054742e+00
2.334793252215035864e+00
2.174166243494784823e+00
2.294200226806524245e+00
1.723979002110823000e+00
2.016818618146030140e+00
1.655401000674246781e+00
2.636233287199290842e+00
1.983297492618815161e+00
2.431019302949653849e+00
2.055922845905544527e+00
1.820612380297104593e+00
2.116017639755459090e+00
1.687692863295791490e+00
2.158529272891049011e+00
2.036747797048064079e+00
2.338564505798826243e+00
1.933759342846788964e+00
1.554386127446738541e+00
2.089884584144293900e+00
2.313389029690759102e+00
2.132852193365244897e+00
1.495832142000789400e+00
1.681880263635392225e+00
1.848887615946112950e+00
1.582254712237740168e+00
1.756081296393244617e+00
2.042935645477832018e+00
2.587583522221724941e+00
1.390437656204102090e+00
2.413699679439594181e+00
1.686573908600950134e+00
2.306024114279837001e+00
1.413348878927024543e+00
1.949160698371517730e+00
1.619196036625581314e+00
2.160004280753357264e+00
1.837148192684870729e+00
2.688420513479337970e+00
1.408587487587355858e+00
1.347195250356277407e+00
2.387020561677240416e+00
1.920672857939134115e+00
1.790077735373373669e+00
1.506562814822485219e+00
2.530948590034013623e+00
1.762088219246646492e+00
2.478524945171181493e+00
1.413008080819498691e+00
1.929840365462021978e+00
2.118266658971299510e+00
1.563422857153394130e+00
1.479041699726422854e+00
1.538379497568537424e+00
2.411090262758762925e+00
1.342866074471504190e+00
1.851331721072169589e+00
1.364311389105157257e+00
2.314541639418852714e+00
2.028416865377743683e+00
1.564129971499933491e+00
2.170918817997430583e+00
2.116605514672571076e+00
1.172448481555679045e+00
1.571333512893926532e+00
2.145619340848996082e+00
1.456999033604665206e+00
2.283761542186160121e+00
2.808939368911008927e+00
2.099237003565619375e+00
2.418679250927544988e+00
1.626432194589658708e+00
1.855556365679962738e+00
1.944056557052072254e+00
1.563115370933336301e+00
1.976153665120188752e+00
2.468810124043028242e+00
2.245343882599289742e+00
2.386937410904711676e+00
2.227052213431477412e+00
2.446029233086693289e+00
1.903621602225054721e+00
1.364417164210856903e+00
1.885614247947638322e+00
2.674916373291036820e+00
2.708343024784754416e+00
2.421007282326686827e+00
2.367289410121038440e+00
2.089890671706738701e+00
1.951003623324814473e+00
2.051125408823803120e+00
2.015072342539576233e+00
2.189075638923618339e+00
1.572602491982666884e+00
2.124739299538020987e+00
2.796946020554314849e+00
1.744071820672976170e+00
1.800771774507546441e+00
2.783718244536524722e+00
1.398577821514865427e+00
1.848373536845062448e+00
2.088456132348156302e+00
2.274998297493429078e+00
2.551021258310897100e+00
1.800216725395882289e+00
2.104503058882740696e+00
2.674252207399884007e+00
2.416312543046994055e+00
1.819974592763008214e+00
1.523876518779287759e+00
2.778337120385809378e+00
2.125103034499801424e+00
2.161058287196888195e+00
1.441409453052048484e+00
1.579791749425072389e+00
2.286623333657799684e+00
2.381654010162414181e+00
2.317286779574164512e+00
2.201526542537255438e+00
2.747443398407376058e+00
1.957828065327472444e+00
2.410114774078729205e+00
1.635351720026775091e+00
2.260037460551568067e+00
2.110235907335275662e+00
2.527281837226798444e+00
1.359476824526144156e+00
1.612037915213082151e+00
2.412096116667568957e+00
1.916116940773425981e+00
2.626688804561756019e+00
1.417535673236248517e+00
1.957393204666571851e+00
1.400746944013566475e+00
1.649179823731784955e+00
2.042631701713338188e+00
2.039642699649924840e+00
1.711729191333638100e+00
1.783856684240594515e+00
1.357912103885208666e+00
1.880432689985580108e+00
1.263627322867155955e+00
1.823700543374290106e+00
2.310369268193581682e+00
2.439250990738949909e+00
2.186341570019306069e+00
2.430488117665405401e+00
1.505034758677728401e+00
2.021672485506938344e+00
1.926500140200814837e+00
2.177797758563598585e+00
2.034828657282322872e+00
2.066584033661134079e+00
2.244385039978459062e+00
1.210684514726272365e+00
1.844035322562875834e+00
2.384192400872693796e+00
2.090512828376689836e+00
2.074260483029112034e+00
1.960445976810166524e+00
1.644167926202496854e+00
2.243143622280362237e+00
1.249333370654452491e+00
2.154851240094381115e+00
1.735964443035694416e+00
2.149430091935673026e+00
1.446008390166364066e+00
2.261482496878536974e+00
1.567270449924913045e+00
2.875194669566531580e+00
1.793250723025443971e+00
1.739903675474034017e+00
1.808375931110652424e+00
1.467433279803574964e+00
1.660366968421053802e+00
1.585100403791296131e+00
2.706022069210230363e+00
2.462492410490436434e+00
2.010190584810501058e+00
2.298081194645469783e+00
1.942823842719922922e+00
2.625985560687167819e+00
2.109274228796854445e+00
1.621368002246639461e+00
1.880656560057682114e+00
2.404528868327076907e+00
2.739095080053616904e+00
2.235858233917729976e+00
1.411964126400123254e+00
2.501217865145054731e+00
2.338031604189670709e+00
2.120146066022690512e+00
2.515567487242415190e+00
1.503065295439911520e+00
1.225318256891998026e+00
1.554895683461386735e+00
1.751683578183529377e+00
2.239314191287167688e+00
2.721906088201670570e+00
2.152360916492809473e+00
2.062813964817958645e+00
2.028173173058605450e+00
1.734276058208831905e+00
2.391565921812167428e+00
1.817759300759807628e+00
2.567363146653995898e+00
1.552634362077964347e+00
1.293083457494140109e+00
1.552787517799610439e+00
2.096430863184528537e+00
2.339680634073154408e+00
2.287518083371344879e+00
2.636631732592824573e+00
2.608175163750291681e+00
1.320856745238056407e+00
2.022392364146705646e+00
2.143704074545893512e+00
1.856761522211139770e+00
1.434978549977587114e+00
1.779365913684457734e+00
2.327305403685323792e+00
1.243540103680943254e+00
2.044322717491233732e+00
2.380518119446385139e+00
1.815595112682387935e+00
2.395907565420687391e+00
2.412477644449478653e+00
1.629941861342824705e+00
1.695326925996892165e+00
1.813246120584225851e+00
2.409694049542355998e+00
1.310248677060670941e+00
1.530254434951208831e+00
1.913961752106455361e+00
1.307372094357020398e+00
1.975959204812406167e+00
1.964690191088461102e+00
2.395194326264860063e+00
2.263253005982891253e+00
1.781863614379616489e+00
1.471773606350405217e+00
1.756890673735053809e+00
2.163627151319792219e+00
2.496949354028093371e+00
1.831088145311702498e+00
1.824126734374291958e+00
1.773925369918327721e+00
2.359118885021202594e+00
2.336168095621776963e+00
1.746301440331631261e+00
1.880438524955743596e+00
1.879665828903897218e+00
1.702871481665739761e+00
1.505154240290762502e+00
1.435811134189453941e+00
2.429419247830367556e+00
2.332270524797273481e+00
1.719814937627785145e+00
2.629054067146097573e+00
2.060634331028591504e+00
1.556626475126314357e+00
1.831845075103106790e+00
1.920299476285188822e+00
1.919746541947576546e+00
1.758514747740963724e+00
1.445649834201319983e+00
1.539945614260890716e+00
2.137650750665602395e+00
2.756297171139880042e+00
1.273563751282931200e+00
1.965967363738816420e+00
1.650608928725552982e+00
1.543039998892791864e+00
2.244773471801760678e+00
2.202371209034662769e+00
2.411391952096217484e+00
2.223858845792067385e+00
1.838204125926564236e+00
2.160273718337532678e+00
1.917748993645216338e+00
1.808069611952387135e+00
2.300995410256778673e+00
1.757632810065719031e+00
1.718998926182785159e+00
1.362800194152315125e+00
1.742649658560525339e+00
1.442236074267188028e+00
2.612642220877733124e+00
2.138577130700650031e+00
1.641406034416434290e+00
2.474197285917378863e+00
1.499412239133904645e+00
2.663333358665355810e+00
