1.580468260278849790e+00
1.489535826225092174e+00
2.750211644650923937e+00
1.858657042411572036e+00
2.288961206717728736e+00
1.974143833925984026e+00
2.432943642325505085e+00
1.612791371695455389e+00
1.741362350400619041e+00
2.483741758054091697e+00
1.895016772203944821e+00
2.335843129999958911e+00
2.262897221050044205e+00
2.575977732974820356e+00
2.705171151833702048e+00
2.050800100497170320e+00
2.196230078439855848e+00
1.468280334544592947e+00
2.060379320371328760e+00
1.672273999468163685e+00
1.943990455928311878e+00
1.230945691913573947e+00
1.837661978229803816e+00
1.321596592629188605e+00
2.324588158665002346e+00
1.506662704939425890e+00
2.012413055639926895e+00
2.375492545234910047e+00
2.165800408085889472e+00
1.993485125944901792e+00
1.678444854584417278e+00
1.784116688224377079e+00
2.705434243314446263e+00
1.597196531628536365e+00
2.456591272532453907e+00
1.938661370375790005e+00
1.799686124096515849e+00
1.876841927734340887e+00
1.945952125551553280e+00
2.589602334078178636e+00
2.576948620236349630e+00
2.137468377328904268e+00
2.330719925475126963e+00
2.112442001229396737e+00
2.199291146740886660e+00
2.764426974808884552e+00
1.424832402995540370e+00
1.532828582227293790e+00
1.666388545896718920e+00
2.720597368827061491e+00
2.434728308266761232e+00
1.850957145922055957e+00
2.519959183097543409e+00
1.327120489932843483e+00
2.063460166993634104e+00
1.914844584986119536e+00
2.045749505596845541e+00
1.974663049427311634e+00
2.033199989096260651e+00
2.355302097639719427e+00
2.292445450687850439e+00
2.317891102497450451e+00
1.973303853943217723e+00
2.185823145407544743e+00
1.257547502038862008e+00
2.041032907970413923e+00
2.153005770095799853e+00
2.041198278254826803e+00
2.098245477214815580e+00
2.098375628844238783e+00
2.069115565568155901e+00
2.008404569560466424e+00
2.140878072480647099e+00
1.974652122977382795e+00
1.842035522201418640e+00
1.560579087911565743e+00
2.130238778452586690e+00
2.964643717754599006e+00
1.573667323318446609e+00
1.613959703965141657e+00
2.397890999830877057e+00
1.524653759345743431e+00
2.261109091742468546e+00
2.619838312572206007e+00
2.159596133123626416e+00
1.627649610681757064e+00
2.581183325040140808e+00
2.605035902821984273e+00
2.232996319684093844e+00
1.883741098631294797e+00
1.740041417681339020e+00
1.512205029482107221e+00
1.381364050296817636e+00
1.118207862410204090e+00
1.390256447389596861e+00
2.661558146183093498e+00
1.984031334386317180e+00
1.785293421277943438e+00
2.035602147672857853e+00
1.524581593658436596e+00
2.800338842620518243e+00
1.936884510275535209e+00
2.275374042623925952e+00
1.761041893103700851e+00
2.639556193966730469e+00
2.649333313004916146e+00
2.353734162675870323e+00
2.210732684459122854e+00
1.419195488868110644e+00
2.170920011896186885e+00
1.839948961922407200e+00
2.589693357042294863e+00
2.233996098170969447e+00
2.370001432797541163e+00
2.202737467915785619e+00
1.662497639884716660e+00
1.921914480628474475e+00
2.233995991625059574e+00
2.052201867444678918e+00
2.338920657693575933e+00
2.392623824175397651e+00
2.519334315597987928e+00
1.490607086445965956e+00
2.075627431630370445e+00
1.345107287994401712e+00
2.533863142765538257e+00
1.827139817515706977e+00
2.306111476611459210e+00
1.729189787306753656e+00
1.888122581124715538e+00
2.298400937333653360e+00
2.225690853292376037e+00
1.782099510282792121e+00
1.670775627339366576e+00
2.026679604889511488e+00
2.362360219121836025e+00
2.095694808305101020e+00
1.549598128108022443e+00
1.979072236682653418e+00
2.220267758920594137e+00
1.368709657503283772e+00
2.094768283936536690e+00
1.775698919184362179e+00
2.553783149029631439e+00
2.029003825620314672e+00
2.445717746221254707e+00
2.148544505673209315e+00
2.169477659502541567e+00
1.294031588041764103e+00
1.716561341874582425e+00
2.410348996848820757e+00
2.188986958259955706e+00
1.894365976941486007e+00
1.568378680905472722e+00
2.249777909749651084e+00
1.774591383505677911e+00
1.561583378882917872e+00
2.102234950622952070e+00
1.745791957882306678e+00
1.875270480075188928e+00
1.902294058344545125e+00
1.436514559457265694e+00
2.692113001354904611e+00
1.851515889661483172e+00
1.458279107017561360e+00
1.848583142475275887e+00
2.451294298949822092e+00
2.156656086977918552e+00
1.754133570890058058e+00
1.068462433406039969e+00
1.440092838537884390e+00
2.205150476874295329e+00
1.439897515946942264e+00
2.405492077690621677e+00
1.995340776063176058e+00
2.748932086818235199e+00
2.145686378687733153e+00
1.332825386909095799e+00
1.785928076601200676e+00
1.661337857069499435e+00
2.330075467377495713e+00
2.390947542235494439e+00
1.409331156403202057e+00
2.295792781056499088e+00
1.786259936534660309e+00
2.195208872108209697e+00
1.382863411212293281e+00
1.913538955256635088e+00
2.303896151167946549e+00
1.969023986638613444e+00
1.243384758030399384e+00
2.392571474895711869e+00
1.423819966473680143e+00
2.120891248493354198e+00
2.666493672340588095e+00
1.558923492610100991e+00
2.421232641440612898e+00
2.040310325875636988e+00
1.726439425941227235e+00
2.110765801831461452e+00
2.559763925785627059e+00
1.918964463611469107e+00
1.952139597301094653e+00
1.608062659992503196e+00
1.879252414950324024e+00
1.771324394977987327e+00
1.833372021689626541e+00
2.048963172074303341e+00
2.130583265030203233e+00
1.670521475663438338e+00
2.522413827473089398e+00
1.517514557726010738e+00
1.440914467359420970e+00
2.479729886553585949e+00
1.504914485750600051e+00
1.997902467138416460e+00
1.509273483932958015e+00
2.416736846339648803e+00
2.004015016962691575e+00
1.370283521010902561e+00
2.306986468715891192e+00
1.918274234171291059e+00
2.475505924463598184e+00
1.565843509486188001e+00
2.047558195711591367e+00
1.809419359456184040e+00
2.045947437030845695e+00
2.076874648419705149e+00
2.459487014124370319e+00
2.530497894925461289e+00
2.148496793606230248e+00
2.108427070607763021e+00
1.746927100323870885e+00
1.501718405169092829e+00
1.377415608628370203e+00
1.861054260925871118e+00
1.986398377346970889e+00
2.264275557679251261e+00
2.609634986960387870e+00
2.087065283264336379e+00
1.923719175872510512e+00
1.640425418144090486e+00
2.185005286751516174e+00
1.771169383222080507e+00
1.843813851818957961e+00
2.195609003629424016e+00
1.677702371268761761e+00
2.322923410028082003e+00
1.748805058156952086e+00
2.529717404885639453e+00
2.049959236242252736e+00
2.404474915944876834e+00
1.856218844022204939e+00
1.394704315170199438e+00
2.665491165538446339e+00
1.868441330093025599e+00
1.615248737265028378e+00
1.241369428138770825e+00
1.275314369303446771e+00
2.153183093098112622e+00
2.130186966330144926e+00
2.153179959500775009e+00
1.423727207585735677e+00
2.060094976625457708e+00
1.775200154535501618e+00
1.650370799541876377e+00
1.295514468697709809e+00
2.433040031505640854e+00
2.203268189631102381e+00
1.552624823159806766e+00
2.062721875618986900e+00
2.596145250906252144e+00
2.539122861009456500e+00
2.098420116526622969e+00
1.943393885405769961e+00
1.729841268273559773e+00
2.443107524859373214e+00
1.320445833243576228e+00
1.998764643501484306e+00
2.247434932955043596e+00
2.706548964488383113e+00
1.902397856080105587e+00
1.522597747512552058e+00
1.927718139362574190e+00
2.452513522064633023e+00
1.719564772189661417e+00
2.297062029459520094e+00
1.921208228651747785e+00
2.185406015916524058e+00
1.068304582509225220e+00
2.114236026216038233e+00
2.020292789716393145e+00
1.954437158572988498e+00
1.918983136976437187e+00
2.317277762605275182e+00
2.367952263455671336e+00
1.855409732107368814e+00
1.822210079608776123e+00
1.429569497914827458e+00
1.681375681459442717e+00
1.220860146368455190e+00
1.579649616904589937e+00
2.905258989628664246e+00
1.793853636618984781e+00
1.359839575022880664e+00
2.081435671778896435e+00
1.983054349867379829e+00
1.915984851157295665e+00
2.328665385140857857e+00
1.421931522651049606e+00
1.982604364792667884e+00
1.890919251549049385e+00
2.672789622696950307e+00
1.912598010333445009e+00
2.038624773274766433e+00
2.819695097612831880e+00
2.591838598734384824e+00
2.592048247397697569e+00
2.344236266285014914e+00
1.963073395501784724e+00
2.413443827508222839e+00
2.740133808893757461e+00
1.631314470086474788e+00
2.243790846786554383e+00
1.503646087467338965e+00
1.595345286505610805e+00
2.193851769468055934e+00
1.185023513023046426e+00
1.485060504200782727e+00
1.706530758240170531e+00
2.450505395792548224e+00
2.585364141520839709e+00
1.036611031508356762e+00
1.464021238231218325e+00
2.228029311344116969e+00
2.511771109842528382e+00
1.772387697481869751e+00
1.796550466001158863e+00
2.237423869130682696e+00
2.782192539564923184e+00
2.158801296909913958e+00
2.525542925409896888e+00
1.539760030836984317e+00
1.925932402212335415e+00
1.999074907702253601e+00
1.953078641149516681e+00
1.812237982299399253e+00
1.991211854989036301e+00
1.967836940470087281e+00
1.607709767063375761e+00
1.397630152882336274e+00
1.546935774712294265e+00
1.443178728363044172e+00
2.359597857347226935e+00
2.722493215303011027e+00
1.294842046612477704e+00
2.550437497616361071e+00
1.957529739014797210e+00
2.364036811199393018e+00
2.536206947596244987e+00
1.981243426418331843e+00
1.442388755993402993e+00
1.897337783576519943e+00
1.953392691555553284e+00
2.599585343788965996e+00
2.459467546224983536e+00
2.335973052411984163e+00
2.069803430218777329e+00
1.680176203199670537e+00
1.357269663620584765e+00
1.327778306851205237e+00
1.442185647104775592e+00
2.358354271910292788e+00
1.996990240518286441e+00
2.457068604519339061e+00
2.590753977911565364e+00
1.366727212405355996e+00
1.770977388181690149e+00
1.476374783321547923e+00
1.840212962963226451e+00
1.554724601967625075e+00
1.683992407454324880e+00
2.608887027665685032e+00
2.459803560482663354e+00
2.162341015966803948e+00
1.310749618087045487e+00
1.855987379781671276e+00
2.409060526915743683e+00
1.960823872438286042e+00
1.927177120088472195e+00
1.514404003805727150e+00
2.253851615573758238e+00
2.681447348795600760e+00
1.792433028848288146e+00
2.191829829974514698e+00
1.960568755172467759e+00
2.504181646818184337e+00
1.454803774848498765e+00
2.298884700942998904e+00
2.047308195824327992e+00
2.561903080278290279e+00
1.663673379503245897e+00
1.807142216894739750e+00
2.013742239843360426e+00
2.567656267838282158e+00
2.285751990689882440e+00
2.789644272749745468e+00
2.119814468025341903e+00
2.295625267053899687e+00
1.974622846660704312e+00
2.584192695537670836e+00
2.495646181424992172e+00
1.725535592482877245e+00
2.083670014146739913e+00
1.665581296511073450e+00
2.627140814201143204e+00
2.014948982730013327e+00
1.979120266953733109e+00
2.411023823245139752e+00
2.371363429940462453e+00
2.711638343650152549e+00
2.025740180727347628e+00
2.436643530520602230e+00
1.747964495452074996e+00
1.573806293992122463e+00
1.821725157847066123e+00
1.251215856936564785e+00
2.308779153602158463e+00
1.693114041680682025e+00
1.714031135481432599e+00
1.781693731963944982e+00
1.827041553829273468e+00
2.481926673666273508e+00
1.919334666877157591e+00
2.714838883844496564e+00
2.237517619532467528e+00
2.166475402574257192e+00
1.899636037778464903e+00
2.198155887187845714e+00
1.969677684390556571e+00
2.108376260962113502e+00
1.406432763318902657e+00
2.146065501734272463e+00
1.993342160214033321e+00
1.980148490887678969e+00
2.421714916674864160e+00
1.654357869564178518e+00
1.927210996579061586e+00
1.024272005747385972e+00
1.954670407051783299e+00
1.768010450518915588e+00
2.641018274562881185e+00
1.497244149652815937e+00
1.877234655096317040e+00
1.539925389084752183e+00
1.945143019034984322e+00
1.987092732324560407e+00
1.613661325404122993e+00
1.639113877989239132e+00
1.288768196160305468e+00
2.474317434320569831e+00
1.379834929073756156e+00
1.840305861415590272e+00
1.970208944806091100e+00
2.689895122199424282e+00
2.377795817422170721e+00
2.507064599189105181e+00
1.540014897746867728e+00
2.017410675045103741e+00
2.232083999596485846e+00
1.493554162190122492e+00
1.926887407858380419e+00
2.050866607485614335e+00
1.379705841655443299e+00
1.725410096742064692e+00
2.203858712043976986e+00
1.297129146529072630e+00
1.506118414554598051e+00
1.566783322901073916e+00
1.807856793310671062e+00
1.680687153904254938e+00
1.675593419329878708e+00
1.921583240752383404e+00
2.315238636300272823e+00
2.370966782551382934e+00
1.667591726745409897e+00
2.112749653852986853e+00
2.057405663487445580e+00
2.633382188342704211e+00
1.931817164120216201e+00
1.979782148781642714e+00
2.131789218597822444e+00
1.600136640497016538e+00
2.125556802228817599e+00
1.938159325597168969e+00
2.084933556579676939e+00
2.019040863465908942e+00
2.059891848997530417e+00
1.664237451611283891e+00
1.899311812968055957e+00
1.981428180523269855e+00
1.876240526662585673e+00
1.920048717738711108e+00
1.888486448031081011e+00
1.702720054139545081e+00
1.965579453687499978e+00
2.625268954729962800e+00
1.649415664125799097e+00
2.600814632043830343e+00
1.962465540163875755e+00
2.184738249102328389e+00
2.329353872322135199e+00
2.177108968492283303e+00
1.417069095707823134e+00
1.432367838681710248e+00
1.871171577321052215e+00
1.867271103027718260e+00
2.660882598481032701e+00
1.567499165869715494e+00
1.541502152718373431e+00
2.709165106872257311e+00
2.654759599989772845e+00
2.444124368779083234e+00
2.000101321225614459e+00
1.196319879953695375e+00
2.070897757459555066e+00
2.070910378450292022e+00
2.390773184349285430e+00
1.663603640389155425e+00
2.442040468555008115e+00
2.049849000144980504e+00
1.384508938120826871e+00
1.463044308054103571e+00
2.709696632548371120e+00
2.554066267204191831e+00
2.235728992435737972e+00
1.939406388641733425e+00
2.746748790856793576e+00
2.200498721953802139e+00
1.571332139247970439e+00
2.423099565984852433e+00
1.686997449590699860e+00
2.343302049811633925e+00
2.029644170621257793e+00
1.828961655031692946e+00
1.772878559281421351e+00
2.780960743257376855e+00
2.185932997664352673e+00
1.640749326631712135e+00
1.437578752183312769e+00
2.445138458639840806e+00
1.476757419100333424e+00
2.342952931240784409e+00
1.403977317301011496e+00
2.298217964756680942e+00
1.552040351983172028e+00
1.565574357716694731e+00
1.857324213515850975e+00
2.171531129786737679e+00
2.159045582579778966e+00
2.388966205352075711e+00
2.099915652158656165e+00
1.151125922447422401e+00
1.518689452630145764e+00
2.157936962427769334e+00
1.858507325902866381e+00
1.359299399416884713e+00
