2.451761221342844799e+00
2.250030231585658846e+00
2.591285410279052570e+00
1.779154870452836157e+00
1.858160740074397577e+00
2.240170167519946354e+00
2.256582055312022383e+00
1.915707926481049483e+00
2.728413745958988557e+00
2.066781345112357560e+00
1.872629408369711257e+00
2.260110280237760616e+00
2.028639248338705237e+00
2.029044455273045777e+00
1.879749814806954022e+00
2.447206767201322464e+00
1.939331325714177323e+00
1.675080872648530672e+00
2.233992835441159563e+00
1.382950165325854686e+00
1.909975074417978647e+00
1.893868039502119016e+00
1.740005144949999583e+00
1.731903701202089252e+00
1.933863277605515574e+00
2.308200439976296536e+00
1.534176343092291450e+00
1.204983533398403361e+00
1.581964351744414854e+00
2.293198397226689611e+00
2.043179309998484072e+00
2.600019908459759055e+00
2.611143005033369047e+00
2.677352833486002837e+00
1.423988750228763145e+00
1.997421777861495551e+00
1.756075944001956213e+00
2.010333110925649258e+00
2.161100019975634723e+00
1.466139571664728303e+00
2.374981517803032460e+00
2.246151612133967745e+00
1.577738798527980713e+00
2.271461362583696353e+00
2.391602711573880047e+00
1.416727263905644296e+00
2.087726938989851622e+00
1.781362627881037719e+00
1.560100787529261179e+00
2.862120866378371709e+00
1.932457592676037450e+00
2.315993720887677743e+00
1.869696069100848401e+00
2.613706162490187168e+00
1.798653988404645521e+00
2.196501173712360533e+00
2.317891366711198220e+00
1.493711167690669139e+00
2.140901489081079134e+00
2.319595040554892407e+00
1.864707918964658706e+00
2.075141771908906918e+00
1.354248898964195646e+00
2.054672925932238492e+00
2.251618104116604790e+00
1.912151708616315782e+00
2.153413016387880852e+00
2.858742844219258394e+00
2.668362558422878728e+00
2.096920875106268678e+00
2.417553978057334518e+00
2.374626056799913343e+00
2.282165416661969815e+00
1.720356433288383169e+00
1.527053428876221419e+00
1.991175603011669182e+00
1.700909371382774982e+00
2.632963141214735181e+00
1.860150230745928113e+00
1.415636351590544351e+00
2.637649850299677468e+00
1.608493701526394482e+00
1.256091198733743752e+00
2.049894333421117931e+00
2.570973302641420766e+00
1.813575607312017723e+00
2.687462581012389329e+00
2.386776198760665046e+00
1.817283399819322298e+00
1.559525415841852780e+00
1.961838541368081668e+00
2.342224802029750030e+00
2.620650078507057668e+00
2.195256089878031780e+00
2.098196085591883531e+00
1.450330559676028086e+00
2.000375745050670950e+00
2.155767314995562955e+00
2.424721246951562215e+00
2.738587532220412513e+00
2.200552710118333088e+00
2.731457578050692447e+00
1.930821231186952591e+00
1.618358379226688015e+00
1.895539398331429926e+00
2.157355187551101228e+00
1.467079935455588569e+00
1.974922841111403926e+00
2.367459692748730582e+00
2.345762869426122776e+00
1.819757793165212245e+00
2.334001713042753501e+00
1.807265956105382987e+00
1.594663613860326290e+00
1.241532302106166830e+00
1.433409367086980524e+00
2.602014478735764857e+00
2.053664129203182753e+00
1.663057444206929247e+00
1.853362716174645097e+00
1.164287598858314343e+00
2.087623757863002361e+00
1.866305178589495295e+00
2.086385517128420020e+00
1.637898546910002473e+00
1.886112769493636598e+00
1.399571330712614525e+00
1.232520391032147833e+00
1.260991691284017557e+00
2.060931542876992317e+00
1.893279099290855028e+00
1.718678615885469663e+00
2.116385428779087530e+00
2.469131024430399890e+00
2.067458384180586251e+00
2.001442456967438499e+00
1.462222765064544516e+00
1.308760178007897679e+00
1.602248928407764783e+00
1.723876814834394811e+00
2.068285509331947214e+00
1.775828329290038088e+00
2.331412310620007755e+00
2.220222294134058139e+00
2.279307558860536709e+00
2.429801869042276685e+00
2.375338988651010119e+00
1.849746192732367511e+00
2.654537563896737673e+00
1.688514160770120620e+00
1.549739536643715887e+00
1.651608402630131867e+00
2.085721256115537159e+00
1.615548145687970560e+00
2.556191986557491802e+00
2.203309637148917144e+00
1.916159843047104072e+00
1.726067035757235857e+00
1.505866506193949128e+00
2.852327405684410788e+00
1.479767659049432638e+00
1.534914467821719475e+00
1.805308315174844136e+00
2.343243921802462104e+00
1.678590219407660733e+00
1.257257160549376973e+00
1.780624349472795798e+00
1.855706683046458139e+00
1.387120035552458663e+00
2.489839222991908407e+00
2.362683514969367238e+00
1.525621083969853409e+00
2.050192555327276622e+00
1.376298414864232766e+00
1.900715985894569915e+00
1.497293294879355363e+00
2.316615484442857920e+00
2.113505243848394777e+00
1.341213607615060699e+00
2.069369381921014384e+00
2.195899518650707982e+00
2.324261094584076481e+00
2.763171334560217574e+00
2.631424541559777452e+00
1.444146241065876968e+00
1.579404001355741105e+00
1.853984047611995090e+00
2.128579695482204492e+00
1.938632676202528327e+00
2.488120305204993166e+00
2.529143793514808447e+00
1.845493101854964735e+00
2.170935264053560410e+00
2.336187696393685176e+00
2.224598622214402965e+00
2.159153474080545365e+00
1.973738186773874581e+00
1.522599925697321943e+00
1.734841960297706098e+00
2.584153754352970012e+00
2.213693306492201973e+00
1.770091322558802194e+00
2.095416950659571675e+00
1.466508412846923903e+00
2.232861773472012423e+00
1.859668748728929177e+00
2.609665415431440927e+00
1.734736077268816512e+00
1.348570977747579391e+00
2.133013009697253715e+00
2.098877325546922634e+00
1.471000602146511405e+00
1.892210169102984896e+00
2.509146355770428549e+00
2.729046335752784991e+00
2.376886263646991182e+00
1.990819679994588531e+00
2.172120042198385725e+00
1.197121467236421211e+00
1.275402858113503513e+00
1.983733557933119895e+00
2.494763872168579422e+00
1.586151165063212964e+00
1.220107721346962437e+00
1.891306595023060533e+00
1.788942000547615763e+00
2.638560003871118553e+00
2.200618958236837841e+00
2.569977218947070430e+00
2.740152330559892935e+00
1.687886084256522867e+00
1.676133129146174294e+00
2.302055100842123281e+00
2.336146363847610097e+00
2.564055261377200523e+00
2.527329779960707512e+00
2.352808954827390941e+00
2.015834383828592369e+00
2.137242008596132781e+00
2.358701088565456683e+00
2.457050888323739191e+00
2.311717573491920419e+00
2.334415377242729406e+00
1.988708579446254010e+00
1.359391072602156525e+00
2.156822504748794334e+00
2.121217460706138702e+00
2.159201989465682647e+00
1.496258423895808320e+00
1.703989255450402140e+00
2.134467242119647334e+00
2.574624536960749221e+00
1.227820582901359758e+00
2.673098904702667422e+00
1.442865330293927828e+00
2.739614762514633206e+00
2.318920725904840996e+00
2.610316726507955210e+00
1.838363244038555333e+00
1.632495056941356992e+00
2.207875748676694005e+00
2.524785012530912809e+00
1.783852666703083845e+00
1.594289375060060854e+00
2.215510772226012559e+00
1.799759528857434843e+00
1.833479576796261279e+00
2.084401372077635095e+00
1.965211766565541751e+00
2.201077059079430853e+00
2.300553463031812740e+00
1.787951230645697720e+00
2.062089909719454273e+00
2.466852966804298219e+00
1.765612977649488879e+00
1.975293332022886483e+00
1.760776790302957862e+00
2.068454810597398996e+00
1.594510030029933745e+00
2.132824299308206939e+00
1.642090531392983666e+00
2.355220656222051900e+00
2.509386976142142345e+00
1.411244107985841767e+00
1.698383393220813664e+00
1.924261520396639558e+00
1.564788140417169071e+00
1.657323213994682298e+00
2.164488164665872461e+00
2.260688044414623565e+00
1.744177912541390763e+00
2.236327384512710736e+00
2.239232131875282583e+00
1.675951634321001249e+00
2.030097645319599131e+00
1.986895820710969707e+00
1.616444832160317979e+00
2.270242172287288085e+00
1.804313481393479357e+00
2.282495095761778447e+00
2.767717379406608558e+00
1.885689083565750046e+00
1.489597714378483317e+00
1.965823800655123854e+00
2.355277711973760013e+00
2.523235695818905278e+00
1.350137650048879312e+00
1.442503662036967116e+00
1.390395578506322227e+00
2.411399113731819810e+00
1.659635755886339714e+00
2.525963828364285568e+00
1.148221540419019915e+00
2.389340510990798805e+00
1.220947861368255838e+00
1.907869192404850089e+00
2.091516209411792726e+00
1.714881614714404368e+00
1.973143903923374465e+00
2.595130551977085975e+00
2.111476260152571172e+00
1.362433076289491174e+00
2.514656609390070852e+00
2.060434917171880542e+00
2.189584848275930362e+00
1.619701069318476572e+00
1.557290109703417302e+00
2.055284874619816016e+00
2.066382242110152312e+00
2.365463684088934038e+00
2.369995314010509446e+00
2.158283160700205983e+00
1.688331209071773698e+00
1.992464071090875422e+00
2.269545400266562929e+00
1.809505824420107434e+00
1.347206856266533581e+00
1.412826931699312061e+00
1.343363213602088102e+00
1.808772971684117881e+00
1.916874683916017119e+00
2.712724582965649667e+00
1.462003056619136654e+00
2.274453273448088453e+00
1.424341102530853220e+00
2.183332569093124675e+00
2.217637848580742421e+00
1.949465760293088934e+00
2.665111410416754811e+00
1.837283629597948442e+00
1.672569463389093514e+00
1.629568100040057033e+00
1.335191283581673716e+00
2.327665550244970127e+00
2.286796868574509034e+00
1.857508465990039603e+00
2.151866159221826003e+00
1.981079510258926479e+00
2.165251055579869188e+00
2.445698502944779307e+00
1.627744649889734108e+00
1.733198330290520284e+00
2.130078508542434967e+00
1.867219465463695993e+00
2.678893444661459178e+00
2.214369908095697781e+00
2.110902727383630939e+00
2.118321321177924155e+00
1.560943448676594958e+00
1.916958103503487720e+00
2.199644874947638939e+00
2.080548548176348156e+00
1.159633425226398451e+00
1.934550934296896951e+00
1.803815731823297241e+00
2.095947291596072404e+00
2.341583049851996279e+00
2.584579043507648333e+00
2.482207070702150187e+00
1.304122015599736395e+00
1.809837400754583214e+00
1.291462584241915401e+00
1.273229250198514739e+00
1.643141729153213992e+00
1.868428348249881576e+00
1.934365692477957310e+00
2.134924297668223225e+00
1.821512523754250656e+00
1.351674079214563173e+00
1.774200286085749312e+00
2.229394761200822472e+00
1.923617337627131052e+00
2.611329151657879599e+00
1.881905670284365062e+00
2.464718999644891717e+00
2.149556483366435344e+00
1.989718714112777009e+00
1.998268065709590591e+00
2.848748568044991103e+00
1.545624334508252762e+00
1.561996291265390635e+00
1.642755072785781589e+00
1.177247329511175167e+00
2.633093969148088576e+00
2.090792141854280750e+00
2.446772986395672866e+00
1.737099212763141498e+00
1.395385368192302522e+00
2.339154500039525075e+00
1.708321608194517616e+00
1.568081894580745761e+00
1.352122485308406841e+00
2.226526982348510764e+00
1.389692197650685523e+00
1.953632107895534542e+00
2.776052001295481908e+00
2.711949694679665512e+00
1.676368999030815488e+00
2.008318655161241750e+00
1.970704342279778754e+00
1.841214496251809107e+00
1.724604698291330784e+00
1.603968243310430530e+00
1.390181960856252008e+00
1.778021798770968775e+00
1.668839433525107552e+00
1.792303653995890977e+00
1.793636408521502634e+00
1.910293159497882254e+00
1.786269926933821806e+00
2.273949405958576975e+00
1.443454869869397861e+00
1.613823384827040464e+00
1.554329607926074885e+00
1.922940310594068336e+00
2.353676520370496128e+00
2.239838657777120545e+00
1.932335804204124319e+00
1.832886102815299623e+00
2.759948265448829652e+00
2.164370908588623799e+00
1.759235010197985005e+00
1.700742472333009569e+00
1.910460055661868051e+00
2.276484074608692953e+00
2.208766477733973943e+00
2.101309134075946883e+00
2.440490532660046341e+00
1.919054128301811435e+00
1.251275592476643661e+00
2.238517104475276298e+00
1.472079336892611945e+00
1.872156197608803696e+00
2.006659158966972445e+00
2.227982889247956066e+00
1.991341399470551776e+00
1.917113949580068644e+00
1.603198584225204115e+00
2.293087761923202628e+00
2.193904063534656057e+00
2.029865977074226446e+00
1.960664397792744040e+00
1.686302615388130866e+00
2.320970522522789903e+00
1.848882096169417455e+00
2.246301039751921635e+00
2.331581877192763663e+00
2.053212186788346383e+00
1.902549413636130504e+00
1.357829476254515111e+00
1.929469915640255273e+00
1.611752275601182394e+00
1.744700189081959563e+00
2.894077361577914509e+00
2.430038218757358592e+00
2.162688596607986291e+00
2.449866149468669541e+00
2.183381706274128309e+00
2.696117612973103483e+00
2.372741758816785840e+00
1.463075593898015336e+00
1.454062309153739019e+00
1.741822617531821660e+00
1.318776530160943317e+00
1.684960334962067208e+00
1.440949291947309696e+00
1.428176624874853529e+00
2.118363338980700838e+00
1.911757849336644277e+00
2.594948802967067536e+00
1.948286188297721822e+00
1.980774480043544283e+00
1.710792577635184220e+00
1.506910256789335989e+00
2.033509809157548531e+00
2.576832497692002732e+00
1.775030060096058460e+00
2.145528114621087390e+00
1.719021827455602835e+00
1.579655170474657533e+00
2.468293281752385049e+00
1.419079001755846781e+00
1.706446572286173691e+00
2.477954206130936754e+00
2.515215719345802459e+00
2.308450849355613066e+00
1.721651052809998639e+00
2.206262517782925592e+00
2.766096459987385181e+00
2.526155673620158026e+00
1.923638034664981067e+00
1.805378348063092719e+00
2.808971986440356616e+00
1.570797659645578381e+00
1.548708316748896863e+00
1.582510966098117589e+00
2.206967586878259002e+00
2.043574691768116125e+00
1.274646590500301269e+00
1.834905101212820355e+00
1.882355902780554091e+00
1.757478029856742507e+00
2.340362049269624656e+00
2.561797318185705663e+00
2.243809971399821634e+00
1.933732659789712205e+00
2.081192085661963453e+00
1.892111660246051930e+00
1.537553985163084391e+00
2.591109894340293263e+00
1.881150467500590118e+00
2.629736348595421713e+00
1.545153369602071614e+00
1.762556543159762512e+00
1.937736801889337057e+00
2.655631440530183518e+00
1.471526894547638742e+00
2.689661165444137580e+00
1.234722770592238339e+00
2.489208915702754599e+00
2.631949101203477692e+00
2.482101711369949282e+00
2.503152286142968919e+00
1.995343199796458800e+00
2.646919763028965367e+00
2.218753575402864442e+00
1.625210812055780885e+00
1.430012067220067573e+00
2.858435431594321674e+00
1.361660053897492784e+00
1.335502196993795243e+00
1.603981152216145123e+00
1.791686795869232629e+00
1.590501818471132811e+00
2.568179718681797841e+00
1.683880947871253975e+00
2.558017713463433207e+00
1.735219826821962519e+00
1.883405504707158062e+00
2.253529148651022940e+00
1.988646531512974658e+00
1.901222769574314242e+00
2.315632210403314239e+00
2.372984587022922476e+00
1.606793712456286993e+00
2.355222948358774104e+00
2.338959638750909953e+00
