1.379250488312488532e+00
2.710985646350100531e+00
1.513035285615338177e+00
2.601995635535664597e+00
1.585262277438934220e+00
2.000066322791057338e+00
2.468998294770639923e+00
2.049077854771527374e+00
1.500589179719437283e+00
1.313184306834983994e+00
2.368585109651738740e+00
2.376844022126205047e+00
1.283877835522238220e+00
2.428910770030025201e+00
1.304414523288443206e+00
2.396626440437220396e+00
1.305542848169408909e+00
1.976454691383261020e+00
1.409400165837209062e+00
1.806139733415379256e+00
2.020549353969129491e+00
1.732646654468139813e+00
1.811281244499384879e+00
2.405489179785001319e+00
1.717864273301318079e+00
1.809897350344340516e+00
1.464110848237167195e+00
2.414943195900699280e+00
2.321351024687875242e+00
1.385469399025318626e+00
1.986074997579639234e+00
2.270901698604679275e+00
1.691825639830007333e+00
1.716943633919086665e+00
2.294755703813145864e+00
2.544583351995385101e+00
1.832629547013072457e+00
2.151557857547573782e+00
1.974488631502370417e+00
2.474435251562990601e+00
1.932948523073425795e+00
2.029308972787461585e+00
2.019403832892995521e+00
1.542699709545786835e+00
2.198589322736803631e+00
1.459752782757163025e+00
2.124522359559716911e+00
1.410138972783530287e+00
2.600365673843652026e+00
2.533954930879598777e+00
2.187214712548602336e+00
1.736572696192478116e+00
1.546487433032055714e+00
1.278981201793124134e+00
1.905006328529439852e+00
1.695856944805218980e+00
2.488568278733946926e+00
1.434837819551783245e+00
2.550405583290313416e+00
2.660111186835915742e+00
2.486091690625323203e+00
1.312147745596475623e+00
2.556516324616324276e+00
1.755759366449187286e+00
2.131407092901318912e+00
1.306344987664227464e+00
2.214000485096275117e+00
2.198966976189659306e+00
2.650594156254314715e+00
2.544897665923352648e+00
1.886426932692202518e+00
1.712526668579006150e+00
2.169312170198399059e+00
2.923635639515256734e+00
2.029001508566766976e+00
1.680728737441669063e+00
1.868696985715073478e+00
1.211068765682508097e+00
2.161170376914314684e+00
2.238794947647146039e+00
2.385695789983128812e+00
2.557497477881081061e+00
2.316920984826737140e+00
2.675476471645534815e+00
2.221706340009335534e+00
1.346379885110850161e+00
1.830752388757181714e+00
1.412298714464669480e+00
2.640093015636465257e+00
1.681747773782336530e+00
1.932513006798640021e+00
2.184319844857550486e+00
1.767636956049623898e+00
2.416131501735410581e+00
2.115438330205186901e+00
2.330033462537596023e+00
1.404635420317577044e+00
2.069469088115567068e+00
1.619263078631505426e+00
2.930943762027460764e+00
2.513467196866050912e+00
1.828307689802617819e+00
2.120850819500160078e+00
1.864651798536820948e+00
2.236836195039632269e+00
1.969269294968729822e+00
1.943973684587627204e+00
1.490954009415578652e+00
2.466834787697947284e+00
1.660249983085758441e+00
2.397748231614651893e+00
1.808801329628396903e+00
1.761500129361843969e+00
1.344814120485356979e+00
1.418213694487936216e+00
1.148212663750851181e+00
1.712724655675149865e+00
1.530699540507090450e+00
1.581757298521464072e+00
2.533483345091876782e+00
1.396918547034653235e+00
1.777219525849959458e+00
2.815435035082670456e+00
2.803084565729174304e+00
2.358431114918906779e+00
2.311688012700756634e+00
1.333371209155180814e+00
2.415122106813590186e+00
1.816137026787291830e+00
1.632492804195775360e+00
1.724660421333360727e+00
2.811207614925894660e+00
1.698495047618638232e+00
2.799920290885393293e+00
1.547194914687714196e+00
1.635183087499867405e+00
1.866011688400039947e+00
1.474738833767422985e+00
1.689556050374009466e+00
1.728887367517199181e+00
1.853727419287081624e+00
1.522294897340745967e+00
1.589231057897120714e+00
1.861875165565457291e+00
2.068963779728786534e+00
2.408270030500272441e+00
2.054018947852481958e+00
1.571240440467355004e+00
1.832387897677218991e+00
1.811474676880133083e+00
1.835914861146611621e+00
1.693570448065632839e+00
2.291301238871790602e+00
1.628522027431635877e+00
2.141988117779979994e+00
1.906183181294021534e+00
2.102962475926666741e+00
2.523916615976989242e+00
1.410430623782026771e+00
2.283235612798113934e+00
1.976650887405057233e+00
1.944580596560418373e+00
2.703868171950587040e+00
1.899635809659230290e+00
1.498176572003861784e+00
2.016309376229007189e+00
2.732433979930947832e+00
2.108454785583381508e+00
2.112215074989135744e+00
2.424395334245963873e+00
2.420672032380535299e+00
2.438374335594707176e+00
2.067788866221680788e+00
1.468895158568570558e+00
2.174880271090516182e+00
1.909451688090327615e+00
1.805964133670064475e+00
2.387412642397602536e+00
2.077557492471356682e+00
2.791833794916156908e+00
2.226110233438733488e+00
2.222352108940837567e+00
2.511290644940477712e+00
1.598578346571116526e+00
2.040897902924826646e+00
2.397523542461851953e+00
1.541105993898560289e+00
2.525502216755486806e+00
1.891117354449913357e+00
1.961690002258507537e+00
2.608621452017099163e+00
1.782621376019616788e+00
2.319655779287404407e+00
1.517186315074600778e+00
1.767812881508975753e+00
2.075173584547015615e+00
1.526992833268848049e+00
2.373280382364199248e+00
2.371187592194037741e+00
2.258714956912494465e+00
1.878727722794187205e+00
1.988364249108786730e+00
2.643892506479662785e+00
1.121233099626824936e+00
2.162039472981152954e+00
2.192409919658536488e+00
1.713627011223473939e+00
2.528948736073805659e+00
2.222541509519227354e+00
2.342533931543048453e+00
1.845372079586828917e+00
1.502687709044724595e+00
1.697439311731175682e+00
1.766261462720076558e+00
1.873100280291886799e+00
2.739402388597701243e+00
2.219824973764987774e+00
2.016043188277426346e+00
2.080132080411480455e+00
2.349110926319106341e+00
1.991891837718925862e+00
2.561475681490690715e+00
2.192689908496847195e+00
1.727768469527883433e+00
1.675400866326661076e+00
2.238003833605765713e+00
1.733969083003097600e+00
2.375471864376104136e+00
2.508130351991529672e+00
1.921789720772142163e+00
1.913426847611560344e+00
2.494405445420258438e+00
1.291352245566512291e+00
1.763407242784230888e+00
1.827117912840329428e+00
1.577132682822745213e+00
2.608290772843041339e+00
2.845920872516926714e+00
1.775992304325552551e+00
2.546127085179691107e+00
2.791399190407791941e+00
1.557291207545463241e+00
2.529988954437453863e+00
2.742723540324350395e+00
1.316942303001341852e+00
1.939535686373579981e+00
1.556847703942534578e+00
2.039862680950948359e+00
1.464513898721400587e+00
2.318565829066124628e+00
2.031347258970469305e+00
2.283551413897559890e+00
2.028655742582390786e+00
2.329756929204336302e+00
2.064241189808640797e+00
2.417918317227005343e+00
2.411673583656947173e+00
1.843853533908571540e+00
1.400358258833986458e+00
2.358464859256592216e+00
1.534198267214520683e+00
1.420978042860985502e+00
1.963722148343777452e+00
1.763102896787572593e+00
2.599105459342910152e+00
2.749466343584814343e+00
1.524024582283163287e+00
2.477427618409405952e+00
1.822121060754624988e+00
2.188146160889633762e+00
2.894403188575590313e+00
1.937221879489043896e+00
1.917876836539590402e+00
2.356341055504688420e+00
1.317444444655816893e+00
1.411316113097284664e+00
1.693019015546876727e+00
2.773157301109638873e+00
2.548849234705327760e+00
2.246264287614990085e+00
2.638367124580028644e+00
2.719347283705488394e+00
2.281210680720936246e+00
1.439088388839216970e+00
2.275842854712308405e+00
2.613144996562189792e+00
1.985420980588212370e+00
2.228887515636132743e+00
2.129642404265566391e+00
1.938788237008104431e+00
1.808781981448369658e+00
1.586032361393372003e+00
2.096925829049243628e+00
1.901074775058899657e+00
1.950611120925874520e+00
2.210405529994593721e+00
1.712659928771070206e+00
1.997946571893122636e+00
1.593644954047405804e+00
1.339116086892036872e+00
1.489535943935921924e+00
2.089463924532511285e+00
1.406683865128222077e+00
2.197561982147355319e+00
2.788543736078266555e+00
1.803480787696934762e+00
2.668859312757339897e+00
1.554518317346001988e+00
2.545721629165297095e+00
1.984449296511612726e+00
1.722479834336742233e+00
1.254747362930991761e+00
1.603024860622524805e+00
2.015196380181697222e+00
1.822498012763552833e+00
2.050701588729890723e+00
1.597068766023058028e+00
2.316195981104611779e+00
2.600182006006500846e+00
2.532528316593753104e+00
1.707765833331566618e+00
1.487985683042268192e+00
1.153000759852532475e+00
1.818483947966909486e+00
2.176467466147410157e+00
2.472999491742621458e+00
1.992019343427769762e+00
2.488524451353495870e+00
1.979033380237840811e+00
2.334029910566836286e+00
1.698908036028062396e+00
1.833219952566643940e+00
1.643820958414877742e+00
1.231278986814108967e+00
1.755371331191453166e+00
1.517212589646764753e+00
2.169079037982912794e+00
1.393710174713680860e+00
2.080558932339009459e+00
1.450083623730071825e+00
1.677255366400213443e+00
1.640278848750437612e+00
2.286054289939109196e+00
2.653801773640259487e+00
1.945090483281061378e+00
1.906669705698913475e+00
2.118167027364290078e+00
1.660564892420661742e+00
2.059875027102737732e+00
1.388328650036713352e+00
2.117738533746185592e+00
1.854917577417794172e+00
1.620492832603544375e+00
2.182989654630069776e+00
2.658367368744618098e+00
1.356272186607158980e+00
1.243244408774188736e+00
1.685724964818270166e+00
1.974316239497135417e+00
2.791975660727274544e+00
1.712386879472040713e+00
2.147774411668161854e+00
2.282096455472393259e+00
2.185427725311642533e+00
1.510880276229633612e+00
1.340396763215592646e+00
1.889498158116756699e+00
1.822199599154313621e+00
1.335220699986356063e+00
1.440578076134396257e+00
2.262059686306519879e+00
2.324070312209746803e+00
2.439655815494819358e+00
2.652765706166296589e+00
1.964328477221122249e+00
2.552287611024205205e+00
1.395079922102768100e+00
1.561594828896348375e+00
2.287905840279700787e+00
2.589620473412817425e+00
2.389818121574780907e+00
2.180021646108023070e+00
1.452531678106858237e+00
1.399065616736362871e+00
1.820593999135402319e+00
2.508683627155457785e+00
1.550105590255845378e+00
1.830924653101195565e+00
1.421855148365827493e+00
1.874809351892947396e+00
2.474131331348425888e+00
2.358591974054855989e+00
1.692088757098764162e+00
2.504334343470407731e+00
2.639116882865688130e+00
1.403329036216448111e+00
2.494224358257162155e+00
2.558186271753002394e+00
1.427599913280948041e+00
1.930068964058791803e+00
1.934388927072247855e+00
2.651974335179759557e+00
1.770724624325527463e+00
2.306458477823713604e+00
2.241862231227312208e+00
2.056041903831542506e+00
1.256257762875765849e+00
2.114512661229785095e+00
1.854365100635589236e+00
2.290882169613304598e+00
2.498155255514342254e+00
2.797556046282173359e+00
1.606264643963964067e+00
1.977947374799037039e+00
1.972373753537328911e+00
1.683985320602344515e+00
2.406583117079064138e+00
1.207320656433882977e+00
2.658486805121524910e+00
2.377303749653893128e+00
1.910022244639388855e+00
1.973476146478800652e+00
1.933639906923722007e+00
2.307824036920934851e+00
1.615937092261918728e+00
2.268064212530892299e+00
1.856106695199350343e+00
2.154696019060158285e+00
1.834309568308586602e+00
1.730543169744235499e+00
2.382942373766766320e+00
2.304946174668139669e+00
2.137050049523983475e+00
1.580120349398009605e+00
1.268841752317782845e+00
1.593174850443571211e+00
1.437047124537594200e+00
1.904422884093069479e+00
2.786430398494924354e+00
2.653857153532386715e+00
2.522740342339641284e+00
1.349714896495109562e+00
1.955097739468941498e+00
2.083455902011994709e+00
1.328861941401354052e+00
1.820582618320138124e+00
1.468130190827170001e+00
2.031833126354531061e+00
2.544156908906479053e+00
2.034885887973518770e+00
2.624068902488270627e+00
2.181216448475504777e+00
1.984152701879718705e+00
1.180018648756394173e+00
1.249349393489603610e+00
2.323841653276118802e+00
1.984940051535295069e+00
2.534561798654821452e+00
1.578996143793762075e+00
2.261082180242471651e+00
1.879377228418037671e+00
2.029394325298478297e+00
2.903216406445476849e+00
1.725084180177398618e+00
2.477102649834199255e+00
2.177639324267732768e+00
1.833222331125957005e+00
2.016235849772359146e+00
1.412748342732351059e+00
1.654750149383330537e+00
2.539961075100041654e+00
2.111635444780301629e+00
1.491066164735204591e+00
1.895789717941464003e+00
1.592496235409860184e+00
1.167673676940849115e+00
2.542232104765807854e+00
1.763567669810371497e+00
1.792577473783956821e+00
2.384778077582819122e+00
2.309790133013041036e+00
1.890819737575792470e+00
2.625797304000540677e+00
1.427315226747981169e+00
2.585791636001528282e+00
2.180126917161617328e+00
1.807854705812138585e+00
2.630345269184019230e+00
2.443342077700735526e+00
2.237668846929333100e+00
1.430336983069519396e+00
2.192815143912651088e+00
2.010739782493430994e+00
1.739378496573771749e+00
2.027559610976963800e+00
1.555825471971716834e+00
1.806048183359064918e+00
1.871260580627628123e+00
2.467854222690532673e+00
2.513380717380423235e+00
2.754456839137314095e+00
2.505754214309199313e+00
2.561534365408590919e+00
2.510367110272470725e+00
2.543833614386675102e+00
2.824075925887334471e+00
1.267307944905021300e+00
2.466271475483262421e+00
2.279301443040370856e+00
2.680640171918037495e+00
1.966730424888508466e+00
2.843525884267703141e+00
2.329680331957372452e+00
2.297667595447350664e+00
2.036896585774316648e+00
1.893719247566546082e+00
2.270942815045528196e+00
1.965242124758734388e+00
2.703767300934191820e+00
2.586069779912942401e+00
1.553259244924756199e+00
2.254081534677243592e+00
1.890808500289329785e+00
1.597308994204608368e+00
2.659481344259140734e+00
2.317775684712620965e+00
1.650322519576914670e+00
2.562554166989730042e+00
1.768779149914126325e+00
1.890734088029440541e+00
2.367145888770900708e+00
2.089241228122129090e+00
2.272119953110343538e+00
2.450823225506586933e+00
1.604916487324922425e+00
2.431893010356786178e+00
2.235789609055052196e+00
2.041795926725127330e+00
2.631984884218963927e+00
2.642914069120454901e+00
1.654315423276816244e+00
2.830686045165597076e+00
1.298305521258320328e+00
2.058517470897855972e+00
1.529586443112948224e+00
2.414951374876845414e+00
2.456875651036067421e+00
2.283084652634418177e+00
2.017292725284262289e+00
2.353988077346919727e+00
1.960376330134660616e+00
1.317429853730686551e+00
1.929991311591338743e+00
1.546627076637627773e+00
2.494051724210651244e+00
2.446612605305018118e+00
1.614789863754024335e+00
2.464339010868203061e+00
2.099227119253983531e+00
2.178840512349078828e+00
1.794673503546783344e+00
2.434914220834752729e+00
1.544634928686292152e+00
1.287432777850749499e+00
1.477037895879571128e+00
2.162031005142385887e+00
1.658724867163255956e+00
