2.644901619990750685e+00
2.524324913122001579e+00
1.860546024271138243e+00
1.294413659739314326e+00
1.222073747583598546e+00
2.295400923870778875e+00
2.691829012098467810e+00
2.335296424848668284e+00
1.855059311955837842e+00
1.612129874818992503e+00
2.612010810000548133e+00
2.169130797836279712e+00
1.764791126399003929e+00
1.803477146079683902e+00
1.475133197885353020e+00
1.592442921392126953e+00
1.792570549880586395e+00
2.320129502576205649e+00
1.826519403249124984e+00
2.420477796970929241e+00
1.663596195530172128e+00
2.105818512775441853e+00
2.668579941293922619e+00
1.386667652503899451e+00
2.029475792431973069e+00
1.724828974978497076e+00
1.736462178845270987e+00
1.966965593269187185e+00
2.349859989994811382e+00
1.523330880972479928e+00
1.635746818325255703e+00
1.910852407708836465e+00
2.112595651651170137e+00
1.788872991214653707e+00
2.842580659518894493e+00
2.160903836168313497e+00
1.926860525081400599e+00
2.217964320590736449e+00
2.205677976157720543e+00
2.213294828937815595e+00
1.785876957906204376e+00
2.032182094953387086e+00
1.183590349161700583e+00
1.501466264158397124e+00
1.691702063834451764e+00
1.400534706516433081e+00
2.453076639582384644e+00
2.490969504007084723e+00
2.417075076310252868e+00
1.515145232846932144e+00
2.945579812455378921e+00
1.775828860236804418e+00
2.214198850518385164e+00
1.953435191677069138e+00
2.637437833148019273e+00
2.035728900637252536e+00
2.386671964599650586e+00
1.707422389367655668e+00
2.097495577413804213e+00
2.677915536261717300e+00
2.354318786192467705e+00
2.531134586084613503e+00
2.161213299170613222e+00
1.646291832589876325e+00
2.152737517749706342e+00
2.224862774442034841e+00
2.235570892977949420e+00
1.566141282234386090e+00
1.476924813038756223e+00
2.088933775198964504e+00
2.543863071310006774e+00
1.480466293231875952e+00
2.219327315065202200e+00
2.593002558958375836e+00
1.654283941207798092e+00
2.114700349844041760e+00
1.501594224314673376e+00
2.293243847689933723e+00
2.044910793606510069e+00
1.656475763773374243e+00
1.940747069620305076e+00
1.607810314757077030e+00
1.730298303584212771e+00
2.247619051558513270e+00
1.505837533061620492e+00
1.718908596509956865e+00
1.642990788922071399e+00
1.280805286490595440e+00
2.098737473462851000e+00
2.843159546934258763e+00
2.242183439115829735e+00
2.382156536487265441e+00
2.294287683655719334e+00
2.713908300071529389e+00
1.658204008248846506e+00
1.784988809028046353e+00
2.549579339823072388e+00
2.234733719497267845e+00
2.215096310261916557e+00
2.236731762140100166e+00
1.617339273985892500e+00
1.954912904084849856e+00
1.499071847645475852e+00
1.395112040399146380e+00
2.137768089776433733e+00
2.166256505461769510e+00
2.101056441024485189e+00
1.952201974410390228e+00
2.628898393713388959e+00
1.915759016619550614e+00
1.457137721259918361e+00
2.210811062091652790e+00
1.354818524354863385e+00
1.671995936791125459e+00
1.499936353628891217e+00
2.638870176033598192e+00
1.761139415515539763e+00
2.629617793302179152e+00
2.296547409724303712e+00
1.879442736923275348e+00
2.024491071957772448e+00
1.681029904893443838e+00
1.787221234995568286e+00
2.052972479826779661e+00
2.444332764712513040e+00
1.679619899122533067e+00
2.846067108667396539e+00
2.623179801026815916e+00
1.889921259029063716e+00
2.425876101021021913e+00
2.384480859662418517e+00
1.819686603514889978e+00
2.646360293867227931e+00
1.747523767966479680e+00
1.693198105154076760e+00
1.898010351512158911e+00
2.664936203559047367e+00
2.107689487087968327e+00
1.961246127669969308e+00
2.073451759620482893e+00
2.069049947086652352e+00
1.450054142613528496e+00
2.083350943668387689e+00
2.376201562401833112e+00
1.873344721410590052e+00
2.278295897793697122e+00
1.448275767988179474e+00
2.588683204510505487e+00
2.052603723280030046e+00
1.612040463021763070e+00
1.861344887899630152e+00
1.599323875256100980e+00
1.225188008438437670e+00
1.885355678621729147e+00
2.620163686297016348e+00
2.024125311731277854e+00
2.175568348468769564e+00
1.976816322968974582e+00
2.012946134622715988e+00
2.558972329348454533e+00
1.590054148193562611e+00
1.467366125669820276e+00
1.758645791907807787e+00
2.439269479654805117e+00
1.996762832748026018e+00
2.004328955634911757e+00
1.134752217343988345e+00
2.113707375983658210e+00
1.677997008477196239e+00
2.222127955302429569e+00
2.296457484852568953e+00
2.603822866761619004e+00
1.750099010000244704e+00
2.476524121515790711e+00
2.286486319543785228e+00
1.800376616055148427e+00
1.748717531368966016e+00
1.837857974786988091e+00
1.722059136143943681e+00
2.208684818914867787e+00
1.506421940947884952e+00
1.897359339927110700e+00
1.695654101100269484e+00
1.848750364802200785e+00
2.334826452931042517e+00
1.326443838797159547e+00
1.964148462023497466e+00
1.914640081297051433e+00
2.210689083197738825e+00
2.585040259313574840e+00
2.441277323463670434e+00
1.873396225906946100e+00
1.990675866822217976e+00
2.632939998479116639e+00
2.106393106574471652e+00
1.311487834511460893e+00
1.932502186310777192e+00
2.350996174934652849e+00
2.138339524680314518e+00
2.551053159992239028e+00
2.085669873731414103e+00
1.799616863557372604e+00
2.253379252843417113e+00
2.697818789887826973e+00
2.375964738708487900e+00
2.252290101217123919e+00
1.485628913619400526e+00
1.773996412511855914e+00
2.133562037096940145e+00
2.005163790100660925e+00
1.836207090722015822e+00
1.916550850902297487e+00
2.035098515997319168e+00
1.997450065905960859e+00
2.200325775626635227e+00
2.579240572081759719e+00
1.981142219416726080e+00
1.870819604107480050e+00
2.625191601031223065e+00
1.465854564381073644e+00
1.959184670445246468e+00
1.773834004676801079e+00
1.465213917557785406e+00
1.244559613245993734e+00
2.672799952045057381e+00
2.024407847559261064e+00
1.971283557925925800e+00
2.100047333371710678e+00
1.441468829105047256e+00
2.008245326550700760e+00
1.860904966687821460e+00
1.725556642860551992e+00
1.636176518766419896e+00
2.764095572584426730e+00
1.244865522950239445e+00
2.019024876881646779e+00
2.667165484189792934e+00
2.103030064708867108e+00
2.205165365760787921e+00
2.613602825969817189e+00
1.640220080971469319e+00
2.815409711490222122e+00
2.122453458828621020e+00
1.892461409070928191e+00
2.314234976748273276e+00
2.707411707153428715e+00
1.909318134069309281e+00
2.166918041498057335e+00
1.523058808934740771e+00
1.982771315444320726e+00
1.632768799306454577e+00
1.864770201201310762e+00
2.320640589177087598e+00
2.271379216537445345e+00
1.702274231854368658e+00
1.696254757346253861e+00
1.447863702002330832e+00
2.695998825940995935e+00
2.065319289727106877e+00
1.178700781636749628e+00
1.930865777272318784e+00
1.617373751623286671e+00
2.098451671390575868e+00
2.534729273584007903e+00
2.453351962162527045e+00
1.757721291506829431e+00
1.853380306448990655e+00
1.865423669330905421e+00
1.899892768607899018e+00
1.479317333794387679e+00
1.839338122033696621e+00
2.272263828045414158e+00
1.544277957437249160e+00
2.810788619112286835e+00
1.813969489440545146e+00
1.557977309484307682e+00
2.788260887368119167e+00
2.070183737802119950e+00
1.745842380682144590e+00
1.970434815627506220e+00
1.886159561652256844e+00
2.313004866954628369e+00
2.315741893576501731e+00
1.711260714384649884e+00
2.035764144402698150e+00
1.764149695964349229e+00
2.472756639613993279e+00
2.243087530863505652e+00
1.119143814965919637e+00
2.047805967966160878e+00
1.687631830322265714e+00
1.694440140524450911e+00
1.519595937815786169e+00
2.314662102272689648e+00
2.668333710253455671e+00
1.839686512641191873e+00
1.892884451601875462e+00
2.076832395175031820e+00
1.965770212568321851e+00
1.998072769994085673e+00
1.568664220518993346e+00
2.326665040188540257e+00
2.307215173154007815e+00
2.434805747365441420e+00
1.543872805023511319e+00
2.749587145188227666e+00
1.442656066004853521e+00
2.281093089961864884e+00
1.751690082280938032e+00
1.271572650724707820e+00
2.136530547825596038e+00
2.132385369478134951e+00
1.311735676885583013e+00
1.647133323344480704e+00
1.849012307561187507e+00
1.804365807005313904e+00
2.505779837538403054e+00
2.243676595752829073e+00
1.857600557270829400e+00
2.183356779024356431e+00
2.124016836417646381e+00
1.749788448204309121e+00
1.706865567510960080e+00
2.204002093132024775e+00
2.488226996512097777e+00
1.792811415215094906e+00
1.140257929925878599e+00
2.080160770650617330e+00
2.385728063733946414e+00
1.903687748614835584e+00
1.227001818063547800e+00
1.554500903147669755e+00
2.239428681012082478e+00
2.613788737036794707e+00
1.546383734858526093e+00
1.424416234354786592e+00
1.458945165464755611e+00
2.370739426891310675e+00
2.184833662664673604e+00
1.095347514167261282e+00
1.288181181704968647e+00
1.296219490400306373e+00
1.818991943602951356e+00
2.036080068238871110e+00
2.440739207166177760e+00
1.668326087026624105e+00
2.699347199234743755e+00
2.100988817574634737e+00
2.687875780475084575e+00
2.359451380749565175e+00
1.916246285509267899e+00
1.567472658633447313e+00
1.528052509812247939e+00
1.477678216227702457e+00
1.960001298726565144e+00
1.793070294955579236e+00
1.592808742803562883e+00
1.855560097091883520e+00
1.896984216063556605e+00
2.395329530514823446e+00
1.187542641595071391e+00
1.320155595479925559e+00
1.922536598855760559e+00
1.877706710131700873e+00
1.868823525375395533e+00
2.189544398733192843e+00
2.404915184909831805e+00
1.807778551904956288e+00
2.462894617927025021e+00
1.440373219382693026e+00
2.542374824787457133e+00
1.750411811536150442e+00
1.908473741464721485e+00
1.659549392483844699e+00
1.771260593930648497e+00
1.550374392344507690e+00
1.590791075058069381e+00
2.043844653959734359e+00
2.048690536259778927e+00
2.486419144055451724e+00
2.162623140993564341e+00
2.517694774753431730e+00
2.020659700855122587e+00
1.986088478216827991e+00
2.391419726402962631e+00
1.339919776816699493e+00
2.530812033030650277e+00
1.636656118347291855e+00
2.293509405805616019e+00
1.433374827262925644e+00
2.575130080957204637e+00
2.388511006342530330e+00
1.304631806597393862e+00
2.240139870781558074e+00
1.901585260279969436e+00
1.784346238335245527e+00
2.136222526147897760e+00
2.037881061939219585e+00
1.533928352996731803e+00
1.535664485702858517e+00
2.225400052606438361e+00
1.283504350004502026e+00
1.525193566079760865e+00
2.340718125266404215e+00
1.650768831973291828e+00
1.926911985820332074e+00
1.359809017693385247e+00
2.704214681249737851e+00
1.754865405444212767e+00
1.359871317202991703e+00
2.022475390947156892e+00
2.082359693959573210e+00
2.071014288433469908e+00
1.374629754304252494e+00
2.041282082006726561e+00
1.288279404468209544e+00
1.770620176242121868e+00
1.701728588688456556e+00
1.902964249983911227e+00
2.035499852411776001e+00
2.560572358571024942e+00
2.236059775115120551e+00
1.936936012028352749e+00
1.697416098316678390e+00
1.643159367730863352e+00
2.408308368940793365e+00
1.824167772033788992e+00
2.092465314341690252e+00
1.411481198115512870e+00
1.602667038142690847e+00
1.704098299541573436e+00
1.673393359893564192e+00
2.715208313473936208e+00
2.442804582961355386e+00
1.501232905002487739e+00
2.115796554813919261e+00
2.147896450280009972e+00
2.219121925352008695e+00
1.426223958425676397e+00
1.952326083380472088e+00
1.624043221672946569e+00
2.499700186055150652e+00
1.488747465059706565e+00
2.119592717883001853e+00
2.356289314025700854e+00
1.680386086372438248e+00
1.959477476142880814e+00
2.021190836925024659e+00
2.146063018343963957e+00
2.320675537907184172e+00
1.409770726974662436e+00
2.178452332771463773e+00
1.730086867693563013e+00
1.839040453458331559e+00
2.633462071020709061e+00
1.967940840855293860e+00
2.133295442182268964e+00
1.552174288539839075e+00
1.838837186208459817e+00
1.823497816138384575e+00
1.784666012182122063e+00
2.390383133562184348e+00
1.868937807442140109e+00
1.741096640209793156e+00
2.550980620471102966e+00
2.319464346356177487e+00
1.650707916107549522e+00
2.004203947876042946e+00
2.584446260332212475e+00
1.418343563256306616e+00
1.785410062167491763e+00
2.292484788568492249e+00
1.802827521795560717e+00
2.376453996236099098e+00
1.426193391927773391e+00
1.982191757849324443e+00
1.320049166501596316e+00
2.759331650468482611e+00
1.779457333568771782e+00
2.583383809393202224e+00
1.843774566104697143e+00
2.309437015958554440e+00
1.540973203407206338e+00
2.375369880214441398e+00
1.972769631938617874e+00
2.244274158310792355e+00
2.175936994083589759e+00
1.579289330758125942e+00
2.364969438086497178e+00
2.314527490350632544e+00
2.075728991625359399e+00
1.572737196409513150e+00
2.423730581861932354e+00
2.221551467439335958e+00
1.646474378403841143e+00
1.918060135067927163e+00
1.864990821377126462e+00
1.382849714175843570e+00
1.895575821553705520e+00
1.332209432499577462e+00
2.631074467887346113e+00
1.215931842428548126e+00
1.964506042372261785e+00
1.633822571049293515e+00
1.340770932692702866e+00
1.631618040041634465e+00
2.113574463848687301e+00
2.076283849570946138e+00
2.159197630995276729e+00
2.105214243891331272e+00
2.764957303586320858e+00
2.188338871492412796e+00
1.406326929380866231e+00
2.423352903841244910e+00
2.219759367777735193e+00
1.882407798009745337e+00
2.359722409687641242e+00
2.394108318219653420e+00
1.260996175178413337e+00
2.057572701261955572e+00
1.977179272001490240e+00
1.655283594693027105e+00
1.925375002138361324e+00
2.544409304343704825e+00
2.262977609639049259e+00
1.549664642616525256e+00
1.711743752566089238e+00
2.218754872491020436e+00
2.559432509209325968e+00
2.217818480645290968e+00
1.278640540490586064e+00
2.360035523588557282e+00
1.454424087636664975e+00
2.453220105743077362e+00
1.873228858654720108e+00
1.860339885084773215e+00
2.317899586687364621e+00
1.553836952370516666e+00
1.657988788747847941e+00
1.710075673622709402e+00
2.178855651248690073e+00
1.171007447198036511e+00
1.511467368344438400e+00
1.672721281599254484e+00
1.978355140742253271e+00
2.234975063823515740e+00
2.642713922235003565e+00
2.305615041765256557e+00
2.267086011435554660e+00
2.244583655271909173e+00
2.376403288409501435e+00
1.923071609117950942e+00
1.724693617996877260e+00
2.286243926324134534e+00
1.959609148590401695e+00
1.385829576307358479e+00
1.445800116701740912e+00
2.181873245020118368e+00
2.311691380402341345e+00
1.477942530950576927e+00
1.746232135541084807e+00
2.067573005522408636e+00
2.604973130078406029e+00
1.510842267088442714e+00
2.058845036730469147e+00
2.721139459966126939e+00
1.885881149400344015e+00
