2.278534038816875551e+00
2.294564092565294366e+00
1.276900934416376643e+00
2.154567792739626952e+00
2.673701284159441194e+00
1.754176854344748016e+00
1.902586254047748948e+00
2.226450881355318767e+00
1.634997867970949148e+00
2.079938505699363560e+00
1.264371194522984965e+00
2.260512763869264141e+00
2.460040516061087423e+00
2.442887678582217781e+00
2.015178604301323784e+00
1.960807060681949876e+00
2.417677925413337370e+00
1.880370596908813585e+00
2.679450091162278724e+00
1.299764740372433725e+00
2.718762057289684009e+00
2.321523621074115695e+00
1.838880838716355992e+00
2.470845443869023939e+00
1.740394186271975840e+00
1.937867500227520967e+00
1.553845622645485314e+00
1.933964267712048546e+00
1.993028724833818099e+00
2.207644123894230148e+00
2.301308504000624922e+00
2.118501209662478679e+00
1.238801503135856796e+00
2.593600631521391531e+00
2.377131287208437804e+00
1.734020117434135422e+00
2.479161072750834194e+00
1.726390875541928160e+00
1.886971356287088675e+00
2.340467252822647115e+00
1.159861930695787358e+00
2.536376684029901352e+00
2.105958540302486526e+00
2.542767833222098872e+00
1.426158212291539940e+00
1.411791888025273334e+00
1.941973322582301043e+00
2.325241823438580546e+00
1.952953700283021066e+00
2.223679955306670397e+00
2.518883242707439685e+00
1.499853512841675229e+00
2.176899808399146430e+00
1.310781766213055199e+00
2.682490882146146394e+00
1.997565182414176466e+00
1.454140602699894869e+00
2.277160634452751964e+00
1.731849073766309033e+00
2.448071354067263172e+00
1.438123019019533100e+00
1.641051746098173059e+00
1.934732201620862568e+00
1.635925061310252060e+00
2.179561736589723964e+00
1.661600429559025205e+00
1.438935910144199193e+00
1.928170344866441566e+00
2.530627791313176278e+00
1.382217415119714854e+00
1.446130063890573858e+00
1.630782854005573546e+00
1.935351645192742165e+00
2.236263868037645430e+00
1.482530756059216026e+00
2.321305298710583109e+00
1.949596297909092169e+00
1.979663096756259622e+00
1.981922075311418396e+00
1.993138304266851790e+00
2.131428970175767379e+00
2.524701230156757070e+00
2.545478250859317892e+00
2.835656681330936735e+00
1.838047434931203039e+00
2.522517508316906465e+00
2.021605704305149409e+00
2.280548716328364645e+00
2.760357521726082730e+00
1.725682755854836437e+00
1.871435587706990367e+00
2.409360654508837740e+00
1.846841279228617516e+00
1.875299646282088561e+00
1.860392617418302752e+00
2.247003136496301678e+00
2.058275143966890042e+00
1.901604488886373234e+00
1.448583228534016776e+00
2.572446247074590353e+00
2.780083023656899410e+00
2.527408141072069903e+00
2.471087242534092177e+00
2.051323694451309798e+00
1.822363008121557604e+00
1.661615529959561188e+00
2.341151839449489458e+00
2.340199894329253461e+00
1.701223707066583213e+00
2.382939946797078434e+00
2.325157370765930764e+00
2.381735211271887920e+00
2.411996382911370862e+00
1.474740705092476345e+00
2.374999307974952956e+00
1.950497043889378501e+00
1.989417256890743779e+00
2.011740798965191424e+00
2.485346525377376103e+00
2.381940555779549662e+00
2.387297744328304994e+00
1.751954842507332799e+00
1.963286350436804550e+00
1.636296224089913931e+00
1.910531978925446017e+00
2.266074999172740689e+00
2.435373241128465871e+00
2.440925692806188430e+00
2.416812719939773313e+00
2.728899069091320406e+00
1.981335421126838803e+00
2.321282402482217400e+00
2.615710516458608303e+00
2.155547937618139454e+00
2.010237284572535810e+00
2.046835064774307433e+00
1.588616960056172589e+00
1.470732396441978951e+00
2.304966756980895148e+00
2.283521362971939528e+00
2.297862396822638154e+00
1.496027991623689379e+00
2.006403335210110939e+00
1.857650122429313599e+00
1.713976548985585602e+00
1.750872407442918277e+00
1.240460260390885194e+00
2.116783590641306834e+00
2.207306632140108693e+00
1.868652480278673700e+00
2.627296772702542249e+00
1.708414538480362843e+00
2.060743216757032759e+00
2.623893742151372166e+00
2.175482831566831976e+00
1.264256687251566369e+00
1.711723538479791085e+00
1.092518355449687562e+00
1.435812437916746065e+00
2.932428693612705750e+00
1.835897291736024561e+00
1.454412773111657398e+00
1.615038175831285283e+00
2.454424880068129866e+00
2.393787011155023237e+00
1.752840814290628657e+00
2.058021169400897854e+00
2.203426667301800812e+00
1.837095346453238909e+00
2.170872956274383370e+00
2.650455027089920534e+00
2.275861857451042969e+00
2.271007000568947554e+00
2.263037657931737723e+00
1.622396712266827024e+00
2.414091926814965205e+00
2.278591913331541985e+00
2.571324881623478831e+00
2.111997650730955911e+00
1.560789020412967520e+00
2.294329229443895279e+00
1.759181629451453954e+00
2.421419015336547353e+00
2.372063487859310094e+00
2.877102941595389041e+00
1.971467690367481929e+00
2.969138822527768617e+00
2.398242519741272005e+00
1.980790083962124193e+00
2.567800404390408353e+00
1.106314092292354889e+00
2.430515647947611324e+00
1.280003014695421770e+00
2.172125015494370537e+00
2.165127821575699052e+00
1.820545036601236122e+00
2.111336169220422665e+00
1.462698572288926524e+00
2.530916129811925153e+00
1.926042478463388274e+00
1.243394919192168269e+00
1.476425509907340228e+00
2.468113752006262374e+00
1.959683046297317377e+00
1.998942231698350724e+00
1.651944295526259321e+00
2.217385702361521993e+00
1.445045032117006745e+00
1.755356975990941981e+00
2.648314179002180246e+00
2.212526171329839642e+00
2.057599996031495238e+00
1.720191211928122188e+00
1.322105173233512510e+00
1.892266830067539818e+00
2.841426428549005401e+00
2.677263966540398776e+00
1.595989408701280254e+00
2.148934081475473601e+00
1.336284340349928046e+00
1.591237407906938017e+00
1.498793806741442802e+00
1.511493653190917552e+00
1.956267658599569970e+00
2.512857753524091464e+00
1.779342357418296494e+00
2.079699719701341820e+00
1.662338948012344275e+00
1.589472206118561326e+00
2.643985993836450277e+00
2.385141851581892514e+00
1.768969712429311780e+00
1.558866369330701440e+00
2.615756640067015582e+00
2.217062169270525018e+00
2.488831016030269794e+00
2.348066767721562087e+00
2.176354288498244749e+00
1.987731268618011304e+00
2.217373648202486613e+00
2.008556574123412375e+00
2.635436440902531707e+00
1.592588245554346749e+00
1.797023968754593470e+00
1.373140754452814249e+00
2.207844513188844893e+00
2.235120288347829387e+00
2.095554009065602408e+00
1.894150103082819170e+00
1.156893199685417262e+00
1.485492786423261879e+00
1.345734978373905211e+00
1.421262853877282017e+00
1.487360132187451445e+00
2.059250092222841388e+00
1.592408299693121920e+00
2.604659972268051238e+00
1.639400244405972096e+00
1.753569061292956421e+00
2.569773275577984961e+00
2.151222210809827118e+00
2.216509518816565993e+00
1.221958381679109529e+00
1.971590608158655389e+00
2.281587215928467138e+00
1.846651217806614564e+00
2.590192867756625716e+00
2.387820238795967498e+00
2.465505607509290265e+00
2.192742918291034293e+00
1.892535864609686813e+00
1.700214016286472063e+00
2.345358132724947087e+00
1.767944549097197449e+00
1.372308594287687367e+00
1.956227432821458834e+00
1.240611225877208401e+00
1.844432631777083387e+00
1.823191394638252749e+00
1.786013493990609824e+00
1.874480856345968727e+00
2.092418590696738967e+00
2.125019192465952500e+00
2.447299555381539093e+00
1.617584750963286355e+00
2.064713445930477675e+00
2.202117631951488796e+00
1.851010635701626050e+00
2.364597537138950045e+00
2.272680852979220845e+00
1.821247303457776967e+00
1.949133732688865805e+00
2.226311893540991349e+00
2.375586551123849866e+00
2.299578024167542978e+00
2.029390446793760461e+00
1.152493335056856028e+00
2.723324802552389290e+00
2.074642858256372513e+00
2.421250315681014786e+00
1.153162462625284324e+00
1.895678066376438320e+00
2.390376689041799008e+00
1.708257344645801590e+00
1.991582710387645561e+00
2.122659638202250232e+00
1.649999981843416785e+00
2.170128734648108182e+00
2.367168739277582645e+00
1.560545902211994740e+00
1.412351671697235300e+00
1.917897237409525779e+00
2.219285465165909521e+00
1.275762223863107225e+00
2.131277510762017435e+00
2.181698644973561585e+00
1.919202774142877210e+00
1.716344670519663884e+00
1.964465941088951784e+00
1.457868588384638731e+00
1.853849498418627118e+00
1.529677986147417901e+00
2.202772662512470170e+00
1.759485623898416451e+00
1.602922785873822864e+00
1.316043081822504401e+00
2.143615164010816976e+00
2.030132307431931071e+00
1.214549011156689007e+00
1.882063522785398568e+00
1.396742232301917408e+00
2.766538518568437244e+00
2.442577558592763154e+00
2.055603643396374913e+00
2.045253433934099085e+00
1.720554163053353403e+00
2.350927073210888452e+00
1.512902449725955112e+00
1.946765149836080955e+00
1.374183552688878152e+00
2.819768896557362403e+00
2.592397762548753093e+00
1.950814422383970737e+00
2.606783093779824423e+00
2.625629481647681729e+00
2.548681693206318322e+00
2.072723162278557574e+00
2.255862416935493719e+00
2.022711566228264424e+00
1.866559495590584650e+00
2.322062800829129969e+00
1.241152932600380288e+00
2.309126867442510278e+00
2.015655142771124897e+00
2.044419421871709552e+00
2.137477919166947515e+00
1.680362497007966027e+00
1.976633913091674355e+00
2.577752431774097630e+00
1.716083284440677925e+00
2.057252935735192967e+00
1.844150668140285720e+00
2.081236832712964002e+00
2.125077565116593181e+00
1.926028699132870781e+00
1.543751867597241478e+00
1.979943718578418332e+00
1.652672338883260261e+00
2.718754211886688310e+00
1.642045217602198459e+00
1.573465648499466241e+00
1.392200494693250246e+00
1.974923076041802839e+00
2.175875580362442996e+00
2.553138907715196915e+00
2.909020790000018231e+00
2.136865363572167276e+00
2.295423433755900078e+00
1.648765772048633504e+00
1.858987597859751428e+00
2.414305237964492257e+00
2.220043582673031146e+00
2.173336877140842560e+00
1.243705084993998344e+00
1.471373088428927556e+00
1.987988599827567260e+00
1.863834952842733372e+00
2.036192080209367372e+00
1.255719468959258789e+00
1.981897112691924701e+00
2.645483658544304006e+00
2.509648815076443107e+00
1.469627260018082193e+00
1.775578079644543728e+00
1.451872207372332912e+00
1.439594341347178341e+00
2.090088049890022948e+00
2.531165020421006329e+00
2.479919448892197842e+00
1.324236051873641573e+00
2.505131769117233898e+00
1.840660713306570440e+00
1.429500482709478826e+00
2.265041632446671560e+00
2.077009496453905868e+00
2.148775709649836330e+00
1.490071568445232142e+00
2.287151040517714229e+00
2.159422604088684139e+00
1.624122789195069361e+00
2.033667608153437723e+00
2.657734791010849307e+00
1.129706639432048298e+00
2.180747986038732655e+00
1.373088674627171102e+00
2.315749620561343924e+00
2.022368889596933172e+00
2.089209357223694941e+00
1.974986064292770127e+00
1.988229956883243554e+00
1.848273930015948530e+00
2.106886305828283401e+00
1.401239679105614755e+00
2.344263353791300464e+00
2.660493102340032667e+00
2.579983094125990473e+00
1.657652962247475381e+00
1.691359582584579746e+00
2.046324917458707482e+00
1.915154970115394706e+00
1.969012923075765364e+00
2.140181262767646420e+00
2.641663923383418489e+00
2.359071659628561246e+00
1.303978472683104961e+00
2.324554736315781245e+00
1.382799717103175841e+00
2.402578087748524105e+00
2.224603584112243126e+00
1.980666907338301641e+00
1.288393020619153617e+00
2.386887862048270303e+00
2.408423931836719767e+00
1.094587851955418634e+00
2.238210440282082381e+00
1.933767217919257098e+00
2.037759347521587383e+00
1.274165306847201418e+00
2.325638013667881143e+00
2.388209308255647034e+00
1.179382397643147895e+00
1.605618798323811713e+00
2.763132152948103659e+00
2.034161290723941029e+00
1.925634169380669336e+00
1.893201369715561633e+00
1.983502719313568363e+00
1.933115777827711490e+00
1.693364545948297550e+00
2.173868449715647522e+00
1.748109135075969434e+00
1.314674440689274304e+00
1.592330110781024821e+00
2.160651487248536284e+00
1.778135322410627328e+00
2.070010452966897674e+00
1.676043205820638926e+00
1.620661054660350597e+00
2.188205844935096955e+00
1.683806653320145452e+00
2.013094093035379561e+00
1.221908113151219055e+00
1.811216690760799164e+00
2.597237509819447787e+00
2.412400263263591249e+00
2.259831574171928814e+00
1.543137509881782554e+00
2.403042970250207411e+00
1.793364014518785243e+00
1.940115896060540468e+00
1.932000489862161219e+00
2.364251980203470715e+00
1.891454937359327015e+00
2.430282865486218746e+00
1.827745959303806567e+00
2.038221156236747156e+00
1.423545770489966555e+00
2.126228268836025226e+00
1.617429008007035263e+00
1.913954111391839241e+00
1.466952507359184477e+00
2.594805367883179059e+00
1.959120142454749969e+00
1.420002457169929677e+00
2.232082234404430210e+00
2.347035681438744525e+00
2.126055576027380489e+00
1.838531922561910559e+00
1.793469969525677943e+00
2.097128546552608164e+00
2.340941215054713087e+00
2.735195588179673898e+00
1.532095618274819326e+00
2.359697488721178793e+00
2.456534887030250136e+00
1.790868081475601059e+00
1.129511100413921332e+00
2.339484707031121324e+00
2.102372355569571027e+00
1.445189342127236376e+00
1.655314820119413444e+00
1.557273471847139934e+00
2.810149685624355520e+00
2.439937512050956325e+00
2.114627489332884025e+00
1.932965412015045903e+00
1.621648922955024830e+00
2.036179468223262568e+00
2.153332059204923432e+00
2.549614872639654362e+00
1.185205623992293900e+00
1.940233922421958912e+00
1.310584333357859066e+00
1.442666321324369560e+00
1.507481439799868372e+00
2.388689135133847508e+00
2.651109450756592878e+00
2.339488057078179750e+00
1.955583539804940374e+00
1.966910767093658308e+00
2.585102352856754049e+00
1.131687274068139626e+00
1.365455025999279703e+00
2.591919939791955230e+00
2.608534084358155702e+00
1.646478538795252966e+00
1.878483281414676576e+00
2.068932995543405706e+00
1.748688925718850040e+00
1.592671617659616068e+00
2.213634592111850985e+00
1.817941441525557700e+00
1.528696083317571119e+00
1.776438877952598139e+00
1.842932716236366453e+00
2.178212417337906714e+00
1.278953525156079074e+00
1.311851822907341258e+00
1.796565430568534349e+00
2.728269668805932469e+00
2.144175489386893396e+00
1.912593651474640666e+00
2.557818398196613163e+00
1.492792188376470541e+00
2.133150925780799234e+00
2.609347039119595202e+00
1.553691620649446659e+00
2.051278846609364326e+00
1.993475308639956367e+00
2.226321153835970179e+00
1.284142354465102276e+00
2.675777453813579676e+00
2.134480676512976682e+00
1.836552987876469922e+00
2.002863694390795146e+00
2.626776601168877789e+00
1.377823833350316773e+00
