2.477690084796542180e+00
2.656488480410237329e+00
1.811529006045677903e+00
1.239183064845607252e+00
2.254032533776372471e+00
1.768045992829655466e+00
1.586545144255959938e+00
1.358590024781174632e+00
1.931575709892689563e+00
1.745374138981971246e+00
1.570539740889323799e+00
2.079360539866791591e+00
1.538923071056867098e+00
2.324448423837636835e+00
1.626849372941851612e+00
1.502812472992677506e+00
2.908606249376025410e+00
2.154804758079413851e+00
2.600412716788682577e+00
1.712072974546222426e+00
1.661738781292686262e+00
1.948697522054351428e+00
2.316117938422697087e+00
1.723342167437557748e+00
2.149494474355376106e+00
1.684253795662606024e+00
2.408620870347909282e+00
1.566232039880304683e+00
2.562960575985567591e+00
2.042085903304885264e+00
1.476741550814049342e+00
2.174913559390612594e+00
2.572528686707904910e+00
2.042666933954041308e+00
1.900281948397601006e+00
1.257921647033717338e+00
1.670414704536062445e+00
2.291559582577669119e+00
1.824808727897927252e+00
1.452597648385377971e+00
2.302972297498635967e+00
1.858001631410897581e+00
2.273644457066740010e+00
2.143663327104466276e+00
1.704379076047658259e+00
2.795420900365739314e+00
2.578705194122816735e+00
1.608368628424805102e+00
2.269667073950000891e+00
1.381019962041041049e+00
1.947208159888386803e+00
2.108128574899986063e+00
1.600545880848341485e+00
2.174984250190416191e+00
1.519671146026101649e+00
1.751075554801816647e+00
1.762782508168805773e+00
2.240138281851947077e+00
1.766972540068103559e+00
2.600827071025284098e+00
1.466682440471248405e+00
1.464429325745195243e+00
1.900493305947873246e+00
2.584740698453842800e+00
1.354544096101786721e+00
1.103100649126928179e+00
2.815114864272203032e+00
2.610452336043723953e+00
1.435461211016438643e+00
1.869783159908275039e+00
2.167485230043217914e+00
1.928090060846947118e+00
2.323117959050884807e+00
1.989379616941892248e+00
2.380000109419257548e+00
2.058355392699947828e+00
2.327455049208945859e+00
1.530100144235565729e+00
2.512962145757664079e+00
1.482689894084030513e+00
2.014832774173302532e+00
1.620138529699805208e+00
1.989006095311193434e+00
2.013573171534048356e+00
1.496217827732539307e+00
2.403471384261539612e+00
2.024370845856300782e+00
1.752802047476953007e+00
1.137878936597287671e+00
2.511174052895074560e+00
1.317232438216509260e+00
2.633258918549161720e+00
2.429620200869337943e+00
2.284635374612401293e+00
1.519866132120228253e+00
2.183279722468562944e+00
2.109391730679091026e+00
1.316218975070013730e+00
1.367291853228141729e+00
2.136040573216683391e+00
1.459943277090498093e+00
1.965937406545662292e+00
2.663387356834451491e+00
2.098467311693999804e+00
2.526049862563982007e+00
1.881210119634366240e+00
1.651720660846492050e+00
1.393775192959627374e+00
2.010118163576704919e+00
1.656682812125022330e+00
2.297554706403286851e+00
2.700660932500279721e+00
1.163052296169497346e+00
2.345279748246785978e+00
2.880875365410762612e+00
1.498635897502093250e+00
2.120219328236542466e+00
2.265206244782623113e+00
2.269135146866221753e+00
2.414806794420095493e+00
2.635915833220445315e+00
1.762699803135969301e+00
1.313656739207006430e+00
2.857580304380086478e+00
1.874487527215864979e+00
1.443784052944447005e+00
2.178576894361349048e+00
1.695309846669247333e+00
1.651838229398035818e+00
1.459249581330219536e+00
1.994031926644064701e+00
1.817420301196564614e+00
2.383510439403509373e+00
1.293904367736948169e+00
1.751308158139414317e+00
1.924400014394513914e+00
1.941734731878282494e+00
2.015275996496115773e+00
1.877858800050119736e+00
2.403478340808794300e+00
2.102360977898352523e+00
1.606732570509529223e+00
1.929700456741442860e+00
2.214547880395012047e+00
1.373288577695991108e+00
2.298425807170766610e+00
2.238213330387668343e+00
1.706558010452753571e+00
1.382178663397970464e+00
1.922547974080779820e+00
1.633584757301398849e+00
2.732117154230805589e+00
2.589930289618147086e+00
1.547751406180883471e+00
1.899804337829547940e+00
2.221610560537417456e+00
1.709894630960167694e+00
2.069163079223548252e+00
1.914763958261906707e+00
1.692805166102812509e+00
2.257061000626886305e+00
1.488041825955731312e+00
1.854609350294325942e+00
2.339711918101374799e+00
2.607012013617250101e+00
2.232590805033913384e+00
1.584209831065684027e+00
1.427047065118601132e+00
1.943503068921267563e+00
2.022063387945991941e+00
1.591778223420381888e+00
2.030430764007292055e+00
1.424095244577801678e+00
1.931494383208105958e+00
2.148517267757068083e+00
1.590087496101405762e+00
1.834081584856128044e+00
2.047840524340801771e+00
2.521945833870388398e+00
2.447251794717707707e+00
2.761095907059071486e+00
1.945536851665272682e+00
1.225166834688651951e+00
2.681009244717909024e+00
1.918608864728793328e+00
1.369685680103355674e+00
1.856661506632565128e+00
2.156101540339714795e+00
2.235824073215417762e+00
2.184571612876437641e+00
2.308128469715867936e+00
1.214983897073023567e+00
2.286219921638533048e+00
2.028546305759729051e+00
1.483693377575351580e+00
1.662567249238364298e+00
2.525364003333584684e+00
1.866821986695265778e+00
1.686789262824678337e+00
2.192578891071139235e+00
2.092702882175546897e+00
1.212541515697631134e+00
2.357236804024376298e+00
2.106196720661444921e+00
1.738570403955600030e+00
1.797203935280117015e+00
2.683336918151941752e+00
2.342121695162284745e+00
1.760993657152911229e+00
1.433162293145776367e+00
2.031363160920722777e+00
2.223372366302588166e+00
2.273343371175098770e+00
1.883159043489201157e+00
2.435740365306387822e+00
1.662364235928026401e+00
1.629675926565807398e+00
2.329611775068515911e+00
2.836359114541355808e+00
1.460842593170565085e+00
1.573430443227475717e+00
1.260680788726981305e+00
1.479336618271608561e+00
2.328167207535571492e+00
2.026890427625872348e+00
2.115515167190018087e+00
2.692111256965524113e+00
2.530956797848983975e+00
2.793415423266560449e+00
2.643973373657168668e+00
1.808680226731011809e+00
1.968965280710067045e+00
2.153584606818329750e+00
2.817556614858860442e+00
1.978360623834882759e+00
1.842190424115910607e+00
2.571822039588089304e+00
2.509589322916349730e+00
1.743962242606653223e+00
1.611516746797733601e+00
1.543253525703478513e+00
1.643181127693189580e+00
1.374058319750899537e+00
1.841857249764101923e+00
1.652595115767185874e+00
2.126182598161421744e+00
2.115662996577215793e+00
2.242153704606211662e+00
2.609045966519056847e+00
2.148962716140414120e+00
1.919622387415137243e+00
2.249386806169733077e+00
1.189873412666475616e+00
2.719946092547129712e+00
2.430599145783541637e+00
2.371129971862920183e+00
1.184459675472826268e+00
2.310154896105581113e+00
1.260978287587065871e+00
1.158204009967923387e+00
1.582650972413857104e+00
1.441608686359598268e+00
2.404175184859887349e+00
2.536091558024594406e+00
1.239684370737347274e+00
2.664784624054245654e+00
1.845810636513103065e+00
1.568432210080355160e+00
2.925890852224492633e+00
1.893531416728373662e+00
2.536541952642663134e+00
1.698118847688530941e+00
1.846430636160107053e+00
2.259771074200640939e+00
2.331056540346241324e+00
2.455596086257150645e+00
2.055573414417840361e+00
2.387397404061602835e+00
2.492929756627481730e+00
2.083910635087919072e+00
1.701362958188899821e+00
2.649401996787258629e+00
1.343334970757818825e+00
2.249402466203021422e+00
2.270378772337125817e+00
1.730202635682643653e+00
1.783936538329070176e+00
2.230425751576340154e+00
1.709250025551700691e+00
1.834913885916367615e+00
2.405697626129843059e+00
2.819716152207470294e+00
2.018572162558957217e+00
1.668382164217786290e+00
2.672628682414711410e+00
2.126773517883752795e+00
2.051731019140335732e+00
1.461128891165211607e+00
1.550900010495986914e+00
2.534143984583557607e+00
1.858360630198956809e+00
2.587318126697389697e+00
1.329191983889731921e+00
1.995244706498974452e+00
1.520577658006465160e+00
2.715478256433768500e+00
2.691061480373296178e+00
2.014405889396564397e+00
2.226471860546121562e+00
1.811007032155496299e+00
1.548161277430010418e+00
1.675997200829501654e+00
2.297964897127924289e+00
1.506472462413819269e+00
2.025228797018154836e+00
2.263701387793738640e+00
2.686132721095259246e+00
2.050953754685609809e+00
1.574762208609601366e+00
1.846626033568956382e+00
1.254564040879590392e+00
1.385588210195175751e+00
2.152929576542792489e+00
1.660964820873013004e+00
1.210607861259054507e+00
2.362422874259950234e+00
2.340155403299855941e+00
2.246779535483376833e+00
1.321919290040051376e+00
1.583036347509461761e+00
2.112089804269151827e+00
1.272548762680933088e+00
2.326796915134098587e+00
1.688202698949421210e+00
2.182990647288325814e+00
2.327692308403707777e+00
1.874246716515896249e+00
2.231263570424084186e+00
2.128098896861350120e+00
1.923800062076865380e+00
1.856906871333065645e+00
1.989294270338520798e+00
2.220693569002914813e+00
1.892701126892478491e+00
1.849693323067864048e+00
1.627764369550286361e+00
2.467100706571386137e+00
1.900878345684491544e+00
2.449398952016500708e+00
2.785690612256093601e+00
1.484820507370653075e+00
2.220213752386762440e+00
1.927426703904951966e+00
1.453189904926290854e+00
1.527633881768058366e+00
2.447083469371379216e+00
2.088399214830142903e+00
2.352408035820403587e+00
1.681211975155798566e+00
1.452544072100435457e+00
2.177609161650950753e+00
2.427281503158268627e+00
1.892211514794742033e+00
2.091427536217176808e+00
1.551456018797650493e+00
1.737175183331982176e+00
2.514969732002554359e+00
1.655160680824177000e+00
2.239104934558426852e+00
1.761063095302138670e+00
1.664224711212633601e+00
1.730214803301663107e+00
1.289674730171367578e+00
1.909423062797062753e+00
2.027564237641401590e+00
2.448703521116276427e+00
1.790230570724100190e+00
2.128530673292576836e+00
1.501938254432162223e+00
2.463063641734887455e+00
1.868921859271563735e+00
2.439086204531467406e+00
2.284896365581317923e+00
2.443300658429525374e+00
1.826324249976425396e+00
2.379335507405684780e+00
2.492814250041892166e+00
1.909526432000947516e+00
1.858091758572676389e+00
2.200191624203614804e+00
1.626373124509666646e+00
2.114539850630626105e+00
1.826754855579116654e+00
2.508542288468401438e+00
2.139041084183314734e+00
2.165840641423589119e+00
1.613043650731076362e+00
2.702965627834266638e+00
2.296165993043379316e+00
2.893666594218691213e+00
1.320561412276176627e+00
1.630621123821553997e+00
2.132720717188532955e+00
1.676006999089679095e+00
2.617875960345379838e+00
1.401098370787190017e+00
1.981487618559772290e+00
1.294020524369232872e+00
1.315248187826957293e+00
2.488842952338088832e+00
2.743383432570058567e+00
1.850486454215770404e+00
2.506420480386080563e+00
1.909803631601176832e+00
2.527970250881823144e+00
1.568791093431650019e+00
1.160289212529934444e+00
2.430201720657439779e+00
1.189694727899828885e+00
1.198405450944573403e+00
2.074906665398745798e+00
1.406812380879745250e+00
2.208928140661134965e+00
1.967826223355719328e+00
1.913434642076455194e+00
2.012687004014058090e+00
1.396110106640085391e+00
1.268478409798839746e+00
2.447253311504748563e+00
2.358563310489502740e+00
1.630200398849981358e+00
1.937185104119570678e+00
2.353008472231565396e+00
1.521378484769391637e+00
1.312265294495661205e+00
2.719053305812556776e+00
1.521443760550477808e+00
1.983090762915885374e+00
1.421573684398808490e+00
1.628120071294707483e+00
2.348616515706925867e+00
1.806984561300067682e+00
1.707856231536361236e+00
1.721549651025746197e+00
2.038755231513073252e+00
2.586592707502347821e+00
1.516776076176131305e+00
2.339560586952208254e+00
2.303246300193956486e+00
2.453343508059970368e+00
1.463276984079582732e+00
2.502802286286133437e+00
1.278404679842748637e+00
2.720276578367275988e+00
2.490162121300005360e+00
1.763645026883828404e+00
2.433922023343329410e+00
2.464861841477405058e+00
1.298709285584734419e+00
1.595452508761221466e+00
1.552380427624024950e+00
1.533533266371671422e+00
2.465435089405452196e+00
1.984854223473331070e+00
2.405461916980106807e+00
2.792771078361209192e+00
2.394620896008000432e+00
1.759819830920425598e+00
2.381445754590244768e+00
2.020737246616347349e+00
2.343323330944310889e+00
2.192924906329652757e+00
1.989762194570002141e+00
1.976399988210941761e+00
1.414610721597667986e+00
2.432898922641688166e+00
1.895732977399584573e+00
1.571147893185758981e+00
1.411547684063771957e+00
1.946314068396132413e+00
1.716281152552544764e+00
1.472404719532151463e+00
2.192796541311940128e+00
1.270668858301130744e+00
2.212499245652591817e+00
2.455066939417983374e+00
2.264357033458592738e+00
2.007750560963570852e+00
1.481930221056873442e+00
2.295340964430251152e+00
2.038581382894744998e+00
1.978061376723794229e+00
2.886030830533405922e+00
1.538145203169570818e+00
2.979194262531955850e+00
2.218580383725266447e+00
1.295925493536429052e+00
1.778184838040906879e+00
2.701883057811821587e+00
2.196209467213123823e+00
2.140980425689291700e+00
1.632776883069663620e+00
1.602814062767859760e+00
1.722519619054136975e+00
1.316905424131052271e+00
2.116640737445749654e+00
2.105727491852891653e+00
2.305878719492412188e+00
2.350807802634768962e+00
1.828864484591778750e+00
1.554958834404744028e+00
1.894063905012663085e+00
1.946496171174729728e+00
2.763871004514236063e+00
1.520564511921519646e+00
1.736443006580958848e+00
1.533044951475934781e+00
1.744607719270449886e+00
2.463941991057908787e+00
1.946615323789246954e+00
2.238733597225005312e+00
1.966985983126613213e+00
2.254529454369735397e+00
2.488952955963231073e+00
2.005163650747114001e+00
2.094284869921656522e+00
1.777694518506428789e+00
1.426723379014490423e+00
2.010259760542205676e+00
1.792666960822818067e+00
1.469050030491254155e+00
1.353328142855536376e+00
2.242127236019450631e+00
2.750613821098651712e+00
2.150601549083657638e+00
1.534453934327787650e+00
2.317975599133153430e+00
1.726694294219198511e+00
1.930367890792003216e+00
1.919399864874053563e+00
1.497584586094695913e+00
2.399973408570177824e+00
1.957908781403131959e+00
2.447804158367876237e+00
2.279522092594369109e+00
1.956930690846808929e+00
2.044158534011606410e+00
2.120445865209290126e+00
2.232554737029397884e+00
1.862141417153609702e+00
1.986467745258128748e+00
1.537974391320832135e+00
2.573283108589026646e+00
2.283676615904103535e+00
2.486752158432982363e+00
2.051792270960898890e+00
1.798936362654980137e+00
1.546966099765521685e+00
2.286153873324916486e+00
2.569534458728665705e+00
2.407251660790876713e+00
2.371531324957010689e+00
1.302760416050543935e+00
2.598478686187976727e+00
1.603752433272456646e+00
2.185740378334579681e+00
1.931224210761331772e+00
