1.193370560376239897e+00
2.645392570635732632e+00
2.174617932418310140e+00
2.093279293499660021e+00
1.600643857532417780e+00
2.477149074795259587e+00
2.425924824472798225e+00
1.179388424658831314e+00
1.917863086360317659e+00
2.275561118948962402e+00
1.832054713295822701e+00
2.174109193526895467e+00
1.168317631978574411e+00
1.949418934786813384e+00
1.400253382091680709e+00
2.302548028525003510e+00
2.525465928594685217e+00
2.529742551005571549e+00
1.821149992644427229e+00
1.811676069672574219e+00
1.505262952640633589e+00
1.706192548255181185e+00
2.740881919801884337e+00
1.949272611187816473e+00
2.445532011846275555e+00
2.137837970127384857e+00
1.550755312705502931e+00
1.829961217636205895e+00
1.921783180707235861e+00
1.838408618986807186e+00
1.327880604704311018e+00
2.160075268028519346e+00
2.147217333247577464e+00
2.825869236076794522e+00
1.691907304655561717e+00
2.123169547932554302e+00
2.267096587359382909e+00
2.213868871869676624e+00
2.070170178635528657e+00
2.055910041541264555e+00
1.905831363245826804e+00
1.709334583481729730e+00
2.182905816242569408e+00
2.225848084487733303e+00
2.340504139202268519e+00
1.402201648913499632e+00
1.250585528695466797e+00
1.139240704247403979e+00
1.817827543897464926e+00
2.433312323985392656e+00
2.164458905656788001e+00
2.371942310378089225e+00
1.451065090846532568e+00
1.560134540221748800e+00
2.532866063489047193e+00
1.765328304486011524e+00
1.805379310012347194e+00
1.476709873668742734e+00
2.260044569217155797e+00
1.596446137261074538e+00
1.509148504878883079e+00
1.577127098822780793e+00
2.810991937001065200e+00
1.552809958825188463e+00
1.415752119628027161e+00
1.926383567576929856e+00
1.941034990632787505e+00
1.592132267735755891e+00
2.095139560890606489e+00
1.931129237561918233e+00
2.055592536456288144e+00
1.178367565296252861e+00
1.274048790252677144e+00
2.193408775874513772e+00
2.104092422471856239e+00
2.231085855489709946e+00
2.296724163048642797e+00
2.240671579921828638e+00
2.210272149961073573e+00
2.694896000363744548e+00
2.715092635709708269e+00
2.331345425273178229e+00
2.078764118714432563e+00
1.610255426271307133e+00
1.880613182135665973e+00
2.527162486253876406e+00
2.089567460435891810e+00
1.750588421692985008e+00
2.141854901032960612e+00
1.125535538131888558e+00
1.922598633920825417e+00
2.306798781243931007e+00
2.370432020960377528e+00
2.665821718854457067e+00
2.503163730354541094e+00
2.132884388068085890e+00
1.823656358824822021e+00
2.301762509131845214e+00
2.075274907263734647e+00
1.941641386331927066e+00
2.315305251852959767e+00
1.643440508460879190e+00
1.770428652675989589e+00
1.535966107399168390e+00
2.260052946640963789e+00
1.342127688245671413e+00
2.140314066131741910e+00
1.495604125275146856e+00
2.600981274539710952e+00
2.769992582955445926e+00
2.073799961311343587e+00
2.278877619178566682e+00
2.079770551260625489e+00
1.779947678178875670e+00
1.908792988839453919e+00
2.063772952164089958e+00
2.127009118666591370e+00
2.444584181037192216e+00
2.061246082607615104e+00
2.431042680880355800e+00
1.370452331610729102e+00
2.500337015160310816e+00
2.372870825360767988e+00
1.929583462687855189e+00
1.694154051050913656e+00
1.540670730718224579e+00
1.305547617318444820e+00
2.371284318655987100e+00
2.123799007048901011e+00
1.710792440348578580e+00
1.545534423277169722e+00
1.752826418247357854e+00
1.653855019749058686e+00
2.109118013876584818e+00
2.478366268234815095e+00
1.098709665622223497e+00
1.381603608874523381e+00
1.760365874995151181e+00
2.668449770681757371e+00
2.349190820012688974e+00
2.389430150406491649e+00
1.765495280195483740e+00
1.720273776856469539e+00
2.437991660746983591e+00
2.317150683169244108e+00
2.020174481159624502e+00
2.053122681516778236e+00
1.265455926627212513e+00
2.423703800176040701e+00
2.103072780054321633e+00
1.609063122942576474e+00
2.692059455889962649e+00
1.445047463893206263e+00
2.293728955844827944e+00
2.745001221680533288e+00
2.346544463799230762e+00
1.204999638931256944e+00
1.864556973397199391e+00
2.435964403152564905e+00
2.548160948995572994e+00
2.644385151923961175e+00
2.177900816509853676e+00
1.911118123021312787e+00
1.517535496469245793e+00
2.536089637185629186e+00
1.712780142202691813e+00
1.335637766948366778e+00
1.668422675981614089e+00
1.874257152948827443e+00
1.433265481204392566e+00
2.310668287270197130e+00
2.091338277582535099e+00
1.436993352107303945e+00
2.539096893710006242e+00
2.301063950816420345e+00
2.429208069700981021e+00
2.610117813730880698e+00
2.477256138767152116e+00
1.453233390430588523e+00
1.810606113729213318e+00
1.617039793142107440e+00
2.561472676153146111e+00
2.234562907518066410e+00
2.167165221172883793e+00
2.073606367974583975e+00
2.269865903889352499e+00
2.124510403230414290e+00
2.811485655194533972e+00
1.816769660556542210e+00
2.222709854295598753e+00
1.920377288230053825e+00
2.155135020662364731e+00
2.120092323529758627e+00
1.865708074702887576e+00
2.174316503303654002e+00
1.667949899011479165e+00
1.561702790011777253e+00
1.842812351099323287e+00
1.306571504677299433e+00
1.997656295868734944e+00
2.214982855721935984e+00
1.811945859369227474e+00
1.186711877021709327e+00
2.638728709927890215e+00
2.422399713291750523e+00
1.974038893187160859e+00
2.346297363452389817e+00
1.830789327489862339e+00
2.259989007436944863e+00
1.470915368643918253e+00
2.304920974931015998e+00
1.212507591136673613e+00
1.604639322552178449e+00
1.732074608091978440e+00
1.562149539131066023e+00
1.110900391245512209e+00
2.051156647995701299e+00
2.255737504706437413e+00
1.698328569994968618e+00
2.421359775842639728e+00
1.652816844373872440e+00
1.307608670617014024e+00
1.539978986667803307e+00
1.962485608035334783e+00
1.966822441221836026e+00
1.220361384081161349e+00
1.787784743901225326e+00
2.196436086450324510e+00
2.293445772532743732e+00
2.406919783699241755e+00
2.678176282844144218e+00
1.786844866963968492e+00
1.521561563459075117e+00
2.534863798793085987e+00
1.651198833542812716e+00
2.132590039742349397e+00
1.821161441391335956e+00
1.816496478663455871e+00
2.344704169897869228e+00
1.272696850248414169e+00
1.678559799090245441e+00
2.379190903645842958e+00
2.113948361747389093e+00
2.264571303129625068e+00
1.861853415630268183e+00
1.582252503415202849e+00
2.477502108011036874e+00
1.553240655280534899e+00
1.786319128885392793e+00
1.714742120973424822e+00
1.886773695568045861e+00
2.077095358807438785e+00
1.816099795158004016e+00
2.622568247495345339e+00
2.085598416637271857e+00
1.918174721641520808e+00
1.481102484477089476e+00
1.933630625180736695e+00
2.848972144857295774e+00
2.618400304419421509e+00
1.497426578662201413e+00
1.657541107043542628e+00
1.997568870290128196e+00
1.944296150725951522e+00
2.027174464278724830e+00
1.473370542572614905e+00
2.043752646515927474e+00
1.883230986710777266e+00
2.080482517140181731e+00
2.104046745843399346e+00
1.578813444623943241e+00
1.289914544872444280e+00
2.318331511688079161e+00
2.059656676291033328e+00
1.985179042781608061e+00
2.646047376868899903e+00
1.653071037480660532e+00
1.551028438531885989e+00
2.427093804963580848e+00
1.685515404282020846e+00
2.577746925005085288e+00
1.805313134770013539e+00
2.036080742465713911e+00
2.453054217759413902e+00
1.882027263358448277e+00
2.334211199749153032e+00
2.254751998196382168e+00
2.215075681955882558e+00
2.313688566009010295e+00
2.199370483399559539e+00
2.225062885141355640e+00
1.891913514484111491e+00
2.180671970771062895e+00
1.381511294546210245e+00
1.860148572289764601e+00
1.427049606796263914e+00
1.675204022515938806e+00
2.618600247185885355e+00
2.266157666375899993e+00
1.436077606194787970e+00
1.342714210065925506e+00
2.666090296237356494e+00
2.451518995974669046e+00
2.097056313377485992e+00
2.372935536640485843e+00
2.003606475703085366e+00
2.128412483623482565e+00
1.714058979789098380e+00
1.823692707953215919e+00
1.301636504727258892e+00
1.602664573875329346e+00
2.108887752385208980e+00
2.549536720091183817e+00
1.558962136029141021e+00
2.109094590030720973e+00
1.851430411417211097e+00
1.825739168822928082e+00
2.026647910969894717e+00
1.606730969963336531e+00
2.230486239969852846e+00
1.858523720093127496e+00
1.424416921284786586e+00
2.177310615529225224e+00
2.495725647380136802e+00
1.354757920605579091e+00
1.579815197781050617e+00
2.320620381334864035e+00
1.351867580137427804e+00
1.883552000882246391e+00
1.588473267803241384e+00
1.344428889533150429e+00
1.437666471890503006e+00
2.645775676363677942e+00
1.969706633776267868e+00
1.481811395942697285e+00
1.675381826409551245e+00
1.950825534961580177e+00
2.189677875735836388e+00
2.406160113794229005e+00
2.084387836999455068e+00
1.447193072346038001e+00
2.694559857426257032e+00
1.924679846755885659e+00
1.418006090021039833e+00
2.368058271372025736e+00
2.459088407474849802e+00
1.881176006580907334e+00
1.972023537801428361e+00
2.523128487989057867e+00
2.214583261257051294e+00
2.826718190028506772e+00
1.341448707977571431e+00
1.313589338038962273e+00
2.685542333143045468e+00
1.594596753529570865e+00
2.208707098946116609e+00
2.002412341282286956e+00
2.757762624262648288e+00
2.590500335323851822e+00
2.693577988352427788e+00
2.129390329060974807e+00
2.417174831025191040e+00
1.774621255467300207e+00
1.345189612309695137e+00
2.736116562778103223e+00
2.254401492410820218e+00
2.117871610274646876e+00
1.742780588264642549e+00
2.792011941249417539e+00
1.996056020675499587e+00
2.473229557913253718e+00
1.574995293026784315e+00
2.750531986844752641e+00
2.330116582002242254e+00
1.644633135058842122e+00
1.984052524434642084e+00
2.007264841154778434e+00
2.874744827615866694e+00
2.036828202153161627e+00
2.391175187872675245e+00
2.051545111386371190e+00
2.511021868062898399e+00
1.769503491343614510e+00
1.900810761386855896e+00
1.886129349789989140e+00
2.319613951579353017e+00
2.303810278993368321e+00
1.838162674369111738e+00
1.846216028804442022e+00
1.998679833484837243e+00
2.183158786972031251e+00
1.826324698596594853e+00
2.585206973438407552e+00
1.497230118740858318e+00
1.705330206005602811e+00
1.889789791460608770e+00
2.066821419718695374e+00
1.758946918415316141e+00
1.631418813862042239e+00
2.486399307674516113e+00
2.474959005620970487e+00
2.091852907730277877e+00
2.397386629337017627e+00
2.409959167034790184e+00
1.899529787093373168e+00
2.375423227826986672e+00
2.269526739537296667e+00
2.450310528445505120e+00
1.727409937783869198e+00
2.488515505396703187e+00
2.188716343651400109e+00
2.170255722734973247e+00
2.441187799907393430e+00
2.472086118974552438e+00
2.323682869965113085e+00
1.366050198291638207e+00
1.429836225862230137e+00
2.646687387156375859e+00
1.825408523857366294e+00
1.636724257405035132e+00
1.748850705767979630e+00
2.687992724141862411e+00
1.557330939342471021e+00
2.168056607766965627e+00
1.414802935060301969e+00
1.847292137523166122e+00
2.418754884135963401e+00
2.680914169589153850e+00
2.522241640991744305e+00
1.543609212034056322e+00
1.190602223780476532e+00
1.768397109874701334e+00
1.948845613370284058e+00
1.631994843822706986e+00
1.679264977913488055e+00
1.583309644408664063e+00
2.641335333378698635e+00
2.219085492018961325e+00
2.018921875942946365e+00
2.122502627734681901e+00
2.225253185521738786e+00
1.864468250981058173e+00
2.311372556256854782e+00
1.260568600857102428e+00
2.109913341144942223e+00
2.291245221157375056e+00
1.760263210408677503e+00
2.019394445790268833e+00
2.244828663864833374e+00
1.967350948893693996e+00
1.722313316702351438e+00
2.238847837316037648e+00
2.340239218368421970e+00
1.472175037193488745e+00
1.449947478714486371e+00
2.342430689647002406e+00
1.200721354400921870e+00
2.123689072485480889e+00
1.680613801898297233e+00
2.251871469696174799e+00
1.582394677255355875e+00
1.812444014373035373e+00
2.018547436641899395e+00
2.223940229724049811e+00
2.198240532282860205e+00
2.593146722576413765e+00
2.523935910678424488e+00
1.991037058697592066e+00
1.318475001500265531e+00
2.329660086062112612e+00
1.104772155077494933e+00
2.107655507532875117e+00
2.280878431281371910e+00
1.465823880253695588e+00
2.637261223937731547e+00
1.893026535200568627e+00
2.451076110296823707e+00
2.326911584377532094e+00
1.930026200540694514e+00
2.333287271678488040e+00
2.451939732014253970e+00
2.066725764942199284e+00
1.909743171485844382e+00
1.861050712846546551e+00
2.282685632595798708e+00
1.792941898979822479e+00
2.246992962463657317e+00
2.199925124642575724e+00
1.645392883502310832e+00
1.875861401979389331e+00
2.096521553146040162e+00
1.544668703067794358e+00
1.715596561035220624e+00
2.076401090238502611e+00
2.533882820871652175e+00
2.429111394574533733e+00
1.827210146599536955e+00
1.723635216007861626e+00
1.956451646754872264e+00
2.681261041344125129e+00
1.991713155921126521e+00
1.555003949970297228e+00
1.401073104970518957e+00
2.204183014788833717e+00
1.704413251983207811e+00
1.495751808692669993e+00
2.194800069385405727e+00
1.737789388124149070e+00
2.320683917280233377e+00
2.174529341712824415e+00
2.350210852786495774e+00
1.935612177001679868e+00
2.831372149579562070e+00
2.362662901656288561e+00
1.670675213965197692e+00
2.133169908217259714e+00
1.814361668964243890e+00
1.869140989377844120e+00
1.602089628958332401e+00
2.381426974216602765e+00
2.392455515057580584e+00
1.540015331378254304e+00
1.409349431921057327e+00
2.202877523673510751e+00
2.740245691046814702e+00
2.315459818050515928e+00
1.915138514983294904e+00
2.583359826147768601e+00
1.414504035171683549e+00
1.807699611078322111e+00
1.944968860109275610e+00
1.615624807903280891e+00
1.903872846297465893e+00
2.452829863264313293e+00
1.790781069388174940e+00
2.019344627945229398e+00
2.444480976909730430e+00
2.162801299760009233e+00
2.229371065381109851e+00
2.146753260481825798e+00
2.342427508120162649e+00
2.045193812058474059e+00
2.715366003674247519e+00
1.755110256212064623e+00
1.501993027227472188e+00
2.384815329380665982e+00
1.744891988368771019e+00
1.494470501416446329e+00
1.350439085915819071e+00
1.877636961337112442e+00
1.258297892810518182e+00
1.325150452571552284e+00
2.784053176507125471e+00
2.475353297765972904e+00
1.732513698646465317e+00
1.963678961656092792e+00
2.580199917956345068e+00
1.957993994260727844e+00
1.481345132264249242e+00
2.449600321177112683e+00
1.320623700858270411e+00
2.107988911843016400e+00
2.544322437669759296e+00
2.059791360549384720e+00
2.353400588210005751e+00
1.965793306047594946e+00
2.386591069927018083e+00
