2.505104019339319699e+00
2.226289892292648620e+00
2.372967706054350145e+00
2.087811200738334705e+00
1.463094920668051246e+00
2.067746124607387159e+00
2.186849265401420439e+00
1.457736202152236427e+00
1.373222686368015033e+00
2.118323552855950531e+00
2.637363969805850861e+00
1.959905518248039602e+00
1.653647935076972164e+00
1.972395149556433580e+00
2.288177651763476206e+00
2.061474618353350774e+00
1.808072267181757287e+00
1.944602057755602464e+00
2.659342765906854034e+00
1.879503721403677385e+00
2.126463085572897427e+00
1.500986516850006947e+00
2.539947408724883449e+00
1.282102639921726350e+00
1.694832734815825415e+00
2.590801886794512399e+00
1.802193993041576237e+00
2.710064489363008366e+00
1.775378682130216212e+00
2.472464325637426796e+00
1.219964665736930964e+00
2.094105144676358776e+00
1.219455333809862152e+00
2.328634025735091928e+00
2.039055192769151148e+00
1.711099639632444491e+00
1.823259913639604601e+00
2.035457317454552495e+00
1.422422521113451577e+00
1.485722217687045710e+00
2.076058706701305656e+00
1.823077712263300842e+00
2.557895453257386986e+00
2.223096910417821093e+00
1.915468640604869544e+00
2.211931449796485705e+00
2.239862971735110619e+00
1.947019542815030313e+00
1.799743542471612390e+00
1.978815845421136199e+00
1.976751856998588019e+00
1.868137520255222173e+00
2.155763621640909733e+00
1.604706653756625467e+00
1.317433609925783511e+00
1.986216931189966228e+00
1.596969992399313476e+00
1.819767567930503649e+00
1.386307854234618331e+00
1.520536085118254110e+00
2.464325627932636209e+00
2.743760256393688923e+00
1.297940457914529055e+00
1.826824985649749822e+00
2.582952445106399431e+00
2.136270037914592912e+00
1.530748374730667383e+00
1.993299154728653377e+00
1.979954198247461328e+00
1.360147380272866080e+00
2.568894258623031668e+00
1.876423101019403461e+00
1.990324284789182441e+00
1.970955220785741702e+00
2.166561051020907236e+00
2.264792186962218068e+00
2.318226790089238598e+00
2.094216875697635150e+00
2.047060751603759332e+00
1.706271358574776853e+00
1.757917484825821219e+00
2.220585547984187613e+00
2.610102596495315730e+00
2.220683319114402643e+00
2.015956665696874595e+00
2.117363870063983633e+00
1.915450494626202982e+00
1.876594586881494608e+00
1.424930831145813981e+00
2.010507706490005653e+00
1.212017426060463920e+00
2.186629832983515875e+00
1.770864811363966007e+00
1.954006452105539138e+00
1.660818753850096474e+00
1.880783704819180890e+00
2.229034051814384298e+00
2.022076255716505955e+00
1.332249946285189335e+00
2.118094967794782235e+00
2.329460422602196434e+00
2.024568916326694890e+00
2.106530256619812747e+00
1.140361962767647785e+00
2.482688246795214049e+00
2.166146190351434075e+00
2.163131974016050840e+00
1.626709402411134153e+00
1.321326229677000974e+00
1.303436712625406280e+00
1.855817016993110524e+00
2.051003306294807871e+00
2.351162447994357585e+00
1.517456427577362987e+00
2.287245173867543002e+00
2.076235046726526257e+00
1.703835197649587130e+00
1.322402661023233339e+00
2.297075141848784696e+00
1.457183622194715644e+00
1.663402443299047739e+00
2.302069445801462777e+00
2.652758264625107998e+00
1.440347667522657860e+00
1.812685748303847655e+00
2.568020966049669784e+00
1.405390716271194274e+00
1.744159870483718233e+00
1.500000805485087962e+00
1.613573155796059755e+00
1.768693900412941833e+00
1.814515229577887689e+00
1.811286924215196326e+00
1.569443179686108802e+00
1.941718908685556855e+00
2.085791475022743313e+00
2.315623190159280753e+00
2.042192631008485915e+00
1.866942773534731481e+00
1.325782364447474215e+00
2.554797280188803033e+00
2.707929684800505221e+00
2.398534940388707959e+00
1.733566320174015019e+00
2.450019369038396455e+00
2.094613749014752280e+00
1.521484891415268326e+00
1.854722886818613858e+00
2.116259140881304290e+00
1.538776753800735753e+00
2.027200897387983591e+00
2.068655832097975100e+00
1.408499006994625269e+00
2.892214871588194125e+00
1.482272817590883474e+00
2.166643159555859732e+00
1.579601827360604283e+00
2.530043010188235630e+00
1.733259412990889814e+00
1.711241415779768182e+00
2.395875356594997285e+00
2.138423812893955223e+00
2.262461779283691854e+00
2.119521445517218439e+00
2.108045372409432350e+00
2.509695087862306107e+00
1.438985259510402237e+00
2.513338795285699589e+00
2.625154420696662161e+00
1.961564967792031045e+00
2.381350898640584912e+00
1.940996023929080661e+00
2.117309508376604477e+00
2.186466943145927821e+00
1.664931008122989553e+00
1.731736121448615329e+00
2.142875650259052023e+00
1.979990037597184838e+00
2.084144159439875299e+00
1.649103205001438921e+00
1.703761730979428624e+00
1.835968093193041106e+00
1.539289714399102893e+00
2.789215207687052001e+00
1.985761558433702056e+00
2.943793629028403913e+00
2.033947354323077938e+00
1.716577053001455910e+00
2.540561457821405966e+00
1.375089253712705073e+00
2.324037483433290419e+00
1.416132459739029681e+00
1.979622380700435613e+00
1.567778497622201783e+00
1.675626286385529129e+00
1.886751496397347072e+00
1.523211210725593290e+00
1.288526294495935476e+00
2.101548688398808817e+00
2.232102216017147533e+00
2.084529939622308259e+00
1.855580908069691004e+00
2.686252295088560338e+00
2.621438675479676128e+00
2.644955368332455592e+00
2.415757549017290895e+00
1.171008463138886624e+00
2.312836417188774973e+00
2.350698947695255114e+00
2.175901396057660975e+00
1.988641485044027046e+00
2.165126123183673368e+00
2.024537126627635519e+00
1.693834434189698701e+00
1.908372292004336224e+00
2.839088839227168037e+00
2.164673927451629787e+00
1.720802081804672312e+00
2.298595530989566704e+00
1.236704683351890655e+00
1.941139885229039574e+00
1.559428626202895796e+00
1.770582774341977528e+00
2.744236771796647378e+00
1.306658782726881407e+00
1.476196600697222472e+00
2.368891660753011053e+00
1.919209874239813374e+00
1.747868601794367649e+00
1.664269888971273925e+00
1.620766159255139449e+00
1.460069723679473297e+00
2.363784760916653127e+00
2.382530207888360341e+00
1.178965946846144419e+00
2.167914722472884748e+00
2.642069412773930814e+00
2.099453487459593592e+00
1.555187016086309715e+00
2.351652480233100917e+00
2.105938560786019487e+00
2.089237417752101145e+00
1.197536123119558704e+00
2.284878431021486911e+00
2.114395120078296220e+00
2.028106541003821484e+00
1.444135554629242035e+00
1.876753057805065295e+00
1.513469159096233252e+00
1.761853054407155117e+00
1.449324803992662059e+00
1.703566952872395568e+00
1.774845593302611269e+00
2.049542634439193378e+00
1.862692004535612345e+00
1.535929855844153424e+00
2.407471651084420738e+00
2.611199970849368057e+00
2.097429253885998435e+00
2.213396160834728121e+00
2.815657395083865921e+00
2.065982862981475154e+00
1.964689238950499739e+00
2.112312788244705253e+00
2.394566541097013612e+00
1.749164382753327196e+00
1.634446668735096697e+00
1.533344061062782426e+00
1.538177368516820520e+00
1.768620272257686477e+00
2.655220523537624722e+00
1.522313874272299028e+00
2.726591158772267764e+00
2.047025464352575597e+00
2.288826546999928269e+00
1.510128065992685009e+00
1.860919505961006859e+00
1.886995906490832375e+00
1.877854992837554970e+00
2.171605766516455205e+00
2.222369714915249261e+00
2.270692089601213937e+00
2.091947955724316799e+00
1.106762110502911511e+00
2.709139831512494823e+00
2.345476466533606974e+00
1.985376576712269525e+00
1.855761919292299389e+00
2.225666541539455423e+00
1.811825565184197240e+00
2.554202099880868992e+00
1.916618126574593850e+00
2.070726476599402233e+00
2.167885349693325026e+00
2.341100662328070570e+00
2.482208143961739388e+00
2.207402436497820197e+00
1.771025734394743978e+00
2.179823338686385448e+00
2.053422276041120487e+00
1.872475206769967926e+00
2.881764504589465758e+00
2.903964580746185131e+00
1.973123251368229525e+00
2.507747933274076857e+00
1.526459645569071544e+00
1.578941833580065346e+00
1.294066006558125315e+00
2.605470930091835058e+00
2.251201607348167322e+00
1.616232705609375042e+00
1.384208837968831762e+00
1.748842506297839217e+00
1.510376929558684189e+00
2.639141919468012354e+00
2.147792382396118693e+00
2.451594558994474760e+00
2.325167604542357491e+00
2.034669807435076194e+00
1.709678603573618894e+00
2.448124506584193227e+00
2.502426114902373655e+00
2.213190329590187133e+00
2.449985872985807056e+00
2.063303556071868883e+00
1.645443437148867094e+00
1.140036759611227746e+00
1.667581616703887271e+00
1.788744603456783988e+00
2.027999499262337579e+00
2.207546577442876412e+00
1.803250251685848848e+00
2.620870598446242372e+00
1.596350827256119986e+00
1.560895084435257374e+00
1.980278290501976457e+00
2.008895072991552233e+00
2.375603782680059339e+00
2.082568696989356205e+00
2.595407469881888307e+00
1.491219389245528548e+00
1.808298082830403830e+00
2.051645345781581309e+00
2.419107366630915301e+00
2.735242364304654838e+00
2.065994786956784957e+00
2.585202045523832481e+00
1.606800666907580055e+00
1.539302706672987853e+00
2.228971914715973668e+00
1.983069777326338379e+00
2.434014417725955504e+00
2.033911178709577605e+00
1.825266464217282891e+00
1.452450597333925675e+00
2.044418897984722427e+00
2.869562128683844637e+00
2.660385086260737886e+00
2.824612502728321317e+00
2.551679133943512312e+00
2.500487164176281141e+00
1.497930039858324403e+00
1.693207889138399258e+00
1.980549251271503941e+00
2.558821607495797235e+00
1.654669274836791937e+00
2.125819930059409391e+00
2.254860540885103681e+00
1.557596102572905039e+00
2.382127312865380375e+00
1.774025064001356622e+00
2.604736337646056388e+00
2.170841291099467441e+00
2.290929876366111007e+00
2.152063087901825433e+00
2.044156701887483329e+00
2.498131825981358745e+00
2.443314641147771749e+00
1.842619295542503810e+00
2.455764266537753482e+00
1.174901635088953622e+00
1.469727748707468029e+00
2.698051260442634547e+00
2.069384873247402723e+00
1.900449262991671606e+00
1.942928751456829861e+00
1.653242903459172020e+00
1.618774416584898734e+00
2.041383131753311986e+00
1.957091804704118143e+00
2.082867478739335532e+00
2.302992798957514964e+00
2.398560545082968787e+00
1.732794302263655606e+00
2.181922784077344524e+00
1.520657841467258908e+00
1.658068118230611843e+00
1.954987620471088317e+00
1.693535460835684958e+00
2.159393609078827048e+00
2.775597145739521210e+00
1.838257351689975838e+00
2.035644192937098307e+00
1.777374563021957066e+00
1.650937553290949822e+00
1.232611663297391136e+00
1.593631540183347628e+00
2.835708809881234416e+00
2.247671712801061261e+00
1.698307560546855832e+00
2.397424168259301602e+00
2.588995647627273300e+00
2.207824024768382465e+00
2.157569912873028350e+00
2.387264141962089248e+00
1.743609430231237045e+00
1.798103191538829915e+00
1.633130384007026814e+00
1.652569622557685136e+00
2.425863952616828634e+00
2.228438443533640179e+00
1.760123955541091911e+00
2.356248421792419556e+00
2.169519641949158029e+00
1.789548831951535135e+00
2.266324814672218135e+00
1.493669953141089968e+00
1.994905370041553772e+00
1.441350106876207349e+00
2.361063102750317277e+00
2.569525801982175395e+00
1.754214955256457653e+00
2.659268480638796284e+00
2.344482923240271077e+00
1.859901779086858165e+00
1.314377318747990575e+00
2.047231819373497963e+00
2.552845285971812928e+00
2.599920503874161959e+00
2.695036249127260142e+00
1.539679491993717342e+00
2.346764164719853607e+00
1.773442302585485741e+00
1.339016979780942362e+00
1.519515200123434440e+00
1.296065716993729966e+00
2.443703860497688840e+00
2.394932243584372067e+00
1.790459459693383604e+00
1.830279178302941290e+00
1.486097925664057628e+00
2.147583767612272432e+00
2.160213095217153878e+00
2.335222511475552043e+00
2.047390291471483437e+00
1.969393802420878803e+00
1.881922959593457012e+00
1.713322685668140055e+00
2.406937707172176033e+00
2.136138073907670076e+00
1.955000092224907782e+00
2.242217066735185060e+00
1.636691829889364236e+00
2.246296534176905890e+00
2.445142126853613096e+00
1.400815823310077590e+00
2.272155867944622987e+00
2.384162364857040473e+00
2.137967754311327795e+00
2.293658167017063931e+00
2.850809462529448002e+00
1.702620936641199512e+00
1.188763261092206758e+00
2.242847738939460989e+00
1.529637243752935749e+00
1.684889265752474108e+00
1.229830319911430658e+00
1.916529633093179141e+00
2.325305562687733030e+00
2.559279368952125377e+00
2.561245942877981907e+00
2.273318002589770792e+00
2.143247831947892479e+00
1.537822785600440278e+00
2.345939095536214047e+00
2.179993699120133854e+00
1.721841827398109093e+00
2.359557143180305516e+00
2.093252347481075137e+00
2.270981314203003087e+00
1.243632071262123606e+00
2.401495247624565899e+00
1.664826646787294528e+00
2.269874752172259313e+00
2.755211857508576223e+00
1.740982718903758997e+00
1.121093476214300111e+00
1.695911548647831557e+00
1.404510324499663509e+00
2.437650705505122861e+00
1.738285889783472760e+00
2.537107284756525249e+00
1.616503412509575188e+00
2.500224710985879284e+00
2.622441799355002878e+00
1.667603180841592758e+00
1.452260782606535017e+00
2.108704494748885327e+00
1.907294227556873611e+00
1.977244474049807410e+00
1.863927645673957967e+00
2.032589760395111966e+00
2.117451785427303612e+00
2.058747799871485817e+00
1.867171578231307416e+00
1.449863063782567352e+00
2.298178970167461976e+00
2.572562240046666560e+00
2.279786045673255046e+00
2.567327281038495279e+00
2.252964303818148384e+00
2.623010045284375202e+00
2.015433828473911504e+00
2.182304050357190661e+00
1.611246421111406590e+00
1.698357275365434571e+00
1.686891113347063875e+00
1.728580781428698199e+00
1.616414775767011980e+00
1.518222605831140992e+00
1.597647642018340086e+00
2.659457892325590933e+00
1.679699581109056261e+00
1.944025022616942433e+00
1.691200338769980993e+00
2.250774046655742211e+00
2.679841661686987564e+00
2.248382888065815877e+00
2.900296482782227070e+00
1.905355180496886014e+00
2.184318427140201191e+00
1.227397567672288803e+00
1.312312131500896095e+00
2.593084619163923854e+00
1.782878397657217562e+00
1.231544215881517079e+00
2.416315931309920728e+00
2.196802406682627939e+00
2.333214203983392743e+00
1.497858459451369528e+00
1.287243646571841094e+00
2.174286220460142527e+00
2.286571455649593965e+00
2.416011236075558788e+00
1.969179678041125481e+00
1.530697435410775853e+00
2.432394730875445887e+00
1.742148506673253383e+00
1.298055286163242394e+00
1.886017700728604307e+00
2.031524870353159429e+00
1.756706706250889649e+00
2.409430797917423206e+00
2.124191492708233042e+00
1.760187125216242876e+00
1.334513817910810696e+00
1.580587643358935424e+00
