1.443142917256154067e+00
2.197856823835858453e+00
1.558298452688537061e+00
1.469956486034536214e+00
2.479488359847263013e+00
2.000226344087514541e+00
2.511504221305482343e+00
1.969579942686859209e+00
1.196210985230794721e+00
2.175298616582590938e+00
1.717965654716576029e+00
2.388029446261556110e+00
1.712158321662957228e+00
2.165709878907811969e+00
1.785698128328085943e+00
2.284612799997366217e+00
2.126717647216971763e+00
1.643629095293775544e+00
1.760944172199425450e+00
2.287101684597795170e+00
2.621090143845614673e+00
2.574340194111401914e+00
2.098579453920534910e+00
1.653300402219141318e+00
2.636832092609309175e+00
2.406253777400533700e+00
2.172979333653891842e+00
1.471908933237135786e+00
2.123955538707171797e+00
1.840278278113912425e+00
1.554798630655282565e+00
1.669760996230589711e+00
1.970864726276831957e+00
1.205603132091352947e+00
1.325667508165048414e+00
2.608358417718052102e+00
2.019886408083175766e+00
1.653888776269797578e+00
1.558290342125387973e+00
2.494478893120954943e+00
2.037609095759782551e+00
1.465635262031401709e+00
1.608271514241314204e+00
2.287793071770350739e+00
2.800786517843103507e+00
2.079208243400544553e+00
1.679666887182424961e+00
2.040205137632254306e+00
2.287898402126708142e+00
1.738436151833241183e+00
1.648538178688292888e+00
2.623969520999937188e+00
2.030963446189338661e+00
1.362955783449767644e+00
2.197877255020321385e+00
1.676853372676419429e+00
2.604507998018719128e+00
1.939669743245126421e+00
2.016673849142502029e+00
2.358765445758839618e+00
1.691477134882627853e+00
1.780436368462258834e+00
1.802693958807306096e+00
2.727971697015977526e+00
2.406024789363344851e+00
2.606219339948099734e+00
1.935707519164381107e+00
1.481355884952690438e+00
1.278936910370008118e+00
1.247563065814389027e+00
2.071966967737708387e+00
1.944716568487746322e+00
2.147181599466426061e+00
2.695041578716842245e+00
1.906478376570196254e+00
2.126053686701405709e+00
1.937531786251028620e+00
1.760194382620000830e+00
1.810740882158378362e+00
1.918143524885592255e+00
1.754997113589715774e+00
1.509561172030879472e+00
1.489670288394056019e+00
1.712972526647716931e+00
1.801404219203486257e+00
1.644236414924693968e+00
1.413924770600252456e+00
1.456030571953530472e+00
2.283112021156157745e+00
1.483398512736187724e+00
1.764807958993541259e+00
2.183751962801227187e+00
2.532988022629119484e+00
1.225815216016465925e+00
2.277600748311607859e+00
1.784004208115595125e+00
1.190408904606367280e+00
2.270833608789243563e+00
1.840689692794023946e+00
1.545428008696166700e+00
1.382528298183405502e+00
1.389117911951086803e+00
2.378785906892384894e+00
2.479895696222321977e+00
2.469128975070918663e+00
2.530254091510424352e+00
1.702188011195635564e+00
1.598595775076326664e+00
1.717191773065027904e+00
1.607671203880335131e+00
1.625166852110212723e+00
2.046787956302596356e+00
2.304387058589170145e+00
2.559720108128568317e+00
2.281334782640458858e+00
2.259296273063511329e+00
2.453477955324902204e+00
2.190646149272584609e+00
2.330820667039426475e+00
1.680986631843613521e+00
2.525931046314992212e+00
1.628623742082509152e+00
2.282317710740097372e+00
2.019497882456575244e+00
2.091615244514138716e+00
2.435914048048782199e+00
1.663457883683401306e+00
2.671734171941156255e+00
1.699439720005190946e+00
2.279410829203825983e+00
2.198880760833532566e+00
2.357717858248851606e+00
1.285530640713100636e+00
1.421738129997201616e+00
2.100787494215250018e+00
2.377045705181264346e+00
1.979742336345200027e+00
1.720435362384457267e+00
1.816153622501768261e+00
1.930667136368216408e+00
1.463011348709488901e+00
2.370754286368604191e+00
2.612108562161350900e+00
1.435779145881674879e+00
2.478217956907384334e+00
2.064376943848337476e+00
1.350697400634828016e+00
2.449468644608579826e+00
2.556780755776820957e+00
2.062279889324853066e+00
1.327488777446227619e+00
1.407122694822525721e+00
1.276501775679215189e+00
1.698514096454410760e+00
2.504262213159781592e+00
2.009119570531477272e+00
1.930452032958986042e+00
1.966930452540701424e+00
2.278138246647556375e+00
2.733083916585027140e+00
2.550441714787873515e+00
2.492701294272936963e+00
2.085033996548165014e+00
2.266918351011454114e+00
1.252244203074051709e+00
1.532393591332029459e+00
2.597326564094892376e+00
2.613190643105510524e+00
1.405121278140156749e+00
2.117111328295773198e+00
2.820067040557574067e+00
1.696218709221221088e+00
1.635764349047508670e+00
1.613102655287397269e+00
1.666967219387951893e+00
2.017055203083916837e+00
2.117951066785541236e+00
1.671857510914836809e+00
1.721025872767373954e+00
2.465112274290007122e+00
1.924712285339758022e+00
1.257192697210284704e+00
1.888266489216414712e+00
2.327514280399844093e+00
1.668790409822650034e+00
1.673167320036288874e+00
2.069080189163907235e+00
2.143698505842529745e+00
2.289061285466915674e+00
1.619105187974673177e+00
1.862509318877786590e+00
1.778254493081929510e+00
2.358236766744083113e+00
1.979616918872600717e+00
2.052663735068064987e+00
1.861324340621207885e+00
2.297949334765150287e+00
1.669557122779463221e+00
2.264910250257528901e+00
2.110308658365997125e+00
2.103780956912583378e+00
1.747362113709918674e+00
1.647181636826617890e+00
2.289583684529842955e+00
1.343575819050222497e+00
1.805383659379004690e+00
1.594688561131905935e+00
2.070337975947272646e+00
1.784715930873464362e+00
1.954500948807629035e+00
2.195545336366160782e+00
2.456830336993793829e+00
2.061364407737424020e+00
1.885565325994631447e+00
1.445598579723178290e+00
2.061873543355002170e+00
1.649454898311705664e+00
2.259081624189854143e+00
1.710766162533304380e+00
1.409995843083906575e+00
2.791956749970299967e+00
2.562289356477833735e+00
2.342995954304134543e+00
2.381480964938547107e+00
2.272875287510929709e+00
1.659043083891969417e+00
2.114331702178163575e+00
2.289649224897214896e+00
1.570859509872748472e+00
2.366226409611134507e+00
1.169161593817258815e+00
1.857728313939662534e+00
1.676956935689918993e+00
1.885891461586585383e+00
2.639596222130019321e+00
2.059390618383889482e+00
2.701888951046364618e+00
2.074861033668274679e+00
2.260898566059454495e+00
1.344703264947850530e+00
1.757348825166417772e+00
2.096343849345495780e+00
1.914523172464112299e+00
1.430185453479936530e+00
2.326951002828284487e+00
2.058744677945055113e+00
1.354485322056537155e+00
1.833096154148839529e+00
2.009457561108511925e+00
2.144957399873522963e+00
1.927977750354801234e+00
2.024181855719709322e+00
1.733315638878219378e+00
2.615055443325444706e+00
1.617382544670034950e+00
1.260055581144872372e+00
1.553500777310426795e+00
2.295482357103078463e+00
1.463646911826386621e+00
2.207817725619900528e+00
1.499420754830954827e+00
2.191754853476283849e+00
1.374729940764717107e+00
2.211788867586595764e+00
1.201534071507460055e+00
1.563374515074009707e+00
2.300686689710375710e+00
1.720686166198447609e+00
2.080651031211357527e+00
2.192289536309086628e+00
2.521699410438151379e+00
2.036516669880747976e+00
2.689230163488027792e+00
1.401317050219651916e+00
1.970902905775887781e+00
2.528609846250493121e+00
1.150919062018973982e+00
1.955276459050206306e+00
2.327437787079461362e+00
1.645773002445398037e+00
1.727695279415042195e+00
2.461105682313411425e+00
1.772559847959398027e+00
1.378748126888929004e+00
2.314479073104495743e+00
2.221461082594185399e+00
1.754319395337210707e+00
2.627680604550289623e+00
1.984611273389473851e+00
1.515286507376049308e+00
2.364329534978411029e+00
1.556753584338603336e+00
2.229213205553187027e+00
2.218252663491902865e+00
2.634203456680038080e+00
1.558593084554129593e+00
1.752822558379734552e+00
2.271516502282361571e+00
2.548887157297741624e+00
2.217282474601066866e+00
1.709305498369683374e+00
2.936839913879343733e+00
2.298818142376011231e+00
2.656576898884017268e+00
1.546100715259515201e+00
1.688706191526441636e+00
1.811388759267300141e+00
2.633223245212302999e+00
1.771631811283941094e+00
1.550516605933511372e+00
2.133186493581582077e+00
1.697053374270506287e+00
2.109699362285011759e+00
2.328150311082021862e+00
2.565135242523164827e+00
1.922470387759785293e+00
2.092857729518266652e+00
1.159317513191074234e+00
2.093077631732780830e+00
2.381201021521227812e+00
2.134781065739296047e+00
1.596490747072192296e+00
1.459377140650135685e+00
1.794804187055091260e+00
1.861876391307086820e+00
1.400826272807535799e+00
2.498213212481085410e+00
1.435989068854329531e+00
1.480828889987357622e+00
1.678299160287696878e+00
2.780313708919921911e+00
2.211052662360175169e+00
1.366140620676289830e+00
1.967485855356341462e+00
1.786207974396786469e+00
1.754619591746692908e+00
2.215972811704428835e+00
2.036889383971313805e+00
1.737363980402817809e+00
2.794359970937123627e+00
2.430817434448140801e+00
2.072862883357118768e+00
2.420518503314412762e+00
2.371952974420112437e+00
2.234670554240586693e+00
1.996799938786051554e+00
1.723745599757176894e+00
1.562176040516507047e+00
2.469210127102846819e+00
2.138554201295268964e+00
2.405719604589158678e+00
2.453905663851258190e+00
2.463730104441222757e+00
2.366656522564507981e+00
1.547938377772091423e+00
2.213138773705858320e+00
2.013619059556053692e+00
1.791763306747334417e+00
1.324828674655047944e+00
1.876555956919084611e+00
2.157888946882289272e+00
2.783011818970316575e+00
1.575988595351061505e+00
1.811661636053107483e+00
2.017672682059258982e+00
2.756029104536505514e+00
1.689879349341978365e+00
1.934871944304333180e+00
1.236009971656495177e+00
1.460815465822994152e+00
1.439440952254991579e+00
1.452056964103476178e+00
1.732605608291788890e+00
1.405622349578681929e+00
2.152839992342985731e+00
1.309155178428791144e+00
1.555362765468795816e+00
1.435898636023869912e+00
1.921390945927227145e+00
2.837244325631425923e+00
1.716576642148241127e+00
2.312742800683670552e+00
1.714101089176949699e+00
2.510920679397409927e+00
2.466973764490695942e+00
1.667677043501795353e+00
1.939038255425055812e+00
2.095626601419915858e+00
1.842756824767419754e+00
2.138518587862510145e+00
2.139950028220339195e+00
2.055368579288245456e+00
1.730685648639920471e+00
1.773024780957744628e+00
1.329689451513649479e+00
1.774874042710429922e+00
2.646129908106300554e+00
2.260041224827129991e+00
2.515336918620276307e+00
2.353408153039833195e+00
1.927827865881023950e+00
2.380088573137664643e+00
2.533898149452483040e+00
1.806065804592384971e+00
1.926582355036894567e+00
1.888765989479655794e+00
2.397136324197163493e+00
1.445021189128081307e+00
2.043538024781418549e+00
1.529075067066731242e+00
2.041224990749752166e+00
1.896721503220712979e+00
1.958422433898059367e+00
1.733284902712884934e+00
2.415161276527843626e+00
1.633157514618646111e+00
1.645050073854238182e+00
1.833593018114574758e+00
1.221494093346512155e+00
2.297540289190887819e+00
1.442489259213067143e+00
2.004679420454130057e+00
2.593819538709030148e+00
2.183101287384166866e+00
2.362298847122998424e+00
2.446090016714011384e+00
2.689289679150791201e+00
1.474864863665299231e+00
1.835536014599121302e+00
1.835689484449765096e+00
1.619725527014760580e+00
1.783214447712367257e+00
2.215442905460347056e+00
1.518609875702566780e+00
2.111546695189199241e+00
2.729927356250778647e+00
2.063861099310846381e+00
2.029133680724712452e+00
1.862779647484470891e+00
2.433424401045312990e+00
2.874688241924487020e+00
2.169419371432270705e+00
2.297732101965805462e+00
1.779186132716497504e+00
2.315273829558596841e+00
2.475616777343451425e+00
1.830469970359462017e+00
1.630406379716061949e+00
1.669050306646762571e+00
1.367389194259707397e+00
1.683673205185306276e+00
2.434039690676147227e+00
1.289569826322611856e+00
2.326977485001291868e+00
2.254680326939859647e+00
2.037632786985789313e+00
2.635274121902015487e+00
1.255845041647778881e+00
2.313958116857223413e+00
1.331870214682443709e+00
2.355809243512614337e+00
1.114286000321750736e+00
2.765945423397160319e+00
2.389126424816339522e+00
2.083860270374292334e+00
2.315863760453351183e+00
1.926816925989228935e+00
1.509327521743289324e+00
1.579568960137628153e+00
1.840267793667740959e+00
1.199022458697568183e+00
2.492784630009972524e+00
2.461267723877685221e+00
1.664469673526054461e+00
2.527494562832008018e+00
2.658372306890830039e+00
2.341886756827444405e+00
2.636829668217200329e+00
1.773204618045725045e+00
2.758169265234807987e+00
1.780019968298180988e+00
1.476638109578616520e+00
2.229206729603881332e+00
2.021388690254327436e+00
1.814131063517370634e+00
1.807875883088602587e+00
2.285660765738135591e+00
1.921136673367011216e+00
1.314838254468488010e+00
2.589444872921312868e+00
2.654931205653605630e+00
1.434374100836209198e+00
2.116619601206126688e+00
1.694310511921545359e+00
1.337137090918214533e+00
2.083332169488386398e+00
2.583527913811241028e+00
1.973327014837751525e+00
1.942591846961283730e+00
1.695615025901207051e+00
2.418680128744175040e+00
2.555410533750174906e+00
1.574560642473541883e+00
1.791037142867999865e+00
2.260745480190560208e+00
2.789849168146253611e+00
1.682988041469227092e+00
1.383865206579455664e+00
1.593449949835401114e+00
2.105228730421143446e+00
1.812917726217578629e+00
1.612464143598925093e+00
2.481467142048005226e+00
1.662942894654446890e+00
2.548467390012230105e+00
2.494778310035493885e+00
1.469824169934468516e+00
1.399236497977225380e+00
1.811449019916524961e+00
2.387616783235472440e+00
2.384998592345665802e+00
2.236828754449788459e+00
2.451535192354488579e+00
1.620454176641674904e+00
1.172134582363539401e+00
2.332238446220080696e+00
1.413830719754266774e+00
2.338370125610277128e+00
2.413670243084473643e+00
1.446933260679019284e+00
2.176622341204087263e+00
2.242851393938428473e+00
2.655918489822172823e+00
1.278112892763918262e+00
1.314685335814389067e+00
2.060519288963909013e+00
2.154013517900058350e+00
1.553177552684200879e+00
1.775887452034918601e+00
2.621893982563894276e+00
2.059301951503257566e+00
2.434323000777299129e+00
2.555856824429840302e+00
2.455322505840085601e+00
2.118737896175545199e+00
2.259859824647451276e+00
1.499877197424562159e+00
1.693849466102468337e+00
2.455910592258624181e+00
2.244882552027363420e+00
2.538253054270355857e+00
1.753223370091166355e+00
2.146997539274874356e+00
2.473987730597291712e+00
2.026563476826860999e+00
2.401619295546999489e+00
1.706254160995187785e+00
1.745685504832001911e+00
2.251880429558339891e+00
1.744865916769712477e+00
1.648714594890025698e+00
2.009779923049669570e+00
1.762752173242581488e+00
2.176091566497013741e+00
1.960879611641647369e+00
2.875120629872039313e+00
1.713356539460944239e+00
