2.253650296420692811e+00
2.178187842059416290e+00
2.060160330404251283e+00
1.768231552784657046e+00
1.867860160038462780e+00
1.897252908125316218e+00
1.853801598421395358e+00
2.275049674728806259e+00
1.696297960532857640e+00
2.377013288476494068e+00
2.349775468356940067e+00
1.377753186743087443e+00
2.429586612444399663e+00
1.942280871362069616e+00
2.042867963083523364e+00
2.202462971990048146e+00
1.628389031000721854e+00
2.159108242717929116e+00
2.029972920999854935e+00
2.029067447149275782e+00
1.565229539324062280e+00
2.300650610391380635e+00
2.815387366939340552e+00
1.772933829077478540e+00
2.098350325861566112e+00
2.117232355286287060e+00
2.461012614884382277e+00
2.136139704488438262e+00
2.361327452473317656e+00
2.026670658177759599e+00
2.310449609209543009e+00
1.980930641466053466e+00
2.562183611356949164e+00
1.879511912580985378e+00
2.272835237309696943e+00
1.267847384641472175e+00
1.302695599349243949e+00
2.513086560926295565e+00
1.383513364131617518e+00
2.214640254516373474e+00
1.905581444464748753e+00
2.143104563759240300e+00
2.705149204151251041e+00
1.886127887436868544e+00
1.949603508459138101e+00
1.887239038964016791e+00
1.969141298731928780e+00
1.771097309307362755e+00
2.448120565516449076e+00
1.919219237605197970e+00
1.929798885127875785e+00
2.072581084993403877e+00
2.021719432558953589e+00
2.284904655675137342e+00
1.896605015603706423e+00
2.214098339142586802e+00
1.397838611517558505e+00
1.672712351369342265e+00
2.146114571790072922e+00
1.040212409002460703e+00
1.754605534438934189e+00
2.014080629563785418e+00
2.144933777860640767e+00
1.809730939913808623e+00
1.988010322710145328e+00
2.481314889468985818e+00
1.634536122019600857e+00
2.198986681385685316e+00
1.807704693752644420e+00
2.096280764991103496e+00
2.539765609984677486e+00
1.242194646690766069e+00
1.977603145183349120e+00
2.625289067926688702e+00
2.689577311202963728e+00
1.748960996119972133e+00
1.402536334348461589e+00
1.579575547644594957e+00
1.710137661054800251e+00
2.435752676350168233e+00
2.158990080437708237e+00
1.930512690123423525e+00
2.594746030090344213e+00
2.262947672438070601e+00
2.695277911361784184e+00
1.592355821286805639e+00
1.534454456730419025e+00
2.037789913865910130e+00
1.924557173075928773e+00
1.905378184551441034e+00
1.843601699586582710e+00
1.999162420895253867e+00
1.967542609086130323e+00
1.723095757436344577e+00
1.498715110023213004e+00
2.300491637091504948e+00
1.538116212605761257e+00
2.726416044215879353e+00
2.594906159861061212e+00
1.902503001242805469e+00
1.339422103093732774e+00
2.661834041126150296e+00
2.606301609229949356e+00
2.404474738217576846e+00
1.793616624340193866e+00
1.493390186442523859e+00
2.371798661371669503e+00
1.375873452087791105e+00
1.675657102088916162e+00
2.023403112264464454e+00
2.080027237385517314e+00
2.556023126105981369e+00
1.731463871016941880e+00
1.893339015045238494e+00
1.786763822517128286e+00
1.501146154611495032e+00
1.988003205260645334e+00
1.848251519152588784e+00
1.454314679443762248e+00
1.893681713365105601e+00
2.221250222849093792e+00
2.808932431168965849e+00
2.145446657978300919e+00
2.488825334132443778e+00
1.755411057719993950e+00
2.299128431028691466e+00
2.133824575284565483e+00
1.701903819282953201e+00
1.841629429950861319e+00
1.640393341049728004e+00
1.846005739334784401e+00
1.855219458062419946e+00
1.803750053213113658e+00
2.198787424185240535e+00
1.872623802821139494e+00
1.529877277760929299e+00
2.065963608752499070e+00
1.750396211447325268e+00
1.519753688879012632e+00
1.768988275604318927e+00
1.914933384234374980e+00
1.232093133540066887e+00
1.660567712676527474e+00
1.949587294176629015e+00
1.787341479850809822e+00
1.227269494926289672e+00
2.629530932649531749e+00
2.315287453232471648e+00
1.203483785920853144e+00
2.480447154481628225e+00
1.814074179553050836e+00
1.548715170304665767e+00
1.409269842252479199e+00
1.234179512367965970e+00
2.208521240510052053e+00
2.468020290961025598e+00
2.050277449873131985e+00
2.372772203779902167e+00
2.661263817835396228e+00
2.016866937281646344e+00
2.367536415021174179e+00
2.074951720304988978e+00
1.452806927553424776e+00
1.348858957634255784e+00
1.651536439134952072e+00
1.877868454318297076e+00
1.146928318566919902e+00
1.399959223335047298e+00
1.505901050341936553e+00
2.056915484557409357e+00
1.874274388762154686e+00
2.676723915207615434e+00
2.380804974150050768e+00
2.124197441355209826e+00
1.478836322711509998e+00
2.138939250748415510e+00
2.305779735454917212e+00
1.495810053031896736e+00
1.416386138159998032e+00
2.855256257703459699e+00
2.376631873947246287e+00
1.939382239631590510e+00
1.565939130614805386e+00
1.273560354719569299e+00
2.067273544504535376e+00
1.339482156858469164e+00
1.626765293535691104e+00
1.436651093720668682e+00
1.473388593516780976e+00
1.327956402999759256e+00
1.936295957063948858e+00
1.449199141590307160e+00
1.779535028413147479e+00
1.315967379028929907e+00
1.954719210118981643e+00
2.175491988421761391e+00
2.453459260760000760e+00
2.333342889496329953e+00
1.287462446852833953e+00
2.103113748006347095e+00
2.246534673456284548e+00
1.766283087444829647e+00
2.396180553311013206e+00
1.319924258077061374e+00
1.411932630263599275e+00
1.447880059249145424e+00
1.844824634043009226e+00
2.148642851522816866e+00
1.542549498096088545e+00
2.070274944277331386e+00
1.732266919219155321e+00
1.731458757661474390e+00
1.842668840552617038e+00
1.558229818786212473e+00
1.593575593779739563e+00
1.902948201676060380e+00
1.658086129461499914e+00
2.545097248594936801e+00
1.592769834477924640e+00
2.392909184780312337e+00
2.425166548667608613e+00
1.712725669281154772e+00
1.894398005251241468e+00
1.815538563259856186e+00
2.045770155220257180e+00
2.490669582575290697e+00
2.120550802037250548e+00
1.530983059919547307e+00
2.144459947595836802e+00
1.111820226832366254e+00
1.438873211733199264e+00
1.394770187566649611e+00
2.055880709861362288e+00
2.448957444754254809e+00
2.263655014734109017e+00
1.666364858641537161e+00
1.928668388543609780e+00
1.938227462630266462e+00
1.836987029352682432e+00
1.774561305018451884e+00
1.764281873304750059e+00
1.317647783652193816e+00
2.021756649596801125e+00
1.934803496633748177e+00
2.640082811281375896e+00
1.710531128867181838e+00
1.108144865329720341e+00
1.848717828443351419e+00
2.766863438833528477e+00
1.436476029762105533e+00
1.450612552285439616e+00
1.559263458845189465e+00
1.683152160082348914e+00
2.340832036417290318e+00
2.097182308332204315e+00
2.334185815198338787e+00
1.713298272443293913e+00
2.468917271040706130e+00
2.070112909207820984e+00
1.403270500543948973e+00
2.168995606077844585e+00
1.865376565841423639e+00
1.890857145833055419e+00
1.422127791350157100e+00
1.828464838911349588e+00
1.561418467527222687e+00
2.552174435687111220e+00
2.093026816480813679e+00
1.706972287512356967e+00
1.996802371553226152e+00
1.694140988382431878e+00
2.022149860558480228e+00
2.166288479119241828e+00
1.678364998605160086e+00
2.144446414552515279e+00
2.232153468774404015e+00
2.437353877154712301e+00
2.164587358464737044e+00
1.982329265182270595e+00
2.058718990173500352e+00
2.448626537472267106e+00
2.704443013705447818e+00
1.841683008651670006e+00
1.840999483946851312e+00
2.169837285243136904e+00
1.443165774766044684e+00
1.649107539593731353e+00
1.427472471251862718e+00
2.472937771690141950e+00
1.988649353361529259e+00
1.357755859366920781e+00
1.846693863531699398e+00
1.615712791574894336e+00
1.402696249443666332e+00
1.805378149453274128e+00
2.771248612414414225e+00
1.893725771545544223e+00
1.742459455068661622e+00
2.011362600236854092e+00
1.641043103412184845e+00
2.001435590974513623e+00
2.375991294555120259e+00
1.510519780110222587e+00
2.067030087461608989e+00
2.240323853944056864e+00
1.376296591276338077e+00
2.593168757929990242e+00
2.571868195130778023e+00
2.445475830949827234e+00
2.349208075869839263e+00
1.439405857000965350e+00
1.733945380277817527e+00
2.173352820578097422e+00
2.237270552320331340e+00
2.386599993472084513e+00
1.806669711309349724e+00
2.420647166031662856e+00
1.941041436048488222e+00
2.085029736331325712e+00
1.085610663332521542e+00
2.431361610407616780e+00
1.581519662108490820e+00
1.899907636803831901e+00
1.945591150955257920e+00
1.908365338179359938e+00
1.650347741767384857e+00
1.203256181623802989e+00
2.032744351931500937e+00
2.079456094033891311e+00
2.342906130336902759e+00
2.192545744294394083e+00
2.429761278089751286e+00
1.217624399447437611e+00
2.546833077426680525e+00
1.363056738639622623e+00
2.321428779047094881e+00
2.436457152356400258e+00
2.015614627295998051e+00
2.538020932204992697e+00
1.870799228326753161e+00
2.503803414729516952e+00
2.557163481286079065e+00
2.407676556297973391e+00
1.572947345531830354e+00
1.985952751548980100e+00
2.197089087325128087e+00
2.752304672054697754e+00
2.257968956312369713e+00
1.732675264012744076e+00
1.625038392833032752e+00
1.263014785088369951e+00
2.219621039463887335e+00
2.506268674385460749e+00
1.401323254368627147e+00
2.156944459168542494e+00
2.779589806023730958e+00
2.000088801055613708e+00
2.019514722544351493e+00
2.682527935397198249e+00
1.647763561717293435e+00
2.335971658559150121e+00
2.041970894347567178e+00
2.003278323395951244e+00
1.458443474633952963e+00
2.282910835790743942e+00
2.157940307833049243e+00
2.157351678421223440e+00
1.986453055602996010e+00
1.366224092838391080e+00
2.372151966195922057e+00
2.357099329240514685e+00
2.032774161085742382e+00
1.756267589871198354e+00
1.592913296363827946e+00
2.294796054999495905e+00
1.842822634243888036e+00
2.005368686706154868e+00
1.990507704795655641e+00
1.822111927729896497e+00
2.360041343955407989e+00
2.339395406819700263e+00
1.709579899006312242e+00
2.322156027583803350e+00
2.838408125850820252e+00
2.485569348788483790e+00
2.510886611967972470e+00
2.962707952242479514e+00
2.690938088407243800e+00
1.883258319901111033e+00
1.949619891720301368e+00
2.040970333557108329e+00
2.604354302366599150e+00
2.105149461202127092e+00
2.191749239250000869e+00
2.181610149129174836e+00
2.459287614309324077e+00
1.582205676128505267e+00
2.320347041512261121e+00
1.851052125122433889e+00
1.232565067969489503e+00
2.343525099768643649e+00
1.907356943240643421e+00
1.903984636026418542e+00
1.777674299106218658e+00
2.309485632636429919e+00
1.555032875894356792e+00
1.265700733483969609e+00
2.125028404392925729e+00
2.192302964487451877e+00
2.172039940855247320e+00
2.324984784158486306e+00
2.285551419080828595e+00
1.475311181420332129e+00
1.697939490319793965e+00
2.461260618094808006e+00
1.913944449547586357e+00
1.998173623837731672e+00
1.917675250627457917e+00
2.331745656409605516e+00
1.566491947684369945e+00
2.015323907438467010e+00
2.057516955996841368e+00
1.587154969737084143e+00
1.829323906488276918e+00
2.472266774574569226e+00
2.314088734797335789e+00
1.852385021701916878e+00
2.481538030803524641e+00
1.870206631535888953e+00
1.668224973987324722e+00
1.628600751291100046e+00
1.249532629601676215e+00
2.224093060073447425e+00
1.381815037565452098e+00
2.545991127255451403e+00
2.459667163808391344e+00
1.979127775882908225e+00
1.513494659869624392e+00
2.274375566196198406e+00
1.964352409542436062e+00
2.623114512345749105e+00
1.505942594589675387e+00
2.252633559826209719e+00
2.662070659700435549e+00
1.469055752367732337e+00
1.797301748862392579e+00
2.138478132941624033e+00
1.502332208720152051e+00
2.377442846089111494e+00
1.716080050410094593e+00
1.750403690666773038e+00
1.164431579393397476e+00
1.816217566862145860e+00
2.635216512515535126e+00
1.565044597003757865e+00
2.558461324365643552e+00
2.320579828178108706e+00
2.255128478814514725e+00
2.269407251281719162e+00
2.450276974630791749e+00
1.599541111734572141e+00
1.759393146290866072e+00
2.343485045254938726e+00
1.383836424271632559e+00
2.591797060827404131e+00
1.425307947341413861e+00
2.576723517216599646e+00
2.024249581576492485e+00
1.929886696000642221e+00
2.573964032194721696e+00
1.416083474452251467e+00
1.765546819314529170e+00
1.492448893876354266e+00
1.071590184024201253e+00
1.747489363480233759e+00
2.789037628356918930e+00
2.100660722561269900e+00
2.227982607905778956e+00
2.653042771823196144e+00
2.070090875422005539e+00
2.262808645433481924e+00
1.389139485312141709e+00
1.724967238615853216e+00
2.033323799685642363e+00
1.713034561320564197e+00
2.819373745393137121e+00
2.427795929253526275e+00
2.241048747096029636e+00
1.651777830531175439e+00
2.496309424372367580e+00
2.750887353502038835e+00
2.335352796771096529e+00
2.048596967225326360e+00
1.985492123612216053e+00
1.327117914655957964e+00
1.785151281249335087e+00
1.121630139914993940e+00
1.782401060146186822e+00
2.388805400550010560e+00
2.555515074052376434e+00
1.831418081060857794e+00
1.771109311197496261e+00
2.344770363744038910e+00
2.446183749810324937e+00
2.108413258413716740e+00
2.405179721543953431e+00
2.023861316842696212e+00
2.147980055271619726e+00
1.487622699818311522e+00
1.457768964455661287e+00
1.470460425099459068e+00
2.334327379571817573e+00
2.173742705525543606e+00
2.419188881996714002e+00
1.619151456707985215e+00
2.260962735124950829e+00
2.398958009252456947e+00
2.062803286133092051e+00
1.840519642345837870e+00
2.527431715284172320e+00
1.284426819233042583e+00
1.890735909763467948e+00
2.179678693670629386e+00
1.887875279391667327e+00
1.233286177251406102e+00
1.308823935869362742e+00
1.529655474999136455e+00
1.454384983604709136e+00
2.053825971733698630e+00
2.802199909823817947e+00
2.576361207695887501e+00
2.067294572540237851e+00
2.110583952463926494e+00
2.527713591609405341e+00
1.433245276245133759e+00
2.478753855169557596e+00
1.699231168504494960e+00
2.338479723164329727e+00
1.774219616270057864e+00
2.250250558972060499e+00
2.516638631344121801e+00
2.116385324688811131e+00
2.091770144622577376e+00
1.662462475184064203e+00
1.459706805087153780e+00
1.964647658831139010e+00
1.579471633447250500e+00
1.685005635567531357e+00
2.267307463703391868e+00
2.761248109428336761e+00
1.658811103024809608e+00
1.356619318981964639e+00
2.228886884253392431e+00
1.654290075794691894e+00
1.777163485019418232e+00
2.577585193628990190e+00
1.547240277358755245e+00
1.751939560732596046e+00
1.877146141968147219e+00
2.217946641609669811e+00
1.888680193442463295e+00
1.828555616263237482e+00
1.600263220170493828e+00
2.027256883314510372e+00
2.089431074530482491e+00
1.531173682076670595e+00
2.775360236095028910e+00
