1.840498324993784518e+00
2.046055669119759557e+00
1.394069671352714757e+00
1.736216926275670591e+00
2.301239547686544817e+00
1.959452230816920881e+00
1.298266898977406436e+00
1.194299487001827087e+00
1.595141518672570147e+00
1.376741004669481017e+00
2.022067697617829563e+00
2.261985390171850518e+00
2.419604903762742065e+00
2.841605016883701929e+00
1.993074058558142347e+00
2.156374949329860513e+00
2.093105779546331924e+00
2.412500412763495916e+00
2.152865869098990359e+00
2.744884369225141452e+00
1.909521323229311562e+00
1.385046700342223325e+00
2.280417945703303140e+00
2.676203764827711939e+00
2.133797531874226827e+00
2.521445258181786553e+00
1.970773987784527836e+00
1.508182044507905939e+00
1.315499265402857887e+00
1.748019294590071215e+00
1.632676319946729349e+00
1.947301582125666508e+00
1.878820867226803859e+00
2.132932326118323729e+00
2.076984944563594837e+00
1.865945467586057394e+00
1.715480781650399855e+00
1.484937666318426386e+00
1.591678991407217802e+00
1.759586892927500035e+00
2.112830534879701627e+00
1.575022823707305175e+00
1.370069149627004768e+00
2.287868783206634227e+00
2.051948235264942966e+00
2.515873864204970722e+00
1.444053420795059939e+00
2.406751179555107534e+00
1.585620863809939607e+00
2.005592913070830985e+00
1.964108284026658158e+00
2.644911958250864892e+00
2.345734761878143004e+00
2.833261565559076267e+00
1.811791091649030072e+00
1.287226954535945822e+00
1.916974185067001013e+00
2.490320357278440255e+00
2.025341379556577337e+00
1.957577137229535857e+00
1.899134988479648234e+00
1.217240618683899100e+00
2.641821540444285965e+00
2.298026790746781067e+00
1.537769809615432415e+00
2.450427235646465363e+00
2.434102966580930172e+00
2.205623356406592794e+00
2.091021472103581580e+00
2.199970646518127015e+00
1.778644780907832290e+00
1.203889838405499457e+00
1.310355350449385003e+00
2.044330865777230777e+00
1.610442189866439833e+00
2.261675836766238401e+00
1.690596309079895665e+00
1.908135315944550436e+00
1.880157800752160879e+00
2.283036261668862643e+00
1.758497372711406603e+00
2.756232872093455910e+00
2.255648692231739361e+00
1.932081226290386589e+00
1.773201232208833744e+00
1.998025106256089867e+00
2.318663850547010963e+00
2.783716029788645407e+00
1.868815366675907530e+00
1.486215590185739011e+00
2.363530147535850556e+00
1.658211581151494585e+00
1.891885545145844727e+00
1.904487123375955271e+00
1.727613776716695249e+00
1.815910566703061502e+00
1.406245548821486224e+00
1.905626940618890597e+00
2.241757233585162101e+00
1.395075389778856145e+00
1.974139047823259885e+00
2.412017254637070618e+00
1.986853854312415013e+00
1.818429905911024713e+00
1.222992269090403372e+00
1.640869370213052125e+00
1.596709269962230282e+00
1.898479735529051249e+00
1.668526360259654062e+00
1.469853227065468948e+00
1.613368432699379351e+00
1.957233785505475110e+00
2.384922789100919260e+00
1.569937224843234169e+00
1.819615996187751161e+00
1.908308198390353816e+00
1.628625002337313443e+00
2.740010248360025713e+00
1.825101207777569456e+00
1.614957336356228623e+00
1.902204252649901006e+00
2.151251532100565189e+00
2.283056303597694292e+00
2.099138969578957958e+00
1.812023484931352346e+00
1.899880516018638055e+00
2.083930902471397673e+00
2.309125533592837343e+00
2.035753378298445604e+00
2.490006162766775333e+00
1.986723936549811054e+00
2.195222314416201748e+00
2.574825891163335712e+00
2.543285029928083141e+00
2.055116074123891856e+00
2.309333841675654142e+00
2.177213392825397165e+00
1.885111613739845371e+00
1.519781107966525768e+00
2.609465505107665173e+00
2.444215625709558637e+00
2.076966076035824393e+00
2.129422787321693100e+00
2.418715276040454221e+00
2.661936613793708606e+00
1.532465318816551569e+00
1.625438819249336309e+00
1.817768651565664362e+00
2.101365738270976280e+00
1.537564299810296076e+00
1.545701977722866660e+00
1.652741577667898643e+00
2.543674523917040631e+00
2.087496795400110017e+00
2.736278487553209793e+00
2.117809494586508023e+00
2.223670960513161265e+00
1.941763047812478771e+00
1.759431543253672459e+00
1.732402556783121383e+00
2.134505673110090651e+00
1.497928289563057680e+00
1.466013005496738630e+00
1.559294272964065087e+00
1.581398179376996893e+00
2.110183198111128533e+00
2.437319487013101416e+00
2.332602129811756075e+00
1.778336777779077948e+00
1.943052919815360990e+00
1.975787168497590951e+00
2.865950645130771690e+00
2.078851686168160739e+00
1.749587130159872217e+00
1.753251449112963822e+00
2.044167714611899278e+00
1.950653521222433184e+00
1.232749154201753905e+00
2.024057712496129646e+00
1.812087141200564133e+00
1.645393967184700657e+00
2.429178866012922988e+00
2.466729933628022842e+00
1.680884728523467153e+00
1.566321702130989202e+00
1.968981755836285874e+00
1.887227045994961383e+00
2.665539667897355969e+00
1.695992618771600347e+00
1.650330476384181289e+00
1.875748671012509528e+00
1.445083256330748744e+00
2.375472339974648239e+00
2.711732533925660604e+00
1.828719019071286311e+00
2.444491801795134034e+00
2.695538524843447803e+00
2.096540721316031419e+00
2.257092790970723684e+00
1.771308278878119813e+00
1.413392398666104111e+00
2.126364831315295412e+00
1.599848108274526171e+00
2.114478134092879547e+00
2.031158318034303356e+00
1.448986100488459661e+00
1.738317302325506297e+00
1.644887665944783528e+00
1.913181159414350185e+00
1.601903914898941128e+00
1.881664951474857794e+00
2.056746974029985520e+00
1.667239522317873979e+00
1.413766433429499259e+00
1.427562188515405062e+00
2.661193771278006714e+00
2.357147251059064086e+00
1.900231177164088514e+00
2.364865093291185882e+00
2.037113658876494426e+00
2.119972138252899096e+00
2.487713988188851921e+00
1.796407708848850149e+00
1.875454215447811546e+00
1.475369479143812113e+00
2.553715783753428781e+00
1.596857031437539209e+00
2.192551789184921773e+00
1.812579938139831537e+00
2.371282856423603036e+00
2.232220758780563585e+00
1.827736522057454849e+00
2.364246730636389238e+00
1.172372250204573252e+00
1.889268812594755875e+00
1.708982539540892853e+00
2.450111538837584924e+00
2.754919287543406092e+00
1.826456539980986893e+00
1.826134332544286476e+00
1.607963620308872299e+00
2.172885133668398527e+00
2.352105269134908916e+00
1.572893851643004881e+00
1.409597504593480988e+00
1.443728561218367457e+00
2.031613853294847338e+00
1.681507156199099073e+00
2.770109892677392605e+00
1.422692135084012266e+00
2.633326519224792328e+00
1.215669850720817902e+00
1.810784547052064042e+00
1.611824401647903082e+00
1.732090652299362876e+00
1.989986080015119674e+00
2.066002472734262074e+00
2.055201582422228057e+00
2.322112598455527532e+00
2.673798055578603616e+00
1.233476799445980543e+00
2.454479764546493747e+00
2.428398883188680024e+00
1.852131453835071717e+00
2.045484990154528226e+00
2.797161358585336099e+00
2.250255634536161509e+00
2.052934642296168732e+00
2.429779596497644079e+00
2.574271659666279355e+00
1.774905468149885479e+00
1.949532574679026187e+00
2.239473997725279553e+00
1.944804054201401122e+00
1.130976538349666827e+00
1.255916779597636701e+00
2.440695646131063157e+00
2.313176556284275875e+00
2.552090820116303505e+00
2.031497584346947605e+00
2.071024339186623209e+00
1.960595149337237553e+00
2.471528396759432589e+00
2.056705972892414636e+00
2.560323244105691121e+00
1.711794327487880629e+00
1.766981872674753706e+00
1.701710273800652429e+00
2.075272930758746526e+00
1.376875614314873708e+00
1.968817240873182772e+00
1.759436582265445415e+00
2.182207728999601137e+00
1.151708555409358681e+00
2.336995748766410586e+00
2.237301720350600043e+00
2.211813542665558519e+00
1.425435110855427512e+00
1.523235373223569500e+00
1.809340830370633091e+00
2.151928564267114208e+00
2.192490851953628805e+00
2.077149065179996867e+00
1.489329594126314493e+00
2.010573886201578286e+00
2.486339438660298384e+00
2.024542897578699652e+00
1.683777847218071333e+00
2.342444825983700518e+00
2.053582759846986683e+00
1.697406698039611417e+00
1.819988976842930040e+00
2.358968036579475402e+00
2.214358900697812160e+00
1.598150740309056239e+00
1.915193792420436303e+00
2.330373319627852435e+00
2.169123435293610846e+00
1.615159634315469273e+00
1.858937137647496574e+00
1.250118473141615727e+00
1.310541927525910255e+00
1.730863970737548385e+00
1.567449236376072363e+00
2.316585544504670580e+00
2.178246743888142323e+00
1.321196186669370887e+00
1.896981599801266460e+00
1.772968570925795184e+00
2.541016196362858359e+00
2.314734442172829532e+00
2.482981886396541160e+00
1.357920321249693973e+00
2.113399960536770372e+00
1.811099686925770946e+00
1.344547737601012649e+00
1.533763943779163252e+00
1.520766807364445139e+00
1.354185846956073025e+00
1.956303875591154373e+00
1.759566554280081574e+00
1.358291862322015042e+00
2.556069159474719577e+00
2.442837249588865056e+00
1.902701126696532352e+00
2.351879914886434442e+00
1.701614409304779585e+00
2.380894983535013054e+00
1.624110007352292051e+00
2.040622503752704375e+00
2.254707519971292040e+00
2.235623022203653054e+00
2.335549445632024934e+00
1.766565520631349751e+00
1.473836960740364299e+00
1.546855546584084307e+00
2.130446654004850782e+00
2.241821347629970873e+00
1.170288100013467947e+00
2.260740074825827506e+00
1.438526145164470416e+00
2.220451806913020576e+00
1.548882089278065255e+00
1.921742188802793905e+00
2.590217354546942019e+00
2.430941858810983014e+00
2.001323304525410851e+00
2.421441164637250232e+00
1.999462040688613884e+00
1.642820006371562336e+00
2.531815194089590548e+00
2.243885716065509683e+00
1.745182995464173548e+00
1.865276162116400460e+00
2.354726157640405049e+00
1.545020396902929249e+00
2.104966820740763467e+00
1.793870758185807990e+00
1.920374295889158534e+00
2.064453778274095264e+00
2.466785896112190901e+00
1.492925132240532582e+00
1.789966555703795370e+00
1.851317742884396544e+00
2.368528140519260639e+00
1.583382448697878697e+00
2.628128099129901862e+00
1.875346713358639450e+00
1.697636085354130575e+00
1.876010186897412169e+00
1.757019291198485433e+00
2.635877499088599585e+00
2.105667276841319158e+00
1.689459759619566181e+00
2.049559373458389011e+00
2.216749029620013633e+00
2.291104603155131869e+00
2.933177226001198346e+00
1.998239580723140119e+00
1.859739541816987529e+00
2.058301394323657441e+00
1.544840131637430281e+00
2.008810278318508669e+00
1.541936265035164677e+00
1.108429975209498153e+00
1.629341234559232632e+00
2.090744002515205313e+00
1.899739867390417558e+00
1.675969484535321463e+00
2.425821201132226435e+00
1.197740505326793103e+00
1.189461103069045400e+00
1.572538124495825196e+00
2.009905846061182277e+00
1.839478614985353477e+00
2.376381868151017152e+00
1.824621108463337471e+00
1.974976412158050421e+00
1.678824743541344811e+00
1.768851862239740669e+00
2.442195473177775078e+00
1.587252549524314604e+00
1.702487094850110738e+00
1.307528060984684437e+00
1.811054524188226100e+00
1.730943257022518722e+00
2.240831436784121777e+00
1.580329447810855825e+00
2.596778372408985014e+00
1.560932295888519228e+00
2.273678899436657019e+00
2.071952132584046424e+00
1.963919656784992585e+00
1.883968037278467733e+00
1.229139257282697573e+00
1.635376484335723468e+00
2.145108182538628672e+00
2.434697482867031582e+00
1.177767423209673092e+00
1.712273837706550950e+00
1.640694336348379245e+00
2.827284807741787809e+00
2.361618907499543951e+00
1.805041082371271255e+00
2.017433716707599523e+00
1.749085554006223786e+00
1.710782952814882352e+00
2.472594466978419891e+00
2.870663941390883878e+00
2.166354760026573345e+00
1.679783445742903503e+00
2.156080384657870663e+00
2.458918186130945926e+00
2.296035916790030385e+00
1.516105929313639855e+00
2.069213122807965100e+00
2.043905373315618501e+00
2.246827474862821195e+00
2.062459093043722547e+00
1.964588320803078103e+00
2.192481102087458389e+00
1.742606805436032857e+00
1.422994705559440298e+00
1.848592538892430248e+00
1.775971716107438203e+00
1.762333165335986607e+00
1.705318354169996109e+00
1.259568389610783434e+00
1.579822501904899479e+00
1.288421560009417544e+00
1.878023553372740961e+00
2.058466653877827568e+00
2.677925335695849007e+00
2.300097551685407637e+00
1.318958523836449848e+00
1.836221082200222288e+00
1.954250715211689027e+00
2.211915094560881201e+00
2.029043102938731469e+00
2.573445358378721348e+00
1.555854285720515318e+00
2.541387755939765292e+00
1.882371685623775548e+00
2.514537786212722281e+00
2.196476996404940873e+00
2.085736643451347128e+00
2.421883369142770359e+00
1.840866116178806910e+00
2.594227390188708515e+00
2.496794139615110542e+00
1.692496981023357217e+00
1.384917205655351147e+00
1.687854062477260886e+00
2.415252642606530387e+00
2.478428763339659113e+00
2.177631604065831450e+00
1.490048873519451256e+00
2.279141591971700187e+00
1.566397782273859063e+00
1.777004687685109552e+00
1.621772678651639765e+00
2.518154928773771672e+00
1.815454185280957589e+00
1.808092468233727601e+00
1.734167645512592504e+00
1.995561046651449288e+00
2.022452832032543224e+00
1.936089214573966322e+00
2.049888902673079549e+00
2.219916356869322094e+00
2.594120014060919299e+00
1.659959028776937018e+00
1.945008999260389171e+00
1.634006735403337851e+00
2.520551602137431679e+00
1.817311541265355768e+00
1.445971810263970259e+00
1.876174548709918621e+00
2.844670197708401460e+00
2.673828930470563137e+00
2.673655396259097650e+00
1.694642297133470255e+00
1.740817795924085587e+00
1.807062662215395576e+00
2.623407726584832567e+00
2.218424259896889517e+00
1.965410149754705404e+00
1.806509703605396311e+00
1.471932305644689798e+00
2.441280036818677779e+00
1.511125892155458228e+00
2.652494361259849498e+00
1.456702934120314819e+00
1.742890307179915332e+00
1.709335114903280717e+00
1.573340228865802271e+00
2.431578799002015678e+00
1.462145712288948074e+00
2.111149682511132220e+00
1.646064226561466892e+00
1.808157139236262534e+00
2.501646877304523287e+00
1.606465417668074824e+00
2.320739077246478210e+00
2.275321012212511818e+00
2.108146003265880530e+00
1.636169005374009444e+00
2.616468277605877191e+00
1.780581566956047634e+00
2.675927066517889585e+00
1.344727610127248729e+00
1.960447308768322294e+00
1.861584705964906217e+00
1.360949901259276951e+00
1.948747098953080625e+00
1.616326841820444393e+00
1.619197020614975280e+00
1.640080790666433419e+00
2.557442010940314425e+00
2.175648775214121144e+00
2.023454707000773123e+00
2.398048614989003013e+00
2.167262304427914010e+00
2.312035166742983705e+00
1.356788928542367767e+00
1.795341835077977510e+00
1.848089532984436012e+00
