2.081309443583166718e+00
2.493693734532257622e+00
1.617102422798663675e+00
2.233287949358477853e+00
2.299136059355478157e+00
1.756098789330754917e+00
2.288086907420257443e+00
1.353829568770240854e+00
1.681304830680333984e+00
1.065687119516226300e+00
2.242473850273673186e+00
1.473753086329217643e+00
2.372766634646551687e+00
1.741160574312849985e+00
2.469273387515228180e+00
2.366146317662790377e+00
1.897911663522943826e+00
1.374520169653596025e+00
1.395453441331206745e+00
1.977431243991073950e+00
2.370321589983903632e+00
1.551044394909181445e+00
1.967729452136920631e+00
2.546918700646056966e+00
2.376571631346643620e+00
1.606314836230991583e+00
2.009722668096387110e+00
1.626708500624586051e+00
2.142216044463927993e+00
2.107589035641162400e+00
2.277273046910933463e+00
2.387150092908004062e+00
1.557576532049093077e+00
1.614508601641727825e+00
2.337124815088680307e+00
2.169264867130619390e+00
2.271660442902389221e+00
2.586401441794411227e+00
2.332158166689298540e+00
1.505158350702598735e+00
1.418912301856208424e+00
2.653469670901196231e+00
1.914823180986864770e+00
1.655673601596079569e+00
2.269861108422317031e+00
2.414125811417348277e+00
2.049273488575590108e+00
2.211944767943865742e+00
1.883181816006795017e+00
2.057873481747968469e+00
2.404519219897798266e+00
1.915636527792815347e+00
2.426101945550890981e+00
2.228624705488438273e+00
2.204052829149415249e+00
2.357559166155312802e+00
2.452332031446727179e+00
2.820421862190520379e+00
2.077362840790160092e+00
2.103511528829446142e+00
1.717579867567510021e+00
1.538080134330149118e+00
2.278281421939495122e+00
1.609255914096969331e+00
2.346318436428985077e+00
2.334385151023037341e+00
2.499986276581956712e+00
2.127571600398233898e+00
1.644980339703374428e+00
2.382781510720745732e+00
1.750032744432336695e+00
2.788230111027821145e+00
2.400136936507352825e+00
1.674918908423025377e+00
2.522008672526697026e+00
2.368257001736732370e+00
1.496422477271543094e+00
1.532091139850441319e+00
1.424093257479787766e+00
1.886755375173220894e+00
2.055064363544225614e+00
1.941494776750562590e+00
1.614474641305601477e+00
1.408924133443561599e+00
2.220412844577218436e+00
1.968600433014157325e+00
1.487360525250858378e+00
2.256267404302168877e+00
1.711218775141129189e+00
2.161961258968443822e+00
2.247070677320768262e+00
1.740933074528229429e+00
1.392889763179463003e+00
2.562671296446163538e+00
1.950974939305716083e+00
1.453043779542889880e+00
2.315466544936636950e+00
1.369145983488332607e+00
2.352186412799666115e+00
2.229097964705836432e+00
2.195089130670737632e+00
2.407208452888452754e+00
1.794360135748296337e+00
1.612832222585554254e+00
2.258395165439016417e+00
2.242804027676164491e+00
1.684576880418487965e+00
1.601320522995989037e+00
2.135972760590403752e+00
2.113629509936305162e+00
2.338808971788245650e+00
1.862684390807846091e+00
2.407843990628588671e+00
1.671781314068950586e+00
1.972623487198809311e+00
1.616647805399944016e+00
2.637202985019114543e+00
1.288424530226496945e+00
2.229653070804205939e+00
2.059230485784968145e+00
1.836925413584704181e+00
1.838245799947110015e+00
2.270813924514538229e+00
1.674485051637595978e+00
1.921368534381768800e+00
2.085736184970517826e+00
2.004787332094029928e+00
2.164922441373357209e+00
2.259580366903417126e+00
1.358378258393172278e+00
1.909862766297974801e+00
1.512806852551121128e+00
2.479483354823493357e+00
2.324320523164316921e+00
2.223719669108176866e+00
2.155637704140155542e+00
2.294590988231341555e+00
1.887582270403091123e+00
2.108151395355159163e+00
2.302341351512708023e+00
1.996902157528539723e+00
1.360787441339669224e+00
2.150487670093318648e+00
2.521557703412826701e+00
1.822586987491837451e+00
1.536123520110536322e+00
2.000438000655094584e+00
1.290488554109755492e+00
1.422018919172529428e+00
2.247776758200682679e+00
1.535857265187915210e+00
1.485120844548264429e+00
2.119949424439270036e+00
1.781900761886044959e+00
2.131813307902246102e+00
1.896293738702378606e+00
2.546026994825488554e+00
1.806939094853873051e+00
2.186733645556394379e+00
1.822674826405997983e+00
1.405506019599221501e+00
1.275443433961083395e+00
1.759247759166071567e+00
2.115813368461962440e+00
2.207278390267188861e+00
2.057847041667403953e+00
1.787656766272481157e+00
1.597955868400391388e+00
1.656223253096013925e+00
2.171428392920548678e+00
1.601309713880028962e+00
2.375141522315738385e+00
2.709479762601718633e+00
2.438794138002467804e+00
2.685055964978444010e+00
1.642031801590427831e+00
2.613367108713249731e+00
1.997516238035783598e+00
2.418164458912468895e+00
2.055880289648787773e+00
1.220026705138377521e+00
2.178902692084585091e+00
1.424334883191956003e+00
1.253786709762661156e+00
1.791408640413581388e+00
1.865222783194545819e+00
1.941797607801055037e+00
1.624112942273842064e+00
2.115677512146025840e+00
2.128320401032724796e+00
1.913687239423225162e+00
2.046350240622700767e+00
1.798192045865797617e+00
1.783326830519818884e+00
2.723662794486418903e+00
1.747482563035053449e+00
1.819763099627303982e+00
1.890154588958961046e+00
1.971963565992113754e+00
2.394964289800352475e+00
2.419018568490060694e+00
2.102236381748321392e+00
2.165405575763491797e+00
2.484715774017197010e+00
1.551997228252550487e+00
1.885383154113244641e+00
2.445762638972020397e+00
2.127771074613720170e+00
2.125285810375063367e+00
2.564613650451583737e+00
2.393388864255453274e+00
2.529185164927468144e+00
1.669698159137771754e+00
2.679089132450110711e+00
2.312875746773489283e+00
1.206347743094206448e+00
2.541598820292285676e+00
2.310933801142160959e+00
2.270905491056951497e+00
2.021748518311901499e+00
2.378664428787307550e+00
2.496026217180270734e+00
1.824415057210728275e+00
2.117663345375571993e+00
1.696566872762991451e+00
1.563574670199320948e+00
2.501152226816754087e+00
2.007709647876764425e+00
2.571999957436258644e+00
1.972570989145951081e+00
1.629632528475274622e+00
2.038113872568177332e+00
2.433506924942061556e+00
2.390312536019012057e+00
2.012362282393846069e+00
2.154388241866698195e+00
2.071218394298740328e+00
1.996236952867433079e+00
2.124716016365775673e+00
1.818076795192092421e+00
2.742483692174066068e+00
1.791530978147087394e+00
2.502769285305855185e+00
2.010799899659047707e+00
2.333144105301851123e+00
1.943467787026358806e+00
1.919890318472481594e+00
1.938072758814645358e+00
2.458972965544205636e+00
1.242597850906742352e+00
2.647684276431512274e+00
2.052101545265023752e+00
1.976078333323504577e+00
2.652067060827538292e+00
1.847643238704119950e+00
2.231455877634891394e+00
1.715580825678890253e+00
2.447410353475047096e+00
1.440425359364768010e+00
2.675203354063915739e+00
2.132968975751100338e+00
1.567626888267566798e+00
2.620840453576890550e+00
2.101632885102682646e+00
1.712953816196399526e+00
1.897171516125014668e+00
1.269353498157483662e+00
1.267077718857437807e+00
1.919478205940918780e+00
2.299017485215349765e+00
2.765411907894657961e+00
2.091422295829776790e+00
2.336789044369157686e+00
1.834646580426856355e+00
1.958262445480414282e+00
1.686221691098716224e+00
1.982167407996417996e+00
2.207108281488303181e+00
1.945378969255524115e+00
1.914083857996373927e+00
1.667997157020891130e+00
2.420189839318018343e+00
2.184680796349962595e+00
2.279193103148744015e+00
1.826426704714537053e+00
2.160380227034623957e+00
1.432587700929140784e+00
2.067022400286330885e+00
2.609106120502810988e+00
2.500626530706894002e+00
1.784280052664366956e+00
2.008593929964805014e+00
1.984532998843500096e+00
2.172389624103061578e+00
2.339814508205545263e+00
2.687629656931979749e+00
1.837366034952339522e+00
2.362506787860051638e+00
1.447056531697514137e+00
1.806288226230587934e+00
2.216241030975328208e+00
1.836011240708592451e+00
2.649149117371480511e+00
1.407122054271074507e+00
1.473851317070557387e+00
1.660930353782486657e+00
1.983786442683797002e+00
2.137375337521353558e+00
1.639799381033893111e+00
2.360118607678347580e+00
1.497464601731621547e+00
2.275037495036121182e+00
1.880267023019895678e+00
1.964814414078567939e+00
2.158001171340734103e+00
1.990731524527217911e+00
1.760998341626460295e+00
1.947934018253640875e+00
1.507778772160492498e+00
1.743271517429192397e+00
2.051314705985233910e+00
2.632852315341980720e+00
1.894927617809982312e+00
2.157858257359139831e+00
2.171261189028844463e+00
2.474460797841860682e+00
1.865342001971515895e+00
2.162422157363249831e+00
2.178795442598130627e+00
2.005894357829603791e+00
2.556026059512807258e+00
2.428259687331019823e+00
1.704015832316551737e+00
2.754432521656972277e+00
2.234314623244891607e+00
2.133758815250859975e+00
1.822994032968794587e+00
2.287553574657116506e+00
2.527094399823069715e+00
2.637959274640253149e+00
2.481942356938376282e+00
2.893762357317264833e+00
1.280964516550829879e+00
2.655745646753585376e+00
2.357809156022765862e+00
2.566890450671344581e+00
1.798998134514292913e+00
2.843928519613959871e+00
1.944197865990823004e+00
1.776621256650112501e+00
2.590522992344152176e+00
1.412355110120552926e+00
2.385937413241570937e+00
1.572492110483432626e+00
1.837888991417799600e+00
2.636962072886157582e+00
2.051431951029032419e+00
2.735646507820690854e+00
2.247219347804723988e+00
1.689178446565826608e+00
2.000673271656395968e+00
2.516426859287073547e+00
1.872405507330738628e+00
2.318805484344716561e+00
1.930835833682190472e+00
1.746981988816276310e+00
2.408874184637627369e+00
1.915245998091289259e+00
1.615269138933960624e+00
1.905070772993413986e+00
1.967497936312650575e+00
2.588793863806895246e+00
2.350049974602807623e+00
2.285526194908315212e+00
1.797871264552537429e+00
2.094107237023834500e+00
1.575410357698793007e+00
1.573109524379405766e+00
1.599659294717225677e+00
2.761952126271670416e+00
1.744219708126344859e+00
2.207787051849926740e+00
2.655652802857182415e+00
2.249613149884879260e+00
2.054756531514969620e+00
1.689621595801387599e+00
2.415075224300795576e+00
2.218421706371587199e+00
1.766652610287903435e+00
2.097221387634947476e+00
2.549492777163981927e+00
2.691555323897681262e+00
2.177090500885324964e+00
2.396524737967157037e+00
2.350977753692145900e+00
2.185090862935298528e+00
2.707689654100967402e+00
1.520294408276110731e+00
2.322813614699459350e+00
2.309213180505919283e+00
1.606674556831354739e+00
1.994268005771681729e+00
2.364992945121795032e+00
2.470569162306800237e+00
2.449549792790814973e+00
1.531839601618986357e+00
1.173539494568715646e+00
2.378723336298699920e+00
2.249142067534461553e+00
2.178736530703342389e+00
1.312559556679075090e+00
1.811151917321076610e+00
2.253355322651646730e+00
1.876998841279233332e+00
1.442264515902023536e+00
1.413351404917099874e+00
1.715407076920722140e+00
2.170343893858420969e+00
1.517029648815561904e+00
2.304694977944122591e+00
2.715472419283222472e+00
2.092701091009354641e+00
2.538381454960317640e+00
2.007937079499527933e+00
1.878232446314190618e+00
1.400865070608011465e+00
2.262637811706669666e+00
1.399160362900395693e+00
1.976281404312098866e+00
2.468306298436781621e+00
2.217111096646336765e+00
1.733742847581093649e+00
2.463779962852064020e+00
1.335378571262630931e+00
1.772012805424181270e+00
1.821890912655279804e+00
2.071233460520525149e+00
2.529195998573967596e+00
2.402304700050631681e+00
1.824880272528926373e+00
1.602861562905993686e+00
1.607572719248042681e+00
1.576118634953397546e+00
2.566024646564031286e+00
2.298944456674011150e+00
1.726936786537730306e+00
2.808645800414914184e+00
1.631626126970539215e+00
2.298058096096202263e+00
2.201716832278200364e+00
2.576475086900615885e+00
1.860501868392555380e+00
2.052573423765368776e+00
1.633837227153405181e+00
2.248742220294654981e+00
1.324605079584632250e+00
2.256557596165562174e+00
1.211094602822355037e+00
2.294971249547631764e+00
2.087781410938140070e+00
2.363738189595557149e+00
2.453861179806899884e+00
1.673106459943391577e+00
2.444239550603225730e+00
2.207849006426209737e+00
1.557094066971748791e+00
2.580328345881437890e+00
1.672556370947181126e+00
2.258498103867645490e+00
1.544590806264738880e+00
2.679736920200410211e+00
2.031472165323889634e+00
1.981952830757722328e+00
2.433492093610848617e+00
1.776700580117908324e+00
2.029000994386807033e+00
2.826624188346460897e+00
1.492103010000576768e+00
2.468463236798447369e+00
1.353202732659980700e+00
1.286642216756135992e+00
2.179394246519917644e+00
2.235144657927540912e+00
1.448724256488470807e+00
1.286228009264008154e+00
1.619223504447388606e+00
2.505977325874242823e+00
2.421086828091968624e+00
2.136472996299979776e+00
2.073669839574152629e+00
2.279633030753642320e+00
2.094096860018280104e+00
2.842177043684481319e+00
1.408943586584052055e+00
2.310827321175805693e+00
2.182630891811957241e+00
1.998936931208446621e+00
1.250316746088399045e+00
2.098580696232636100e+00
2.165816771882805636e+00
2.518024646314232839e+00
1.824684998853055351e+00
2.080468987250730262e+00
2.242509504434455181e+00
2.632700094559451642e+00
1.916544374845040366e+00
2.437599800208813505e+00
1.881806312835465844e+00
1.826092383093429694e+00
1.270063647457237099e+00
1.917025033078806562e+00
1.971500227460899701e+00
2.652259045139172322e+00
1.128816370036819006e+00
1.848970513139025051e+00
2.354864104763835009e+00
2.322279555060629441e+00
1.952829092370616859e+00
2.111913340854786547e+00
2.249238752546036224e+00
1.609647034603522320e+00
1.610970796794799265e+00
2.500629058172332719e+00
2.125140673887010223e+00
1.444563565906271219e+00
1.971525060931963891e+00
1.434731459809813758e+00
1.751297157871898769e+00
1.748951857050446090e+00
2.024462006547692816e+00
2.452130585500146509e+00
2.259781536667953450e+00
1.131456307893990321e+00
2.783630672773147463e+00
2.351530596047232802e+00
2.420594938183810108e+00
1.575944082012877168e+00
1.714206389725980717e+00
2.447129661827972757e+00
1.878992692662793118e+00
1.559925050025230409e+00
1.711233161064737107e+00
2.394067034230885405e+00
1.392908328317891131e+00
1.868235440782472612e+00
1.077837648148506799e+00
2.372750886275439619e+00
2.186605208068650441e+00
2.227194209532782132e+00
1.216475363184529312e+00
1.302988478638157366e+00
2.006052961223436348e+00
2.610340573346191739e+00
1.437357872128516290e+00
1.332181862480105838e+00
1.669685165861959142e+00
1.445110204181024871e+00
1.953885904933838180e+00
2.157311622096417913e+00
1.746666852926611391e+00
1.544292817309835808e+00
1.838714042529140835e+00
2.416636544146165022e+00
2.945732460667892738e+00
1.765253431889995284e+00
1.707944142921048236e+00
1.641733758117238207e+00
