2.418188051093294710e+00
1.736576536214611499e+00
2.207995344707791130e+00
1.931098645741911257e+00
1.346279818227989811e+00
1.608653937497480202e+00
2.518340815305819547e+00
2.397486321803946829e+00
1.848510890058593592e+00
2.524630377595863173e+00
1.958207529957801452e+00
1.469400878717883607e+00
1.771910165484059885e+00
1.689111847687786661e+00
1.559211306934063845e+00
1.718819810189730957e+00
2.144361781800514510e+00
2.285060868103991005e+00
2.074258967110317542e+00
1.806324491880710426e+00
1.344817537974706045e+00
1.602593111238123313e+00
2.375152819626883627e+00
1.906623331307894631e+00
2.440297446223791411e+00
2.198455654940509429e+00
1.313630043697076033e+00
2.028584769511873276e+00
1.200461659705956752e+00
2.528093872427866984e+00
2.555400713953539515e+00
1.841316005376702147e+00
2.437426298638640798e+00
2.162127909955607663e+00
1.908259678702351358e+00
2.602877336140952735e+00
2.005578807667527386e+00
1.252206568661559549e+00
1.798955527446023606e+00
2.290093090142687693e+00
1.699441520394144867e+00
2.186426013248193634e+00
2.348815891094281127e+00
1.921050193069293366e+00
2.494302816469421202e+00
1.845848480428363469e+00
1.514421325124929218e+00
1.343100171118494890e+00
1.959458812252891757e+00
2.558036033244366791e+00
2.093017159708298713e+00
1.786100260041996624e+00
2.010053923800795062e+00
1.764769291616094193e+00
1.794688669229639544e+00
1.957852986806007944e+00
2.210623975199800917e+00
1.670919556302355780e+00
2.092214922324381554e+00
1.739133855973967524e+00
2.023398163958036733e+00
2.581385732759566842e+00
1.552147768939098116e+00
2.613526727315520048e+00
2.010889769788838155e+00
1.471601792165669442e+00
2.490409541802031335e+00
1.961396155001017938e+00
2.524724406554426981e+00
1.844578281163185896e+00
1.880107284326344885e+00
2.097408572278008698e+00
2.033720987666538527e+00
1.984732510341642886e+00
2.056298271233761632e+00
2.285662048653007261e+00
2.724879851717768808e+00
2.602646053046056007e+00
2.019192692619006912e+00
2.032026295570722674e+00
1.724761928790285781e+00
2.074937262828749240e+00
2.609153829411902326e+00
1.543682656972825029e+00
2.428398980554730358e+00
2.641525385139229076e+00
2.333076786114867573e+00
1.969959498387790831e+00
1.879308415060759296e+00
1.681750506663353129e+00
1.474987827141318597e+00
1.945642031615246292e+00
2.847802925647196837e+00
1.087446728685388830e+00
1.933179498623027515e+00
1.274576074189240682e+00
2.145394453026831627e+00
1.875222310010794313e+00
1.588304330202644277e+00
1.458467827383838955e+00
1.739837948237635823e+00
1.520927913913005636e+00
1.821614966237796285e+00
2.431558535374076957e+00
2.210160080789418391e+00
2.119739759925454159e+00
2.231815126633143187e+00
1.477048978641356536e+00
2.191726752217686869e+00
2.213751102508192847e+00
2.587637844901955475e+00
2.771019376719974225e+00
2.156209425736365759e+00
1.965435045229637634e+00
1.840045596348653056e+00
1.940699055285541652e+00
2.210668046359661076e+00
2.370444521148825867e+00
1.900465674495008361e+00
2.053172603416459019e+00
2.171945106572071182e+00
2.582089935830032434e+00
2.636496958177011685e+00
1.994614082267076594e+00
2.486039313434217135e+00
2.184537200220641573e+00
1.532915871849211520e+00
2.372185449197039553e+00
1.823392432443078359e+00
1.362622282310560262e+00
2.284500263176052481e+00
1.637774000395414653e+00
1.750043847890842441e+00
1.659125755460548302e+00
1.873648084040100192e+00
2.374509745363962754e+00
1.236370489829875297e+00
2.686169370767435005e+00
2.004318678303076862e+00
2.820463551263498125e+00
1.600125094066928710e+00
1.635944614377070172e+00
2.042501955542970649e+00
2.280942019682002275e+00
1.432994056070490352e+00
2.306412662399923708e+00
1.114452697224434186e+00
1.950216366979775628e+00
1.783137575477238945e+00
1.121580844756990381e+00
1.406535331615841544e+00
1.333294688595764610e+00
1.629227552928227851e+00
2.212156526243483690e+00
2.645463469326981176e+00
2.592901808243210038e+00
1.960374101842798256e+00
1.726993027956871707e+00
1.547780088568521784e+00
1.994038754144099812e+00
1.974603384008826845e+00
1.571808820370983018e+00
2.085565292990638309e+00
2.386413677407810408e+00
2.250573709197039030e+00
2.384702409132020584e+00
1.978479849361410192e+00
1.804313459851359047e+00
2.241980355401381075e+00
1.711709014346604718e+00
2.066187757443822104e+00
2.690424756174067067e+00
2.103661500525391581e+00
1.813912571010294794e+00
2.206595284672381752e+00
2.341732674495093036e+00
1.942569681094551415e+00
1.942940329150195655e+00
2.588881905457653954e+00
2.609381607363477684e+00
2.334528760864099439e+00
1.803505476195190971e+00
1.574537286334416697e+00
1.291753510379169523e+00
1.418787509495308408e+00
1.513761728945632212e+00
2.727011185096632317e+00
2.603814158960389591e+00
2.211954266010267123e+00
1.620039668239703134e+00
1.562717006091056238e+00
1.274601763315014402e+00
2.032938365121411017e+00
2.012055365325982947e+00
1.583569698376319002e+00
1.635381499489077406e+00
2.226227607652978335e+00
2.303449349964845183e+00
2.380884021538547834e+00
2.453604226200353011e+00
2.304880148115226124e+00
1.741052023731676668e+00
1.948110849000354250e+00
1.867976486165802807e+00
1.869308951748104075e+00
2.036800290114944012e+00
2.537123906104877591e+00
2.112128005540435893e+00
2.613673909203109158e+00
1.675249183477477644e+00
2.249324251774654115e+00
2.870656360305560817e+00
1.653620117194781969e+00
1.506826811228864749e+00
2.544914300335979540e+00
2.460292766396818820e+00
1.306359964659591366e+00
1.255013144000289183e+00
1.569071232698985074e+00
2.449768905784108330e+00
2.280036398526035235e+00
2.596987208876462283e+00
1.860641694187460837e+00
2.005071912068063344e+00
2.274635982414127788e+00
1.502714258134897118e+00
1.770280060054148841e+00
1.918085945032979467e+00
2.604950242069531186e+00
1.262507977511222679e+00
1.740250022103721150e+00
1.609150467431691656e+00
2.269991191252115570e+00
1.768857189560895105e+00
2.429029318453602038e+00
1.669919813436481881e+00
2.256166285739905852e+00
2.361289824054826347e+00
1.291117494336801563e+00
2.013260415628269406e+00
2.322970808488899586e+00
1.918380012887767716e+00
2.486199603102146938e+00
1.501798976979864531e+00
1.790348597146191878e+00
1.624481761437149174e+00
2.235834014027086258e+00
2.673175902886814725e+00
1.810850234407756609e+00
1.818000401067154881e+00
2.176121141415702898e+00
1.390644352411045670e+00
1.571416016000266591e+00
1.451032425958671102e+00
2.609572742932179779e+00
1.755151651239018396e+00
2.004924293452828188e+00
1.997561664253265423e+00
1.284021430028958077e+00
2.704114365369036932e+00
2.350959311740187907e+00
1.490768246765532767e+00
2.541648876360323328e+00
1.405089854243923631e+00
1.684060057741575633e+00
2.246740179023889006e+00
1.839806187688459715e+00
2.315839422483334520e+00
2.481354665003315141e+00
2.508455357545418707e+00
2.774980378030532435e+00
1.742055446836368482e+00
2.253153955667334785e+00
1.720626772430989604e+00
2.547853183761906948e+00
1.659154610851722778e+00
2.087385777495223138e+00
1.245149497704688413e+00
1.973851496365016445e+00
2.148039347468541305e+00
2.493823752271129734e+00
1.729903008979382317e+00
2.116978927485213990e+00
2.547331407783979706e+00
2.467166088480433839e+00
2.066480694546943830e+00
2.598149236652587568e+00
1.863656674017024173e+00
1.718768142500385565e+00
2.563123150036746623e+00
1.302162691505027947e+00
1.834437600290231840e+00
1.832100917961004161e+00
2.285999574744787655e+00
1.263613101720573395e+00
2.624354596072719037e+00
2.118901057791569009e+00
2.138314295909762741e+00
1.857204955714733874e+00
1.562052369876016256e+00
1.563141379215628124e+00
1.474013931563615598e+00
2.097232812407268998e+00
2.177875156796253986e+00
2.590912224685445686e+00
2.289445012652841172e+00
1.406244650756805159e+00
1.524202841659616059e+00
1.781271440879359513e+00
1.744556807659289888e+00
2.461795199207326590e+00
1.949299749659250125e+00
1.343791116404264852e+00
2.294124156672460835e+00
1.543682040810863576e+00
2.283560895277062297e+00
1.633907969086908718e+00
1.498039684720197107e+00
2.008640726681912625e+00
2.732992920744812260e+00
1.134020241566222387e+00
1.740913879447554269e+00
1.567389048857219969e+00
2.017952776170092832e+00
2.466911056276753555e+00
2.329116350451910122e+00
1.797154870526085357e+00
2.225218737985599660e+00
1.496832129649749321e+00
2.340171886136093171e+00
1.987240839779106594e+00
2.625926888901084943e+00
1.589278776527325299e+00
2.100210843677184691e+00
2.787831909177669765e+00
2.567513046870312010e+00
2.199551836775453850e+00
1.786949832416775408e+00
2.536622905428838504e+00
1.648985949425816333e+00
2.107783416572321489e+00
2.608056399462871155e+00
2.447156661221145946e+00
1.991216971452772988e+00
2.441004170530882256e+00
2.086442232478424863e+00
1.708353966275617086e+00
2.294209949676494276e+00
2.294923144444366514e+00
1.574131742426569058e+00
2.217407929319693771e+00
1.241756642150591672e+00
2.947120883354740872e+00
1.903670606974892099e+00
2.000669145381905878e+00
1.733145312659559956e+00
2.468017181613484379e+00
1.523887109807959828e+00
2.287669760758570092e+00
2.452738637805249589e+00
2.180483068630098664e+00
1.382335847474928769e+00
1.742060775294532959e+00
2.097445944834867682e+00
1.972370908622770092e+00
1.860208945817172665e+00
1.618771459302289273e+00
1.686348222817905640e+00
1.594658083618365474e+00
1.542460518331600028e+00
2.146827322603156230e+00
2.505131549137665115e+00
2.724725651347354116e+00
1.318502213166543591e+00
2.147292125942459329e+00
2.444875528415217492e+00
1.933304123365398031e+00
1.480569042380315281e+00
1.391521757276241278e+00
2.238997215037747512e+00
2.426054130271138920e+00
2.548374202068830918e+00
2.216746684265154421e+00
2.456654005173644961e+00
2.401133842331515389e+00
2.007794693142772147e+00
2.589210679433017859e+00
2.100527729735052418e+00
1.582948643979948056e+00
2.064848246714659830e+00
2.242151154329135032e+00
2.125905740566791380e+00
1.413963979101123813e+00
2.489083120339254052e+00
1.669163587311204067e+00
1.529095831146732642e+00
1.919692227259280459e+00
1.837403759999509223e+00
1.416798591248248362e+00
1.541221468089094992e+00
1.604038081446596209e+00
1.406648118227262323e+00
1.173330598536542757e+00
2.212402413941549462e+00
2.470058900312928962e+00
1.842964404951066726e+00
2.096828188898833822e+00
1.798165493441501894e+00
1.257692466037155787e+00
1.799561248672673308e+00
2.765444526280963267e+00
1.997781745605572867e+00
1.891595336237201774e+00
2.486039574354047765e+00
1.169190679243751640e+00
2.141878415509701927e+00
1.634986139592940591e+00
1.463780510829597148e+00
2.047268139363798589e+00
1.746005563865349108e+00
1.525028523003201908e+00
1.478303968245943789e+00
1.692153653691561122e+00
2.248240723875160718e+00
2.077606261262070042e+00
1.497705036469181739e+00
1.992324414370248320e+00
1.231141372951570556e+00
1.886268370686077667e+00
1.245896390510110141e+00
1.875845910126512139e+00
1.732452328476494774e+00
1.831325075393522628e+00
1.682973977690880307e+00
2.149574703154757405e+00
1.921183468718491660e+00
2.213305052176114174e+00
2.293943313736576783e+00
2.525897232733368192e+00
2.533988163820601436e+00
2.298406423790246400e+00
2.258389482013896554e+00
1.502549738596272944e+00
1.731349722963113846e+00
1.524373438815603166e+00
1.647006141002313129e+00
1.452778489622341462e+00
1.629722860049115152e+00
2.112021870016406400e+00
2.070675414057447039e+00
2.585517582522983027e+00
2.145328156124021834e+00
2.548937689079756819e+00
2.127136778602424450e+00
2.187884221433627374e+00
1.375581659938032830e+00
1.792592351578179422e+00
1.878755206492029650e+00
1.256374908720455874e+00
1.771384145928709852e+00
2.158020006644944644e+00
2.709866125685624016e+00
2.526084024682033302e+00
2.050098994523168017e+00
1.570446321402252376e+00
2.211605942960004345e+00
2.641978341769900318e+00
1.921484106590155339e+00
2.342992619180689573e+00
1.922495781875124266e+00
2.499449705356348694e+00
2.093657290676993021e+00
2.284893200293061089e+00
2.098488228981464587e+00
2.487812474964351317e+00
1.915035013332774927e+00
1.722581697995608341e+00
1.853244247535410727e+00
1.160631255007633644e+00
1.585950316025726448e+00
2.042511605042580669e+00
1.877596305777504693e+00
2.219919098930669854e+00
2.486505407297707748e+00
1.557697980779499503e+00
2.309696527474788041e+00
1.673684202336526594e+00
1.441491560247858628e+00
1.797187281500506995e+00
1.989720351316407232e+00
2.149680551722541466e+00
2.114069490708773813e+00
1.170967267512246668e+00
2.512426762945163539e+00
2.732282560353854084e+00
2.377814906208734147e+00
1.707330559569006478e+00
1.875420970537120979e+00
1.642135418575852324e+00
2.445696322513312815e+00
2.057536862672794342e+00
2.120394703799134195e+00
1.827547235219209920e+00
1.741613976728449753e+00
2.301766137987058869e+00
1.962330310157743174e+00
2.276009338516551850e+00
2.457265990434331915e+00
1.692765057127219475e+00
1.582942959558895968e+00
1.873986354773121921e+00
1.246824626258558055e+00
1.393906106284005908e+00
1.352509317483310491e+00
2.202181253258213012e+00
1.566026269820664840e+00
2.389542845373308744e+00
1.217581666806912155e+00
1.729976348515211981e+00
1.936861480823672599e+00
1.507979267843298388e+00
2.229473043847094438e+00
1.874065024184326411e+00
1.756631729366950445e+00
1.556769091273099370e+00
2.212565037287026026e+00
2.179611451033068192e+00
1.646958202449030573e+00
1.870137585668480540e+00
2.478533752040547711e+00
2.504773712125857532e+00
2.146554628757549210e+00
1.687594955972403943e+00
1.769624031370715223e+00
2.460683805287713355e+00
2.524271589922324921e+00
2.382030429030141505e+00
1.833355401046222966e+00
1.820865520872310794e+00
1.602129213269192665e+00
1.760380563867746551e+00
2.159595285107598794e+00
1.974537655710915107e+00
1.814866473049336237e+00
2.638198375415924168e+00
2.264136634750211208e+00
2.058272912258694465e+00
1.625691525068699406e+00
2.660061753300151821e+00
1.523942925407362203e+00
1.790825464897885633e+00
1.847260362964174618e+00
2.303769561385610842e+00
1.785478877705377609e+00
2.512305331652597395e+00
1.847924204188898800e+00
2.464786540605435672e+00
2.902263756820871343e+00
1.961711075093564460e+00
1.928026226830261258e+00
2.260747110445636032e+00
1.518401980556498998e+00
2.324334535729234652e+00
1.338217688923477589e+00
2.842599472191007060e+00
1.866471924924762771e+00
2.483428871790962944e+00
