1.952696236590883538e+00
2.160487126721795548e+00
2.060910312711849990e+00
2.159411775921805443e+00
1.976432256097600426e+00
2.665547550058311010e+00
1.926580963452787287e+00
2.083261679963936075e+00
2.385037685663811580e+00
2.481245401873884759e+00
1.719288322116707679e+00
2.304625802875589713e+00
1.238480572074186714e+00
2.558045957201063203e+00
1.840770641950253417e+00
2.481444611756075780e+00
2.534023462955593331e+00
2.271866099579838760e+00
1.920258582572677675e+00
1.930082605183793154e+00
1.752962427929133149e+00
2.094625220076948402e+00
2.407210245437269691e+00
1.898344132048392030e+00
2.131146430751690524e+00
1.713277659257057106e+00
1.860551080695723947e+00
2.257790719062323426e+00
1.573411094049606440e+00
2.433050799083745552e+00
1.938243668737190895e+00
1.738890643043714324e+00
1.138220029119296983e+00
1.608493564724449820e+00
1.642144975050449984e+00
2.348352519460718213e+00
1.808520620199534745e+00
1.607690752570743120e+00
2.559225271244282673e+00
2.256634507356593211e+00
1.466811882361848118e+00
2.137292333111967757e+00
2.554872833791755671e+00
1.845386822510791003e+00
1.402606326543356152e+00
2.477476919441251368e+00
2.029973909534645848e+00
2.286944593043177321e+00
2.125753156914397479e+00
1.569874704525653364e+00
1.773045839722163119e+00
2.730403252459598029e+00
2.159149715770904976e+00
2.436892325303597673e+00
1.924323812869487949e+00
2.113286202494960797e+00
1.976953260105438481e+00
1.678976005601632737e+00
1.689605983591718097e+00
2.111366007823293867e+00
2.018026289593531697e+00
2.144156803345914852e+00
2.634805944198947092e+00
2.568828966905706501e+00
2.133931786970978628e+00
1.192685270990836210e+00
2.025758708778035100e+00
2.110267549366986906e+00
2.142299160937990443e+00
2.681148662350508083e+00
2.699429114345242908e+00
1.761408955594727210e+00
1.534179592709244311e+00
1.589291112554910734e+00
2.113149677687953698e+00
2.398155477464158913e+00
2.326746867231777927e+00
1.632061063232674414e+00
1.924164677337863782e+00
1.858394221335873731e+00
2.518000602638958085e+00
1.757775890744778913e+00
1.821807036092642385e+00
2.354479038280569370e+00
2.036679410810739110e+00
1.776959894124173323e+00
2.555881234872679819e+00
2.147926795798806410e+00
1.654623616734673286e+00
1.220956273271404768e+00
2.734603933537326004e+00
2.054859636257293953e+00
1.339179289548288132e+00
1.697627484442308710e+00
1.127374602457955621e+00
1.696359070454798834e+00
2.173231127014569442e+00
2.428286194511322993e+00
2.892122243141196591e+00
1.544057104475005548e+00
1.126978036285660956e+00
1.176368168356050292e+00
2.436587406885434515e+00
1.844865153627750054e+00
2.216981459792970455e+00
2.138292605709822158e+00
2.398373296444113123e+00
1.295785297845367445e+00
2.238649467733507592e+00
2.145893888476853029e+00
1.347764469727825709e+00
1.962340065626070329e+00
1.310920059876519606e+00
2.117664534761104278e+00
2.231308115311438023e+00
2.381937845247204422e+00
2.471904541064080085e+00
2.614254757826051545e+00
2.296768098821603488e+00
1.672617268786625866e+00
2.391604537358090532e+00
1.360284488375132605e+00
2.150722638649906315e+00
1.848734568608495277e+00
1.188337777007146379e+00
1.682830530882318154e+00
1.623103320045506504e+00
2.025047432679935255e+00
2.096112152478886603e+00
1.644552652873935372e+00
1.681182338976741963e+00
2.193701788674594422e+00
1.587160664878084271e+00
2.164037748431964392e+00
2.526195287643722587e+00
2.609317198217778522e+00
2.153299347375970285e+00
1.829769549648990079e+00
1.242933187365876435e+00
1.977365005523370911e+00
2.442763310928295795e+00
2.535527735326263521e+00
2.248102789122790490e+00
1.978791431201503137e+00
2.153114851275481634e+00
2.187958631989035396e+00
2.663982974019719396e+00
1.792591697624756897e+00
2.193621412813987259e+00
1.831398825008669018e+00
1.340511181443829081e+00
2.127813132477067715e+00
1.873656048349474190e+00
2.237222814831487216e+00
2.090808580099516867e+00
2.518356783984030400e+00
1.977910193768874336e+00
2.651036399099792717e+00
2.313774025096802411e+00
2.648858859545310196e+00
1.306353593523494006e+00
2.106162836585598885e+00
2.144801409231250844e+00
1.365959666034728626e+00
1.340302367909648185e+00
2.079475050108003931e+00
1.415102748634400553e+00
1.224079852839129234e+00
1.876146054309555833e+00
2.158899348545698871e+00
1.499108144416993582e+00
1.823664997194706316e+00
2.131162187161974142e+00
2.470019787167225811e+00
1.630995242188706174e+00
1.542357430806492236e+00
1.230573546988290357e+00
1.938980927333059601e+00
2.362607898953217322e+00
1.485766114870306742e+00
2.908480324539977069e+00
1.971333929762454140e+00
2.844843469966236604e+00
1.677937582458927324e+00
2.579069501175748513e+00
2.339241062801294735e+00
2.235009274308395799e+00
1.861436763310766018e+00
2.577835092339284095e+00
1.603616994322391687e+00
1.717439059537614998e+00
2.022119020419269830e+00
1.658578368596461683e+00
2.370998871859038459e+00
1.342673025080868277e+00
2.007135106816489323e+00
1.967321271493739587e+00
2.157235450618929296e+00
1.708545566347445366e+00
2.589985924555118224e+00
1.656702225195694655e+00
2.088254950634897966e+00
1.930744663559697649e+00
1.274051583577906932e+00
1.667107691469324582e+00
1.615341274875446320e+00
2.521739813763812954e+00
1.771422321639250175e+00
1.837619868679654989e+00
2.293999950664586507e+00
1.795879453661934466e+00
2.005946630428769417e+00
2.433634443065415986e+00
2.846520974510225344e+00
1.511047279923464215e+00
2.241097403504551888e+00
2.120586124823443441e+00
1.883799891730758791e+00
1.603728690117712130e+00
2.249431041685798327e+00
2.063952045527419177e+00
2.862076619041656222e+00
2.647190537388608433e+00
2.082090689399644035e+00
2.458264455305327889e+00
1.097757936707962845e+00
2.816593908552234460e+00
2.016473166611114642e+00
1.769526508435094403e+00
2.344790358378780581e+00
2.877905189835451516e+00
1.878868983533002135e+00
1.292705566970493436e+00
1.893697264119150514e+00
1.533152498713170608e+00
2.253981838001332338e+00
2.577252609780661174e+00
1.584701936863146976e+00
1.586579548767132142e+00
2.155783436213829951e+00
2.086650210648629766e+00
1.860827329038426736e+00
2.616259821127866481e+00
2.754501601394332866e+00
1.533351615420645686e+00
1.911439084193514271e+00
1.771064379668716660e+00
1.793166127773222485e+00
2.021388762572112086e+00
1.383993197240529938e+00
1.176093057259951502e+00
1.901091264831040739e+00
1.521933594387958166e+00
1.242549378435048313e+00
1.156473567880986986e+00
1.215553076492318585e+00
1.972783964985941552e+00
1.900123428803458747e+00
1.697534232275200727e+00
1.552135164639181442e+00
2.024995275330723210e+00
1.370059688914368579e+00
1.792564384857368687e+00
1.832180214716108591e+00
2.134877259020617757e+00
1.482047793287687210e+00
2.254981572548641733e+00
2.102874476725428377e+00
2.484317291551071172e+00
1.348153147615872127e+00
1.932881172429516070e+00
2.353029940240457307e+00
2.262586212547148090e+00
1.876165363023721167e+00
2.278046040872117040e+00
1.704949439910519171e+00
1.509308365490710901e+00
2.000970751185958463e+00
1.927239575878216815e+00
2.149883494073527856e+00
2.211694247064956542e+00
1.868205441569096514e+00
2.468181148005522019e+00
1.301959978566274989e+00
2.066190668628157923e+00
1.745285307919702600e+00
1.283512686797203983e+00
1.899447788685559413e+00
2.180035309088024675e+00
1.612887311696541204e+00
1.483123155079250965e+00
1.885159578059174112e+00
2.203154157243770506e+00
1.686215736734085091e+00
2.884011779676866283e+00
1.314737539630417062e+00
1.900867286831672720e+00
1.375405381663015181e+00
1.819609345274680656e+00
2.445931201275904243e+00
1.665786195300827721e+00
1.901520821189358168e+00
2.213373803546732077e+00
1.580352273913975703e+00
2.404449490330455408e+00
1.970667978917960639e+00
2.330679690477400534e+00
1.228351615045943257e+00
2.017525115732375696e+00
1.759567538911243068e+00
2.204177391979366796e+00
2.249873579896310538e+00
1.420605685548314234e+00
2.079546461070926000e+00
1.955288652144746120e+00
2.017747753674062672e+00
1.861292039681037291e+00
1.830814593452039674e+00
1.588935173221471597e+00
2.603981031107409638e+00
1.180431850869649191e+00
2.421765916513453742e+00
2.698390900474450405e+00
1.548102773445261926e+00
2.097486092652971035e+00
2.287197900504522430e+00
2.672522313054501275e+00
2.210354010945289716e+00
2.344850993536283568e+00
2.324577538199740001e+00
1.834213759985431125e+00
1.781387280376503846e+00
2.240154505688265019e+00
2.197150185308082371e+00
2.354988799810858513e+00
2.140922056624925407e+00
2.006150416053458230e+00
1.880508194037400660e+00
1.261738072150138112e+00
1.950566591795084070e+00
2.271742130710134422e+00
1.288297883860251902e+00
1.427723913813174539e+00
2.587584832828759396e+00
1.952039744752118944e+00
2.677741116067041460e+00
2.396974806961483573e+00
2.361529574937668574e+00
2.297668703738383389e+00
2.476708894665923921e+00
2.517590120195149161e+00
1.512707628314102770e+00
2.439484318274077967e+00
2.436433763751736592e+00
2.252175425299099309e+00
2.269276969755682494e+00
2.092623708090171064e+00
1.472096046880192466e+00
1.641400421924180897e+00
1.939675785167718880e+00
1.944342830700067859e+00
2.036486737275347458e+00
1.755540728656546978e+00
2.123147755155498473e+00
2.217249763144865771e+00
1.324841259866652132e+00
2.191613727121498378e+00
2.676158218874213013e+00
2.448464178077047748e+00
2.386856292857832518e+00
1.997780584501843260e+00
2.008261023436011428e+00
1.892133378456440695e+00
1.515513275919881053e+00
1.332808025383085404e+00
2.069236338250236784e+00
1.714700023214514868e+00
1.444132319103500040e+00
1.469295856345403495e+00
2.500627885535164907e+00
1.545257806141302037e+00
2.194346725547593913e+00
2.136027553969626958e+00
1.074164207182886077e+00
1.263781611621881407e+00
1.880117382513558866e+00
1.722716011497039901e+00
2.060137929786630018e+00
1.854388465481046522e+00
2.534517974559568287e+00
2.015230861805030749e+00
2.078893085064744461e+00
1.439262960319347862e+00
2.058109833957360024e+00
1.529839080721171030e+00
1.530221724629623026e+00
1.563519437747484142e+00
2.624222118644330859e+00
1.420065556783453253e+00
1.482481484840375563e+00
2.153491808593967605e+00
2.067248274815175257e+00
1.816521748122030822e+00
2.001485890737177975e+00
1.757703759022985812e+00
1.811077352147038022e+00
2.016074403242967605e+00
1.857154004572649786e+00
1.521481063618692620e+00
2.445492058959244375e+00
1.833893198912221578e+00
1.608346966853256177e+00
2.862360269443954941e+00
1.431126341649096245e+00
1.633087991269288386e+00
2.038449509781809610e+00
1.471864470290754401e+00
1.991944290755670810e+00
2.187086082833442191e+00
2.361638521288448089e+00
2.284528426205791440e+00
2.294608506297383776e+00
1.887865071449216003e+00
1.616696134032737708e+00
1.793876346891790874e+00
2.437348383621128267e+00
1.910699567326034742e+00
1.591503915692019211e+00
1.745640559428806693e+00
1.681355133740443542e+00
2.128566123534677779e+00
1.605902176896866873e+00
2.139119829759214664e+00
1.796620465378867326e+00
1.885966127742767950e+00
1.712962453453044986e+00
2.119565332232712151e+00
1.265438053578735289e+00
2.205896866973828363e+00
2.330475032005877800e+00
2.343746888064980993e+00
2.002885376872050038e+00
1.607330028621556828e+00
2.081161588263149120e+00
1.820253083646889758e+00
1.317881509823822128e+00
2.273152752301792923e+00
1.422657811836630204e+00
1.914499518425492930e+00
1.174503232147107168e+00
2.701561306790718042e+00
2.707218458491386315e+00
1.705341754145333510e+00
1.418965839903347792e+00
2.013926880822616727e+00
2.494283571244485742e+00
1.081969556404301702e+00
1.418453151660843403e+00
1.951921882598931512e+00
1.218046449969716338e+00
1.734611968407923310e+00
2.206127465748997984e+00
2.246622184994792271e+00
2.177216008114176038e+00
1.707198194173174421e+00
1.706788563595103003e+00
1.286311228594010592e+00
2.165301211326170261e+00
2.397144063377787848e+00
1.966386099242963148e+00
1.385551071373070098e+00
2.055150078946061498e+00
2.555832313665888034e+00
2.518736305587577995e+00
2.596674595776666372e+00
2.537491491078520234e+00
1.940791395207004610e+00
2.778005743966565078e+00
1.571765325366576427e+00
2.716729895039174725e+00
2.261214296136849100e+00
1.381283502421459586e+00
1.508112015630539648e+00
2.213863183853985284e+00
1.996449952123627192e+00
1.948359260123789349e+00
2.294120267329749829e+00
2.051260985259447445e+00
1.616467544164185366e+00
2.092403309806806000e+00
2.364530644948125815e+00
1.863531983072806320e+00
1.847205020588349678e+00
1.693329127370178711e+00
2.232528927151617104e+00
1.601233004885605826e+00
1.510319529686304563e+00
2.130095891887399784e+00
2.465407505746634254e+00
2.132901850247377329e+00
1.606044591932603183e+00
2.229901095790788546e+00
1.864963523496979025e+00
2.002766550231328324e+00
2.274711124344715341e+00
1.470857281958412477e+00
1.852757223912024465e+00
2.221951004613889058e+00
2.514138633190019956e+00
2.419459291787209310e+00
2.082504142323734264e+00
2.231831942517470857e+00
2.135005906386404639e+00
2.238054068238917615e+00
2.440432180966117137e+00
1.631794825335270538e+00
1.902690141101998300e+00
1.443676494364694252e+00
1.937994904474800606e+00
1.967715025549405361e+00
2.281911274324227801e+00
2.636812245726963599e+00
1.968762454808225648e+00
2.315412915397767613e+00
1.981741956097797130e+00
2.869120191285239763e+00
2.679522978205178596e+00
1.691888796317877253e+00
2.335526866842057458e+00
2.190921725249904917e+00
2.836294446382255252e+00
1.884169839776433486e+00
1.558313601474065280e+00
2.025832330949212334e+00
1.646385945066916046e+00
1.721722931567547743e+00
1.826228235361712748e+00
1.309199341922264948e+00
1.729358293504932753e+00
2.446789716606319498e+00
2.004766197147946905e+00
1.776783851199370101e+00
1.888872330547357370e+00
2.290946781297097168e+00
2.330942086853355910e+00
2.256103615801862361e+00
1.513438646928050524e+00
1.293142579327137165e+00
1.808585972827668531e+00
1.849201245664548576e+00
1.679588057817983371e+00
2.571335462903517222e+00
1.309771358852517942e+00
2.583847682991531336e+00
1.912480703517458913e+00
1.883563204008890768e+00
2.120875477517364605e+00
1.911475614350664820e+00
1.867720273491585647e+00
2.142061144725156741e+00
2.476968021909626838e+00
2.159203300789413582e+00
1.756969108628436693e+00
1.914808148954662670e+00
2.659470472948056941e+00
2.644095091469112369e+00
1.873747013338563194e+00
