2.155454220902203843e+00
2.178387339329400429e+00
1.722157284809078703e+00
1.785528730323997282e+00
2.256879992242107225e+00
1.532562758252538959e+00
2.452804426583927722e+00
1.693806751246270892e+00
2.639080574801938806e+00
2.715229455794849311e+00
1.704123628756593956e+00
2.039152136565336448e+00
2.550229917702452553e+00
1.329078230648480297e+00
2.429824620985648664e+00
1.804394803702221051e+00
2.044060523320101908e+00
2.179484944585890815e+00
1.859482147825407772e+00
2.004762420660571642e+00
1.430074663235340715e+00
2.505575344476849153e+00
1.549208675984429906e+00
2.637347675472183184e+00
1.464094562962389157e+00
1.583802438290852432e+00
2.015170820242247807e+00
2.354022914529622312e+00
2.003128728279048865e+00
1.830368530997063647e+00
2.518526247914946836e+00
1.826897822284305084e+00
2.481171233488160155e+00
2.766397134694688731e+00
1.791694872273199346e+00
2.562421742823029369e+00
1.866194056904887599e+00
2.688258823726663138e+00
1.299963511585801701e+00
2.121781917912714199e+00
2.256630285334226826e+00
1.668309638822662366e+00
2.633492054624603895e+00
1.908312807275221346e+00
2.181658804452089928e+00
2.626055890722895469e+00
1.639080094730438253e+00
2.395186709611489384e+00
1.901539712152141570e+00
2.178885328083128847e+00
1.918046575092169803e+00
1.559790142916858580e+00
1.707318743736699229e+00
1.798650061452232052e+00
2.070985627838268783e+00
1.610548222863677825e+00
2.367220461028538114e+00
1.457015793537458803e+00
1.389128054814487978e+00
1.687500892170575195e+00
1.876220340079522764e+00
2.332083588162783272e+00
2.719081929652522156e+00
1.712047274394847829e+00
2.148661504199185224e+00
1.758887111442892781e+00
2.000817614586194892e+00
1.773387468465060568e+00
2.093269461745015381e+00
1.668579229455316559e+00
2.570542651515891563e+00
2.280466195287831788e+00
2.409833313778831698e+00
1.901686009118434217e+00
1.475539287592262827e+00
2.055240897608609618e+00
2.658516099473794192e+00
1.692675502811897825e+00
1.836667682754678843e+00
1.912597741930629036e+00
1.518241254494662407e+00
2.590246556632030739e+00
2.348714479326746485e+00
2.237254321525344203e+00
1.808277972455294424e+00
2.046766125082577048e+00
1.753270338125954897e+00
2.163225454969142092e+00
1.439978744094052132e+00
2.518572888833443990e+00
1.525161624475890765e+00
2.356715422097674040e+00
1.991127284483262816e+00
1.740815577682465642e+00
2.170142856429751355e+00
2.060611142752180047e+00
2.255852630228051936e+00
1.898296870654205382e+00
1.658072720819345314e+00
1.929351503044708371e+00
1.536154636966483578e+00
2.475508826853407562e+00
2.731250867823314277e+00
2.115399710471998596e+00
2.313955445489379592e+00
2.262846057074408002e+00
2.424791002328190004e+00
2.275086519620285408e+00
2.188172414628457574e+00
2.241456711351643261e+00
1.532393064369923064e+00
1.567822326898565155e+00
1.897661318955443210e+00
1.910465439247852171e+00
2.520830918166392820e+00
2.042569096191841460e+00
1.680318462121092926e+00
2.118282414691631921e+00
1.142123001522319159e+00
2.043590115909385663e+00
1.676859828084189985e+00
2.092071003805957119e+00
2.503844485926157049e+00
2.234854694776219119e+00
2.326133313019344229e+00
1.814891102512446786e+00
1.718465376284926904e+00
1.906108970360102628e+00
1.742736765030429069e+00
1.919394766326796731e+00
1.553574508683008837e+00
2.387029251303214750e+00
1.404174499827461897e+00
2.592137379325039515e+00
1.849346331744226912e+00
1.957715991369747277e+00
1.595920523276577629e+00
1.861244241143105160e+00
1.704999381283115678e+00
2.737276953387110190e+00
1.667674439938681807e+00
2.221724771376293539e+00
1.830086636850007276e+00
2.687767698652067327e+00
1.974805075176658153e+00
2.454066310842769383e+00
2.047551281530910039e+00
2.747420667071029499e+00
2.367930224383356652e+00
2.101185125089680028e+00
2.288136894819233547e+00
1.603770137056681477e+00
2.338565674340781442e+00
1.476035822397008923e+00
2.686636207265696186e+00
1.372645461565926039e+00
1.237693928309002267e+00
2.055833880004878100e+00
1.969540770224536441e+00
2.023310957463302362e+00
1.448667428109482236e+00
2.256934721276747879e+00
1.527510952262770783e+00
1.716824977014116849e+00
1.123805893704923564e+00
1.144484733728551085e+00
1.943289333726271106e+00
2.061549050588898702e+00
1.270276151462747638e+00
1.323473883050503508e+00
1.797392152238843188e+00
1.597564845767976305e+00
1.878294512689596463e+00
2.259457339557496613e+00
1.975326539577609619e+00
2.175804337502138530e+00
1.820454081839954164e+00
2.027602104609657729e+00
2.167659535685447558e+00
1.913629510474905260e+00
2.108363313696466790e+00
1.807194809562254534e+00
1.946739309514378125e+00
1.860291334920366912e+00
1.766555786429146568e+00
1.383524636210517356e+00
2.296513765837207455e+00
2.074727054886878808e+00
2.269402898055699502e+00
2.435017559212450777e+00
2.088998561999864556e+00
1.402064631893046531e+00
2.421677691926952924e+00
1.643542692873275257e+00
2.284857864779243908e+00
2.423122968890866424e+00
1.698408941219404555e+00
2.161828455281852079e+00
2.326974659992327776e+00
1.781334194364697865e+00
1.642837277873822721e+00
2.193518229239183270e+00
1.743006989225253545e+00
2.536873736317557970e+00
1.922353519943950317e+00
1.704851823200215666e+00
1.313175299362268067e+00
1.714528931553728430e+00
1.711512574302278322e+00
1.817628443432679930e+00
2.284718405993761081e+00
1.799590878413806827e+00
1.406356611885864583e+00
2.271180198591927102e+00
2.459125805928485953e+00
2.525296351225931879e+00
2.774385070001940790e+00
2.618919746268776549e+00
2.068173916682814362e+00
1.673534400965071889e+00
1.923694733297227177e+00
2.537521168748950284e+00
2.183850411056018181e+00
1.849117926793967914e+00
2.351039794394075955e+00
1.060613594197687304e+00
2.205832853555191875e+00
1.953069810390461125e+00
1.843169901204483541e+00
2.537469688089601938e+00
2.624647220278301774e+00
2.515684211610877519e+00
2.263246961040159100e+00
1.631851023334621953e+00
1.334497730914730340e+00
2.166481298947885215e+00
2.095727276765035008e+00
1.654042186581785145e+00
1.881951672408547438e+00
1.269111914848509493e+00
2.422525274950205532e+00
2.221334447003473933e+00
1.944255222893620960e+00
2.265103182387355751e+00
1.591000384756042330e+00
1.555314134092135703e+00
1.846878246588547601e+00
1.688496175088444851e+00
1.897943113793138847e+00
2.004428941650966856e+00
2.625285222566379417e+00
1.776858084267294302e+00
1.794340669902898311e+00
2.638591697677349579e+00
2.287699349393828907e+00
1.439640068798936356e+00
2.592753800648304185e+00
2.169258648057778238e+00
2.541061254987495133e+00
2.005528862206631402e+00
1.658949576664881853e+00
1.650935037088833823e+00
2.438280604590645773e+00
2.126200546235735622e+00
1.668348307161805266e+00
1.765257947591908350e+00
2.413110437227200311e+00
2.816504889150082569e+00
2.119015970105734059e+00
2.809217463851934049e+00
2.623653225521078269e+00
2.806204428936927009e+00
1.981727390525623633e+00
2.679218225100865158e+00
1.610959202460368278e+00
2.365806489255999345e+00
2.326313203196197499e+00
1.782951710219558450e+00
1.931059217959348207e+00
2.022319600026698083e+00
2.220230342162571535e+00
1.595256360465318934e+00
1.899874197664994213e+00
1.993810972162170625e+00
1.717052972249645038e+00
2.024672868316399033e+00
1.690049637783959335e+00
2.027566054981431609e+00
2.152942642039044507e+00
1.565883677272782659e+00
2.101350252272706776e+00
2.671417045213814401e+00
1.569968919057308288e+00
2.422987948125619351e+00
1.700659423557448147e+00
1.145600733857416120e+00
1.860784602251508879e+00
2.591793463285139154e+00
1.737957029383029095e+00
1.588071497515781694e+00
1.782851996250420790e+00
2.173677293113639664e+00
1.375395340936163002e+00
2.697902187932545548e+00
2.032786289596029583e+00
2.370596557583080077e+00
1.662787505590377357e+00
1.278138208018575916e+00
2.374952636326063349e+00
2.354467170458006464e+00
1.819731940729188535e+00
1.489664657945918069e+00
2.037180685971834659e+00
2.232673461576636598e+00
1.767979050429947296e+00
2.277122445657616012e+00
1.821692133943810354e+00
2.701334933395235893e+00
2.296028480851794562e+00
1.603925219787663448e+00
2.859994488672825241e+00
1.370441076591817797e+00
2.354318344581550981e+00
1.306146276263896011e+00
2.162666817822396226e+00
1.690956306294177036e+00
1.912266302395772666e+00
2.090547924012507330e+00
1.464597259683313002e+00
1.919575573050678052e+00
2.634560591972166854e+00
1.921506429600222443e+00
1.505620918883456616e+00
2.289114423927971487e+00
2.067601746248996619e+00
2.785761630875978945e+00
2.007565794456856345e+00
2.037540827497243079e+00
2.055047579456158235e+00
2.596457960134327614e+00
1.871160376405809567e+00
2.332469281641671444e+00
1.813691832276398630e+00
1.802110450377458095e+00
2.447680681154658977e+00
1.645632187896285625e+00
1.445932275912289011e+00
1.419662338397512880e+00
1.674889591140252154e+00
2.552637659267352088e+00
2.116473637387430884e+00
2.561995076363210888e+00
2.339229602672421748e+00
1.518298003165273080e+00
2.284715175147595367e+00
1.844222911723193414e+00
1.229604910697424724e+00
1.684800984598003648e+00
1.400455251546826707e+00
2.559073948476081384e+00
1.883199225385001840e+00
1.300376644839123186e+00
2.029948230250711028e+00
2.219940737930657271e+00
1.852906154613329193e+00
1.791535374936124470e+00
1.938483078555983230e+00
2.691335067992029817e+00
2.248405146211158723e+00
2.772376855678925445e+00
1.591164402970905778e+00
1.828291706401135031e+00
1.954761856000087672e+00
1.881348488417662779e+00
2.215021970939973439e+00
1.880447793384718125e+00
2.136394729401310588e+00
1.993361900024309019e+00
2.794570977541190882e+00
2.015306283041074842e+00
1.289843536160608650e+00
2.269093599704140374e+00
1.608869601907814140e+00
1.879201840695013059e+00
1.887850134402963675e+00
1.496400983644754046e+00
2.107296940299642873e+00
1.933537452210185137e+00
2.352815302783746620e+00
1.808115463411263057e+00
1.356108681833923857e+00
1.277799600659925261e+00
2.410794178076453242e+00
2.344537136435844715e+00
1.658591684766896446e+00
1.954332620437195800e+00
2.284682981462109908e+00
1.674478548458886662e+00
1.464224038729912358e+00
1.866671829677407413e+00
1.752683150085005526e+00
1.576070119744329645e+00
2.115909027554160549e+00
2.419894286641764758e+00
1.626841605127667290e+00
1.730043433057725677e+00
1.944246587708395424e+00
1.553738907965163563e+00
1.402549494062892199e+00
2.081126864300494095e+00
1.759859333057618436e+00
2.326771950290106972e+00
2.682941952380440753e+00
1.373275273887618830e+00
1.292685692719882207e+00
2.387329300081064698e+00
1.787654949766958046e+00
2.416911497993313951e+00
2.351883601676277635e+00
1.962506315602738471e+00
2.157589528778376398e+00
1.451195148107610411e+00
2.550070655345225035e+00
1.323009721523385807e+00
2.035217944938823464e+00
1.534308691607674247e+00
2.539900316682770054e+00
2.703233205655362958e+00
2.536061493368464426e+00
1.430728715507887827e+00
1.778303637068443521e+00
2.596701003150779563e+00
2.035304739088735992e+00
2.122514750083118962e+00
2.290640905562765894e+00
2.395288575390998709e+00
1.976956161810448753e+00
1.849563936349999604e+00
1.892376597846262776e+00
1.914123446265624473e+00
2.682878929306928839e+00
2.224317750227737811e+00
2.106230337900112382e+00
2.837071263998438120e+00
2.108599300925757980e+00
2.177988406241494701e+00
1.156464205567544923e+00
2.443871411193860865e+00
2.204362116792800030e+00
1.482306228840143625e+00
2.328244035640883780e+00
2.203452709361649831e+00
2.197470337261364648e+00
2.317681391163715077e+00
2.085613658481502597e+00
1.561586186997317327e+00
2.335719919580265369e+00
1.426050375992933716e+00
2.094188654495585666e+00
1.425517643128992429e+00
2.218507922700930557e+00
2.491675374708904656e+00
1.689806414261445955e+00
2.577936044178303021e+00
1.631756747187486756e+00
1.262891079527920679e+00
1.583327257075697325e+00
1.836216634614117549e+00
2.493822593426873624e+00
1.940823606393276446e+00
2.264376954545238352e+00
2.097954682446165453e+00
1.866475843242239696e+00
1.521791700452179263e+00
2.399961279895167721e+00
2.414577330513560049e+00
2.222175961059592808e+00
2.538521154347019415e+00
2.020212884981699375e+00
1.714848705804605355e+00
1.912798261326263294e+00
2.327102129481294135e+00
1.572816135018996420e+00
2.656083665867079002e+00
1.889670874932004807e+00
1.704660939197228942e+00
2.214753129578088675e+00
2.209399982966614218e+00
2.138341216669141343e+00
1.713753420070263545e+00
2.290083389337241648e+00
2.536353727937539659e+00
2.047767918069356874e+00
1.452771537565654469e+00
2.820831477870911819e+00
1.799941600460662983e+00
2.460722227044881194e+00
1.883952818705234122e+00
1.929947335252844898e+00
1.313092254982426654e+00
2.802932956768395378e+00
2.452049657355486190e+00
2.162914120546919783e+00
2.050286815212635005e+00
2.602704778524097762e+00
1.910921763019466368e+00
1.750124875826889470e+00
2.825829151053596000e+00
2.509583396321525051e+00
2.108861810757932886e+00
1.817005422238085810e+00
2.365271309875629946e+00
2.437120605102001569e+00
2.590492172116630520e+00
2.160887151177047105e+00
2.139006508506684945e+00
1.605486917253859946e+00
2.350991455377874573e+00
1.595420668376732021e+00
2.090987795037415609e+00
2.380569353204794680e+00
1.382219864378055885e+00
2.483750284735179115e+00
1.927333227317224562e+00
2.552561664006410602e+00
1.913164104144583710e+00
2.468951009618963521e+00
2.038751121555415047e+00
1.814303431312993986e+00
2.238466393933121079e+00
1.322604019281566234e+00
2.162884560313099058e+00
2.486649131816008662e+00
2.116131797731783060e+00
2.158096823949337217e+00
1.240399832641658540e+00
2.430834081447644568e+00
1.810098996110772074e+00
1.312512942041454078e+00
1.723901891423582855e+00
2.059468384993779821e+00
1.617321386012891438e+00
1.316864007249545221e+00
2.263749823893826729e+00
2.020248083020377727e+00
1.679891369416899316e+00
1.654818560542192785e+00
1.928941105421858371e+00
2.811023839044259454e+00
2.382701167064876557e+00
1.956712814607170614e+00
1.642637100073963907e+00
1.459814208422167026e+00
1.416097192299330843e+00
2.366195778026709995e+00
2.408845493713174690e+00
2.497338983270121382e+00
2.192905574261252877e+00
1.934425934787592061e+00
2.364596751867384050e+00
1.870099612748485907e+00
2.577241418212663504e+00
2.210960105238044981e+00
1.994084469399809656e+00
1.724472346637242248e+00
2.862197137637542799e+00
1.954047368763539794e+00
