1.966374368391223593e+00
2.331860874185559762e+00
1.985431413394621369e+00
2.287617777792450013e+00
1.747412003903855204e+00
2.504850100761673026e+00
2.389302678139114899e+00
1.709272764392205435e+00
1.608869257132909736e+00
1.828159875979971094e+00
2.604981269585449510e+00
1.581030377045906876e+00
1.872811379068039406e+00
1.562111717938093225e+00
2.371879264076147464e+00
2.336829757742601821e+00
2.049885468793304355e+00
1.649421119852926942e+00
1.975426648624726056e+00
2.759478081864533472e+00
2.330700981953986783e+00
1.510161399643290991e+00
1.976645880690558466e+00
1.545987779489148117e+00
1.793295582246591691e+00
2.099859661351635154e+00
2.464870692175198386e+00
2.448415473880986237e+00
1.557884416887305612e+00
1.994145843450021438e+00
2.357768548968288247e+00
1.261084971576906799e+00
1.758009231195727828e+00
2.374710088764375726e+00
1.606264134247642250e+00
2.347549327386923679e+00
2.601220104649788922e+00
1.471799437641065689e+00
2.412838837846584816e+00
2.255567245916244801e+00
1.123936642837057409e+00
2.555250949971074714e+00
1.715369116804607241e+00
2.246333202923873174e+00
1.975916684109524368e+00
1.797460636237860898e+00
2.047733353242889187e+00
1.947152893434347831e+00
1.600014770116528595e+00
2.007796001905032490e+00
1.556368362281507878e+00
2.722107618671736340e+00
1.628424066810029380e+00
1.654924259136776321e+00
2.160628041031865010e+00
2.331080943068986500e+00
1.961964177264640785e+00
2.345465879708188872e+00
1.289199458771438600e+00
2.269951625424913910e+00
2.551669765654753341e+00
1.621974793125504410e+00
2.108866529110206223e+00
2.048151273771290359e+00
2.414768254745940812e+00
2.392260883905874991e+00
2.102230666593286834e+00
2.223430006280254112e+00
1.467643282544964123e+00
1.616513577588791106e+00
1.815079794564691706e+00
1.390452942793073632e+00
2.266179271774122483e+00
2.072337667938391803e+00
1.585965694893736622e+00
2.348970898698714116e+00
1.324409827012837937e+00
2.191220576417543420e+00
1.779553775795656989e+00
1.601479451038300805e+00
2.425342305546936306e+00
2.551371101146614251e+00
2.330484676663208798e+00
2.586802053735799412e+00
1.692194849775147780e+00
2.378532209131011044e+00
1.848294398480543332e+00
2.124835046725308985e+00
1.297182979976723161e+00
2.030339306572061631e+00
2.031101053689870817e+00
2.071579670846921850e+00
2.124274908322930422e+00
2.749017216700343269e+00
1.439728844220757198e+00
1.412546349809821411e+00
1.664663806543563940e+00
2.053217184846147791e+00
1.920795855139193709e+00
1.583313176838654801e+00
1.960276701171034919e+00
1.980783700568923500e+00
2.167771766131563638e+00
2.626333915672571795e+00
1.136197194823367784e+00
1.362077171279199916e+00
2.235046527955796947e+00
1.990170976319356910e+00
1.480416841470744815e+00
2.574265855042488393e+00
2.670447763855327228e+00
1.318468462705318034e+00
2.306251869734216253e+00
1.934852060661731210e+00
1.688994262293343152e+00
1.604223332845582828e+00
2.205763027363671469e+00
1.471053829217714659e+00
2.460634761200208853e+00
2.661037641561563305e+00
2.244254135869383937e+00
2.337721679696696864e+00
1.196955772428932585e+00
1.756099680421165043e+00
1.734803709510422731e+00
2.255180922733010629e+00
1.977754741761615920e+00
1.960363278853832325e+00
2.074009169201405101e+00
1.766883673305092106e+00
1.788675847611890690e+00
2.530858760216721848e+00
2.138778167413341258e+00
1.644131188423667567e+00
2.481821954923449258e+00
1.951189303427949717e+00
2.208372652555948612e+00
1.966974332484490162e+00
2.045229890442191945e+00
1.366093887997845702e+00
1.951860398255869322e+00
1.230372755896613324e+00
1.720175768574935482e+00
1.335174981818830764e+00
2.132787018634188847e+00
1.643643460747138629e+00
2.692435445847324971e+00
2.467422097089748689e+00
2.253669085005229888e+00
1.693749948985245446e+00
1.618288753403298585e+00
1.737893588576709725e+00
2.112847023493834353e+00
2.365313047449722816e+00
2.616224950383036152e+00
1.895064994459760177e+00
1.197449236012421814e+00
1.593193468079595831e+00
2.572766798797505139e+00
2.144209922644687794e+00
1.873446440958834280e+00
2.173623530085547095e+00
2.037836764768242936e+00
1.621505694597079827e+00
1.253548388800560076e+00
1.679597571186561833e+00
1.419309108979129430e+00
2.214015262081604263e+00
1.596851142002220669e+00
2.193574627569523372e+00
2.130890854517302202e+00
2.386529785692353300e+00
2.760113963724935893e+00
1.421218040269681904e+00
2.045947211096944329e+00
2.150660375325764928e+00
2.143690733532984893e+00
2.182869570846439622e+00
1.581017857417687855e+00
1.771428664144027554e+00
1.586488930037134537e+00
1.956956381835264658e+00
2.138336895780398095e+00
2.042469148092796338e+00
2.483757991070703497e+00
2.089149179354190089e+00
1.891055202490040887e+00
2.531404350515010560e+00
2.201397057933824453e+00
1.955371167767809837e+00
1.806991984257178885e+00
2.279030424609318928e+00
1.732470475035506663e+00
1.630885819411099558e+00
2.348861210364686869e+00
2.377758808241287269e+00
1.984031051166065485e+00
2.201989529516267474e+00
2.469011312399391311e+00
2.094398125281549117e+00
2.056165273552346573e+00
2.861475028297391532e+00
1.905392896875995667e+00
2.296319640477530122e+00
1.883104601855478677e+00
2.106761741084477002e+00
2.179874413228244379e+00
1.576158764288870806e+00
2.779766689702755755e+00
2.270715623630310542e+00
1.440202053083188272e+00
1.803636459748444443e+00
1.783303667457922570e+00
2.100569250850115921e+00
1.150861257523811965e+00
1.910824095249993970e+00
2.555765799196179522e+00
1.735720397797084091e+00
2.547368801848582720e+00
2.526928122928890907e+00
2.413185240981859714e+00
1.944716429145936676e+00
1.732370416018407688e+00
2.683000907679584657e+00
2.596299641667973113e+00
2.525963816017631203e+00
2.124711207040328897e+00
2.360838544682872353e+00
1.784192039962324561e+00
2.305494037611220293e+00
2.057589844972940618e+00
1.728041886515518266e+00
2.206641819267984861e+00
1.761751862580232642e+00
2.180347027199496690e+00
1.964470303498586645e+00
2.309451415995648738e+00
1.519336776913877696e+00
2.240343253119417177e+00
1.491050860186879934e+00
1.894918869443376064e+00
1.256674007236141311e+00
1.157071835840740803e+00
2.359535425302903278e+00
1.556663416382375154e+00
2.401969037163744325e+00
1.709105336811735043e+00
1.515955155937348753e+00
1.455680628667063381e+00
2.053344634505168020e+00
1.907218730264663042e+00
1.590712104318994236e+00
1.763263541098643916e+00
2.372683318213802295e+00
1.104288739353105342e+00
2.469775056088258758e+00
2.004442839431844092e+00
2.158420802262846827e+00
1.255520977649348113e+00
1.729210124033531137e+00
2.191852770492641600e+00
1.697482467372902093e+00
1.893007352279633349e+00
1.212441530160620395e+00
1.273066546754057171e+00
2.082112314509731554e+00
1.375460964329414670e+00
1.908411639288984052e+00
2.592862507591654264e+00
1.205145131207354448e+00
2.847045934947692647e+00
2.400192184363574288e+00
1.805095683960919573e+00
2.645528747230183164e+00
1.574883190461415339e+00
2.611519004927539633e+00
2.131771914020152536e+00
1.964095435482386520e+00
1.958722364697254248e+00
1.290518417621421499e+00
2.469065528448212810e+00
1.594849819410958602e+00
1.405937014987018951e+00
2.456902454222015919e+00
1.682305247525379466e+00
2.104334859626012744e+00
1.804751989746808061e+00
1.759547421954481994e+00
2.081566866527593707e+00
2.091576627973289249e+00
1.787282109687562848e+00
2.224522781173749575e+00
2.177194567233956768e+00
1.148841010488682812e+00
1.535313650687348375e+00
1.657200034345866158e+00
2.178892944247267316e+00
2.335926320913324084e+00
1.260380143432642264e+00
1.766148237271551347e+00
2.196952797312776706e+00
2.166450295735778298e+00
1.935597233931808159e+00
1.643355234004492127e+00
1.369229809330005043e+00
1.227989039749341149e+00
1.664667630146308808e+00
1.842919459297004847e+00
2.035690215449363016e+00
2.383941063808893368e+00
1.577390762094340371e+00
1.539875738679089778e+00
1.541139528090563093e+00
1.524269480757361350e+00
1.351795663714202123e+00
2.243539251714560034e+00
1.166302703266723917e+00
2.060195418313976123e+00
2.151877630080317516e+00
1.248698676762434845e+00
2.033439369016141640e+00
1.137832715558125818e+00
2.606594242932482874e+00
2.043982841407840034e+00
1.356247668647266647e+00
2.086480825685545604e+00
2.087241908302047477e+00
1.056077033354263728e+00
2.803779911690022608e+00
1.949036877592125849e+00
1.519993715308824989e+00
1.379173454804146104e+00
2.866356940559803945e+00
1.665993077394489541e+00
2.148076234593458977e+00
2.009125687652205450e+00
2.377440912311772792e+00
2.079778362053484653e+00
2.139035621336747184e+00
1.645283616989583919e+00
2.023597456793543081e+00
2.139303713991293598e+00
2.485400496976068130e+00
1.508691980612669070e+00
2.072133144628531376e+00
1.428071598543260379e+00
2.141459965357311646e+00
1.626190787506547775e+00
2.557318818756078027e+00
2.604883301490380276e+00
2.277238142947513477e+00
2.357157711823702151e+00
1.814428511213742379e+00
2.700403570838545875e+00
1.571116364491587536e+00
2.432473268479825812e+00
2.189750911867996308e+00
2.351670792927178510e+00
1.371111421441552736e+00
2.608887530506017072e+00
2.049442811781708507e+00
2.400711145846655903e+00
2.269041136838577444e+00
2.468484901492490557e+00
1.971127723725639935e+00
2.272400841914434366e+00
1.284888822863151869e+00
2.277330777176028498e+00
1.475937442791624754e+00
2.610116244596488499e+00
2.460482158047054391e+00
2.070326992474345928e+00
2.656353474723651686e+00
2.475551634130514600e+00
1.847373145239622261e+00
1.483766107171673898e+00
2.314602377506355779e+00
1.809838574882003837e+00
1.876574319437926075e+00
1.972869208059224722e+00
2.092488812658017228e+00
1.678766188902048428e+00
1.595507786330877975e+00
2.338824762584310157e+00
2.157659066796099090e+00
2.671232696171242260e+00
2.210947119946126804e+00
2.247567471999735389e+00
2.802309174836159045e+00
1.588844804190228555e+00
1.712380534407321075e+00
2.585483156558227691e+00
1.926618440077209726e+00
2.186276636274670615e+00
2.513029792210746294e+00
2.467237329535795887e+00
1.840256107691969900e+00
1.604903841736698311e+00
1.199276442726686653e+00
1.617328412194233733e+00
1.853678713692231250e+00
2.277296495370850327e+00
1.829988310469613300e+00
1.539260075682511442e+00
2.088114616619137998e+00
2.581473726946527769e+00
1.847885511667755054e+00
1.302172348967867599e+00
1.469107348492181497e+00
1.574547791037658184e+00
2.219422421200659912e+00
2.016182068106783909e+00
2.050918214369735981e+00
2.113459135636984065e+00
1.335147930124478188e+00
2.411611721368736028e+00
1.490871695204880165e+00
2.004254870548751288e+00
2.195466635110491893e+00
2.339695780488801446e+00
1.587767716624556291e+00
2.563641045204136049e+00
1.840600967047705483e+00
2.382689358436279381e+00
1.805695270593761004e+00
1.330470513565999990e+00
1.471643621360333443e+00
2.288864006219352820e+00
2.104659791425741666e+00
2.397558835561919288e+00
2.859504235623628876e+00
1.502074566784983745e+00
2.570515258099270284e+00
1.897947161095119295e+00
1.533159940111683550e+00
1.585392121104038488e+00
1.650081495553306077e+00
1.839732584131219095e+00
2.231592313337270372e+00
2.323160110734268535e+00
1.506831838997080508e+00
2.714622840205576537e+00
1.996761425666349732e+00
1.663172387129991936e+00
1.497021666803151962e+00
2.136112370267430727e+00
2.069533372929718951e+00
1.919663003298674120e+00
1.958973931240390431e+00
2.296462236915083110e+00
1.289635932748347980e+00
1.692952508880605889e+00
1.971436116719284204e+00
1.453590317041710822e+00
2.193048575465064598e+00
1.460619484424185544e+00
2.472073020921027542e+00
2.179800259161470244e+00
1.279217492368596609e+00
2.046736538851948950e+00
1.813622070535476194e+00
1.143166834833966528e+00
1.592217748531840726e+00
1.333669689751194154e+00
1.380878875631397440e+00
2.182040713834579204e+00
2.700629591445390609e+00
2.069003533703710929e+00
1.595005776806432296e+00
2.116526325586175261e+00
1.526525445684455473e+00
1.900983496564346620e+00
1.819614770720074493e+00
1.550476759224471923e+00
2.648499941218873666e+00
2.222714313881293702e+00
1.723201214153216032e+00
1.591959531602801015e+00
2.072474546999069744e+00
1.722967137078935007e+00
1.743835879549118895e+00
1.727295361102075155e+00
2.126103437517991690e+00
1.459009837332074788e+00
2.589440929909740063e+00
2.028822980716019853e+00
1.865464081709178767e+00
2.263110754739027897e+00
1.253381482803417768e+00
1.457849239338163461e+00
1.927076608399764135e+00
2.318321690054748530e+00
2.301740441433008044e+00
2.710763778942573587e+00
2.358264655338254911e+00
1.189436476592194092e+00
1.123089068188155792e+00
2.269835171524085204e+00
2.005599332279593749e+00
2.016228944089237807e+00
2.245263740070300607e+00
1.249638040719940113e+00
2.586028740668397496e+00
2.592594281202916573e+00
1.737564000413409415e+00
2.540334334478528966e+00
1.622436461192884538e+00
1.820742607826679516e+00
2.097085351169501788e+00
1.949731588023049245e+00
2.314381794003595338e+00
2.131503705199687460e+00
2.332740154058290827e+00
1.681087633285058613e+00
2.864370264895447438e+00
2.645920812313626413e+00
2.711248023077017066e+00
1.690242820900332399e+00
1.616886071188041729e+00
1.112482596780694388e+00
2.473982327899678424e+00
2.124929604533965399e+00
2.246654215788734366e+00
2.107784263548066583e+00
2.055316361506316802e+00
2.801094303380710748e+00
1.854519251397033885e+00
1.569303098214785308e+00
1.549658767890673472e+00
2.193265828219737479e+00
2.717680133254581243e+00
2.081535853347419085e+00
1.569581473364646929e+00
2.248907517288483593e+00
2.507967297096737269e+00
2.461770038336873689e+00
2.095405371204723810e+00
1.998128321118585404e+00
1.952695671593478011e+00
1.515442094694782416e+00
2.151490146081386889e+00
2.497284719130374420e+00
1.258268090523943616e+00
2.430761167633306741e+00
2.660350763501550642e+00
2.537374342306424335e+00
1.216159450021370825e+00
2.062350563637326495e+00
1.987538059445178584e+00
1.376004851116606753e+00
2.377249069773867518e+00
1.092466207204656703e+00
1.478950847016833769e+00
1.941497167487182818e+00
1.427915369459847206e+00
1.772504357767123118e+00
1.961371902382392785e+00
1.497409594537908228e+00
1.967583614409546655e+00
2.219994195851096030e+00
1.844667523282585542e+00
1.888237366040831589e+00
1.564493867324398657e+00
1.782504272011311564e+00
2.321796650837971931e+00
1.881212122792885966e+00
2.209300839158782725e+00
