1.378284454534486780e+00
2.207213184206188838e+00
2.005667444618684847e+00
1.868293241644052305e+00
1.657953372563997885e+00
1.460523355794023370e+00
2.259387096178059551e+00
1.138975354992493694e+00
1.490454631058069745e+00
1.508130109934965546e+00
1.415250243520852713e+00
2.206409399499092316e+00
2.026341869923182770e+00
1.673291611584223126e+00
2.389539318743347351e+00
2.394626392352863675e+00
2.013188040315222693e+00
2.333326489384027091e+00
1.413733493310497469e+00
2.652920339032825758e+00
2.134916146579882490e+00
2.222928059815836299e+00
1.812719830298583190e+00
2.231925523438729186e+00
2.297679675458716098e+00
2.496495526861171488e+00
1.393103983833636317e+00
2.409024922089624265e+00
1.749493860611465168e+00
2.337388613290219297e+00
1.124712780851781391e+00
1.312972747545036123e+00
2.649053616079950935e+00
1.390555929460734808e+00
1.894185682219754252e+00
2.145346049197062399e+00
2.273189126940554861e+00
2.144067094644330318e+00
2.004431772293917557e+00
2.726651059659154441e+00
2.437327714707535620e+00
1.813555320200134879e+00
2.039533776375650476e+00
1.926611211633619813e+00
2.335934331745041614e+00
1.559719950607642902e+00
2.347042626153933220e+00
2.016692195632630913e+00
1.671553891666523795e+00
1.906157979092392596e+00
1.166233192807697661e+00
1.811366355229363734e+00
2.452847621901611319e+00
1.260803780932197915e+00
1.483016752578037112e+00
1.661344312857390815e+00
1.176431359154909151e+00
1.218448137557814004e+00
2.204495095184490605e+00
2.750945401436093896e+00
2.501682162814570454e+00
1.812447856855844197e+00
2.203325838250225210e+00
1.359867955811040252e+00
2.213558782435576688e+00
2.466583549207439940e+00
2.106405135310833732e+00
2.474208680955718442e+00
2.574313844977592414e+00
1.692495123859319328e+00
2.878092920747992167e+00
2.300072377483399322e+00
1.892199579203608151e+00
1.734017981888320126e+00
2.198339928834308399e+00
1.555917639276946929e+00
1.541527095522622126e+00
1.996244647728959265e+00
1.980138314464239269e+00
1.370886632024646445e+00
2.397270449215500143e+00
2.704519670857508551e+00
2.012867412485208618e+00
2.207191686128844754e+00
1.501177530002180793e+00
1.623686483376839629e+00
1.579390842163290731e+00
2.330351291933507873e+00
2.047389424974352501e+00
2.315832389490853238e+00
1.850330542778444887e+00
1.931691413845560312e+00
1.717503089774349956e+00
2.292455008761501656e+00
1.972773536396621452e+00
1.892382681023243141e+00
1.340198394731312082e+00
1.759831668301878427e+00
1.565817563780131705e+00
1.885587866868705387e+00
2.513965843554880841e+00
2.385030876841651271e+00
2.207010496942164224e+00
1.779599046869507983e+00
2.381773070611539644e+00
2.467491288371761904e+00
1.854049346278410448e+00
2.131811317063519784e+00
1.371642757041199090e+00
1.831869079627488128e+00
2.394041145517957325e+00
2.378150179802095643e+00
1.836399406089588293e+00
2.174075435608072482e+00
2.775115940692312932e+00
2.125059565600163403e+00
2.579902261732673452e+00
2.078468159097925039e+00
2.444386015593476458e+00
1.336890838890129496e+00
2.033787006777654671e+00
2.130843080424863256e+00
2.385719884209252406e+00
1.777383565254577746e+00
1.532730739431752198e+00
2.015562922521664468e+00
2.049923618776113621e+00
1.878066643786230117e+00
2.637853384952868474e+00
2.228346234238362644e+00
2.187872103275884328e+00
2.254662578733541700e+00
2.381196133624622568e+00
1.941631516608468555e+00
1.496923190113411684e+00
2.312737484709100677e+00
2.124420658676182683e+00
1.628465166748381598e+00
1.361323037770176603e+00
2.088769453097920170e+00
2.182491389486270528e+00
1.274591316513093542e+00
1.440891541711225576e+00
2.044315110422957993e+00
2.373227974353234515e+00
2.329650315251174497e+00
2.263330698445284561e+00
1.239510155788602574e+00
2.471119335233807224e+00
1.843019195993595094e+00
1.739686436830337524e+00
2.227612881091087349e+00
1.175478534442029321e+00
2.052335237814467028e+00
1.429011482447833048e+00
1.914455805582529369e+00
1.641708563377231478e+00
1.427320607792416984e+00
2.347122512240773062e+00
1.916405095025595973e+00
2.291409026187195330e+00
2.329565532040715148e+00
2.144343531991895091e+00
2.112809509982753298e+00
1.484500519543019648e+00
1.040931543372683787e+00
2.814408267884952242e+00
1.638846594535311674e+00
1.509919102702695692e+00
2.619111132467654812e+00
1.548997089963278340e+00
2.405918412881135726e+00
1.551020461934746741e+00
2.411220728079782827e+00
1.606474819532055509e+00
2.489562178814965776e+00
1.602022584074902278e+00
1.784535372728097258e+00
2.569192593173394101e+00
2.126479707093026583e+00
1.707835885479373150e+00
1.807446734491949147e+00
2.258017918296585602e+00
1.569574899652992128e+00
2.561619858494546875e+00
1.588580714730990273e+00
2.058457716404516802e+00
1.262167202130005661e+00
1.608324961078090087e+00
2.063773167005829912e+00
2.149169196286359718e+00
1.634192817138591547e+00
2.621626898811806328e+00
2.710609392851977439e+00
2.372257733784663536e+00
2.097199687386533284e+00
1.651397920531653796e+00
1.974824157168947547e+00
2.229767386482352620e+00
2.746311185297877877e+00
1.979642440307111340e+00
1.880143488895599235e+00
2.262742822976604451e+00
2.458949314180880030e+00
1.668562059157513433e+00
1.310011235111127936e+00
2.711294347344397782e+00
2.294684833231919630e+00
1.418858911808559498e+00
2.462186659290151347e+00
2.244009809139368095e+00
1.751094404060777432e+00
1.679255303795038845e+00
2.456623052771338855e+00
1.493246949374391841e+00
2.356610050548118451e+00
2.069391909521442585e+00
2.663873452832335786e+00
1.931613336692355354e+00
2.350843284709689840e+00
2.046044871810079435e+00
2.362361689877098492e+00
1.242114057234486646e+00
2.479127710910864035e+00
1.883452516216159944e+00
1.591148607180872254e+00
2.024536024626948372e+00
1.779698547518180574e+00
2.675909366781372256e+00
2.345345397215525374e+00
1.361499818968362696e+00
1.914567970785791662e+00
2.697079609381607845e+00
1.358234413426901988e+00
1.699971354318341898e+00
1.370635225701089199e+00
2.226712709085632014e+00
1.742752292624059507e+00
1.847629042606359739e+00
1.985755729982451978e+00
1.589960550067639700e+00
1.156561038937505170e+00
2.610807999251348654e+00
2.498178671748647162e+00
2.133989170589448925e+00
2.035486395917091684e+00
2.312287962251488693e+00
2.253727523841028813e+00
2.144591017766666496e+00
1.855172240187357158e+00
1.855144946027583730e+00
1.677269690378117240e+00
2.591050453920059837e+00
2.872521783295142850e+00
1.508507944406368040e+00
1.981913046762483255e+00
1.736890259469886288e+00
1.897387609473925041e+00
2.199646457046244397e+00
1.949876922940567692e+00
1.248697082533818170e+00
2.821530031806308791e+00
2.442814674552630461e+00
2.349099476863735880e+00
2.100894071368745841e+00
1.846182336222479847e+00
1.321466446790594329e+00
1.991970330586274596e+00
1.911878064285254197e+00
2.232749841086719478e+00
2.068211550774424090e+00
2.086106453993151533e+00
2.133631137830613866e+00
1.604132428052874815e+00
2.059370634268892886e+00
1.548510741709369976e+00
2.314940674562488532e+00
2.574394807184765988e+00
1.944584493778956702e+00
2.231195412411731027e+00
1.992135463162200359e+00
1.162932374814875436e+00
1.923136573097992130e+00
2.196783883051400821e+00
1.787775505315881697e+00
1.626318730295360560e+00
2.784043966062341724e+00
1.816867299054963025e+00
1.770677064791986499e+00
1.665252594558201960e+00
1.630645796418392024e+00
1.121329448478904478e+00
1.572754003542455425e+00
1.724487224074700453e+00
1.824067508368255375e+00
2.169038937850261028e+00
2.386006477912400392e+00
1.975899957550187436e+00
1.747288515247847007e+00
1.782440132131422716e+00
2.187795185213030180e+00
2.468243842651286712e+00
2.058636041725874222e+00
1.984589467159041831e+00
1.563962115339453396e+00
1.841305294326430975e+00
1.541606967941193673e+00
2.342883457906252964e+00
2.246391754574130317e+00
2.024150152012725190e+00
1.130188169337960291e+00
1.938726109453198454e+00
1.808852242184390446e+00
1.963331545595409011e+00
1.934295460504877662e+00
1.681669008722214809e+00
1.897948591544516672e+00
1.661630078078423445e+00
1.458327987717809471e+00
2.533698235657077191e+00
2.026487385908332328e+00
2.263538579642234261e+00
2.449714408897213147e+00
1.487198487416731441e+00
2.519447498425976484e+00
1.712482118212301785e+00
2.351512838635768432e+00
1.939511452707064709e+00
1.630058020352025183e+00
1.417417197595590928e+00
2.015966062299794803e+00
1.636816323106427884e+00
1.107758190030075474e+00
2.673391797463981590e+00
1.318115532991402050e+00
1.844893558349297136e+00
2.336028359283178091e+00
2.121129631013846328e+00
1.956506764629592166e+00
1.149172603007108329e+00
1.936878422173374581e+00
1.850214556018914491e+00
2.379317488086364119e+00
2.655507203756157342e+00
2.523097330207298761e+00
1.380032853754016520e+00
2.208848105962188058e+00
1.361932555306176074e+00
1.915770815410334560e+00
2.574789150354835243e+00
2.296257085151605093e+00
1.452019191945435495e+00
1.136018370495690100e+00
2.437922165246461326e+00
1.074756730410701300e+00
2.895344200004668522e+00
1.540371942314721077e+00
2.451016957678876729e+00
1.626317358779433508e+00
2.022655871958648710e+00
1.618510144539630602e+00
1.506021869281674919e+00
2.524051705080063712e+00
2.311028720797907887e+00
2.130666746578184334e+00
2.454006393247518680e+00
2.751135074143562065e+00
2.443565580859750952e+00
1.607639916418392323e+00
2.227307864380018820e+00
2.350130420950273802e+00
1.550200837976134283e+00
2.697910022766973448e+00
2.037965889319651946e+00
2.099386377435428219e+00
1.256899085987850384e+00
2.521029019014637385e+00
1.495631150395559050e+00
2.228600163391460498e+00
2.011400170528236497e+00
1.379464430107208983e+00
2.252123549227676769e+00
2.183714689171437850e+00
1.651230586120763455e+00
2.297977024578450767e+00
1.924314325211711196e+00
2.212558231605580517e+00
2.335110241521461738e+00
1.336147389074647140e+00
2.482724709492715398e+00
2.519342044170801209e+00
2.310052782087021583e+00
2.184346210173718550e+00
1.339436466628507683e+00
2.365017289142431700e+00
1.699908372417742175e+00
1.704600556529067390e+00
1.519577097995963522e+00
1.564475996602064711e+00
2.157222140500815399e+00
1.523864029100578721e+00
2.614239442735399876e+00
2.543472094360072155e+00
1.454369183045879144e+00
1.644524826991681232e+00
2.182839898491836905e+00
2.266362657997875729e+00
2.036322949806249838e+00
2.526119704100848740e+00
1.560965081671849664e+00
2.086159301989666481e+00
1.937913362179230381e+00
1.242055960352487443e+00
1.776372776333400960e+00
2.577209642389106214e+00
2.233079983273168700e+00
1.080894149151900407e+00
1.813125507670253045e+00
2.070561953045225501e+00
2.446592699738006527e+00
1.460355819748786033e+00
2.105075689711133347e+00
1.819436201725884050e+00
1.822960778714326935e+00
1.900018379976092797e+00
2.461369662903284627e+00
1.114698202456075427e+00
2.268655684891208502e+00
2.353609195038550261e+00
2.337043191163671096e+00
1.429638290181289406e+00
2.628246911165422528e+00
2.036892418415266803e+00
2.296712763671644453e+00
1.438988912979882073e+00
2.096381250518215555e+00
1.725743822506647041e+00
2.448731699703175835e+00
2.188357028636516155e+00
1.754932406383082011e+00
1.926688214098175589e+00
1.876660845052362525e+00
2.356747064739026953e+00
2.523803071698401901e+00
2.075789654058015188e+00
1.694869402395917213e+00
1.325882812161633062e+00
2.044550590549610192e+00
1.506671135330137856e+00
1.633219945484372548e+00
1.266788475147503590e+00
1.482855529686612828e+00
1.726707358247210777e+00
2.342840977223981547e+00
2.317353849142357980e+00
1.365063745820456420e+00
2.215057545390847871e+00
2.153720424494988350e+00
1.999679099694513740e+00
1.669515883858136984e+00
2.114351694792567571e+00
1.950761888568015356e+00
1.527227291713834090e+00
2.469742983216193011e+00
1.881005637578166301e+00
1.861617905906554515e+00
2.782797138244506030e+00
1.359794492351883433e+00
2.861750353384966417e+00
1.654078966819705121e+00
2.360182404295252390e+00
2.524708281952955602e+00
2.621269542922839868e+00
2.463042084560727929e+00
1.894937473645831316e+00
2.566243458697380575e+00
1.814975312713014599e+00
2.705795916054336558e+00
2.296634521902968018e+00
2.550800356019363502e+00
1.564747952816540888e+00
2.048127786331924050e+00
2.532676570253480364e+00
2.829217308242908402e+00
2.354292977571494916e+00
1.721913122296822696e+00
1.190073019944429600e+00
2.096051569034059092e+00
1.488748639950747243e+00
2.410000407796923483e+00
2.183953018885020025e+00
1.895951203029171861e+00
2.021409369328928562e+00
2.241534142176410338e+00
2.530780508651435223e+00
2.186374550687281371e+00
2.615084492136131367e+00
1.713120850772866355e+00
2.496147143291523651e+00
1.666678523044025750e+00
1.460457551564663614e+00
1.989231190255621451e+00
2.633550491169038388e+00
1.897295850457162203e+00
1.352918808654167693e+00
1.927260696482311797e+00
1.880971725816243278e+00
2.410866965356005309e+00
2.196878855908882766e+00
2.137181448807037309e+00
2.122045841021467538e+00
1.446585885374132019e+00
2.303213490342604253e+00
2.037695358010810143e+00
1.750837026793716333e+00
1.407233913954843540e+00
2.004606289986237577e+00
2.180041669762934120e+00
2.119155915673245794e+00
2.167117249869660256e+00
1.110860163508994303e+00
2.329401946500979648e+00
1.581166244979356428e+00
2.060527923520719895e+00
1.824196173176760416e+00
2.295658671172458476e+00
1.347129919836951295e+00
2.361127092199256428e+00
1.962712610736697005e+00
2.012713621243724660e+00
2.610282218360649331e+00
2.131163916392458724e+00
1.925905497741593475e+00
2.267082091191394255e+00
2.492521219086276663e+00
1.689401642993027641e+00
2.163272641555366249e+00
2.064314188199697586e+00
1.652308781689306727e+00
2.319608341680688302e+00
2.187706572835152574e+00
1.358832619791703555e+00
1.936702559829771797e+00
1.637578011067946093e+00
2.203672268801529555e+00
1.371112433035245326e+00
2.420681686662735643e+00
2.029727373242658395e+00
2.054225628407285509e+00
2.720942489759262006e+00
2.255688191828756572e+00
1.830390408357828846e+00
1.193562131601307863e+00
2.223022769240734053e+00
2.125817042870609797e+00
2.255442203818875058e+00
1.400628470390986369e+00
1.344890581090058213e+00
1.586311214291917571e+00
2.459654880256505471e+00
1.460275287257074339e+00
1.798924098405386696e+00
2.250491148858518642e+00
1.339296607578857046e+00
1.364886978870097467e+00
1.438230195556188917e+00
1.919574281758726464e+00
