2.233624120292627246e+00
1.225864092514974857e+00
1.763410884837107062e+00
1.931136320654189387e+00
1.510502858149583627e+00
2.354626903869624144e+00
2.158268941538850072e+00
2.513443336939591433e+00
2.349720157217756622e+00
1.436530734760668171e+00
2.058749180527351452e+00
2.599846138744670299e+00
2.596528959393966662e+00
2.560697352798135817e+00
2.384954615470731731e+00
2.475193460570603854e+00
1.741103160588397092e+00
1.560333825563602339e+00
1.785520665433862231e+00
2.416186864821638913e+00
1.826326223170111618e+00
1.878890666313722813e+00
2.384489890188381089e+00
2.513694196938102365e+00
1.597318880596808821e+00
1.519970463979598119e+00
2.037470247569736159e+00
2.344560234317080827e+00
1.896037916644182530e+00
2.152389650626687967e+00
1.766458664870933948e+00
1.932799508450868897e+00
2.285695529712501894e+00
2.300828458218648009e+00
2.178779805611204878e+00
2.119758884904368923e+00
1.807958858218329024e+00
1.557011554047534219e+00
1.443720744942265322e+00
1.483708559847025876e+00
2.103920926851478690e+00
2.054631303822177735e+00
1.925617389700173820e+00
2.289679048720242971e+00
1.739516418253686414e+00
2.258288524188788671e+00
1.930100049353753455e+00
1.063058543561480551e+00
2.139401068743095546e+00
2.471341634028449974e+00
1.529488445169707944e+00
2.163853069372036586e+00
1.649365656965716909e+00
2.716116567706149176e+00
2.218946356119817054e+00
2.417150594594493107e+00
2.407508601640696355e+00
1.953463462640548931e+00
1.461689300679953840e+00
1.792418348404429151e+00
1.286744171564776718e+00
2.001842670716421857e+00
2.006416455535836363e+00
2.445497790701333329e+00
1.681487666645040235e+00
1.866165728312529914e+00
1.936196318725569077e+00
2.195073112305698793e+00
2.376758998032570513e+00
1.666496916537520079e+00
2.379641690494033401e+00
2.542790570395622396e+00
1.688267630866875813e+00
1.608681022083480405e+00
1.873336410952291420e+00
2.116769492500145233e+00
1.798879058435609801e+00
1.513644033135873812e+00
2.325242327057385872e+00
1.871891658969178973e+00
1.965484702968378183e+00
2.372637066850652676e+00
2.378995435551420901e+00
1.817431032519644774e+00
1.789269060552900914e+00
1.777701313382119341e+00
2.515390617349347657e+00
2.454712043966582602e+00
2.518946168142034203e+00
1.577715501252290764e+00
2.256790408331161402e+00
2.571863645181541536e+00
2.452299853167150712e+00
1.414273125972181688e+00
1.657322578903211330e+00
1.388492762772775446e+00
1.725651815676834566e+00
1.653122327096065991e+00
2.362452039904866741e+00
1.993787399545265293e+00
1.754620545387446384e+00
1.935191918830661217e+00
1.477643130663534698e+00
1.745149671454440776e+00
2.617763704160768867e+00
2.044735255147426933e+00
2.266581020529594426e+00
1.410562431858721766e+00
1.751061991543571228e+00
2.467653266794426870e+00
2.269295830397127567e+00
1.782645058132532823e+00
2.416670857892576407e+00
2.244541945494805013e+00
2.681610540007995702e+00
2.722701143788574196e+00
1.674653425270688611e+00
1.657994575815957550e+00
1.597847502770099570e+00
2.398566250911497111e+00
1.442557375630001637e+00
2.513084729619222912e+00
2.064976609906229221e+00
2.333007320051144529e+00
2.510592408412062326e+00
1.583284398290013772e+00
2.810569710640024255e+00
1.861663846689530999e+00
1.892347968335667208e+00
2.048123512516892397e+00
2.223040661222051462e+00
1.383232332488820271e+00
2.267810740663505520e+00
2.119586195059656841e+00
1.883082971881353762e+00
1.255506862549991887e+00
1.791310174443685899e+00
2.225288190006684541e+00
2.123797572881815476e+00
2.430896145013915710e+00
1.432890048541593409e+00
1.695513780318825159e+00
2.496082784425244228e+00
1.816524532494904864e+00
2.338292606787512273e+00
1.921221370229846404e+00
2.779887639675444611e+00
2.599182723151762353e+00
2.074017544835875526e+00
2.413513551746570229e+00
1.288126113407136675e+00
2.391910950934067692e+00
2.515505510690482893e+00
2.111395016249036694e+00
2.638112749124250200e+00
2.571626166246169909e+00
1.680531062280300691e+00
1.583240313588945458e+00
1.898637492126540316e+00
1.619498152060784069e+00
1.910424395130867925e+00
1.220814154365563731e+00
1.705203982825833187e+00
2.621584279720467592e+00
2.059474471903153248e+00
1.680214714477660465e+00
2.526805973464294031e+00
1.944435543823086698e+00
1.584658035836180368e+00
2.446687019608311697e+00
1.812832318678701649e+00
1.959442820521809736e+00
2.706740728242901461e+00
2.274719713011273292e+00
2.106733890936489217e+00
2.016902522410898513e+00
1.884865767866628072e+00
2.241121002389345307e+00
1.868473314325695966e+00
2.520102840689622425e+00
1.632133841381445016e+00
2.620741413193570679e+00
1.531526575192200035e+00
1.761076531467937301e+00
2.626850890866725852e+00
2.732187918911862745e+00
1.892984906073994944e+00
1.886153754889007939e+00
2.605526437530968131e+00
1.481180325792303520e+00
2.335874486250810733e+00
1.692749607983806248e+00
2.629651965993749840e+00
2.325096829623806372e+00
2.077442390794545624e+00
1.203044455337673790e+00
2.319983915783871531e+00
2.522906424367855838e+00
2.776862798087528894e+00
2.566803063153983544e+00
2.525209256630181365e+00
1.961098088037202647e+00
2.198209221563315108e+00
1.684489179459421671e+00
1.450184511244466901e+00
1.945967467846960952e+00
2.792025443124319217e+00
1.559780612740232719e+00
1.588598692612532837e+00
1.482047913896488378e+00
2.043544991066901240e+00
1.982453830980638543e+00
2.154592059072562016e+00
2.138480867524662710e+00
2.011424629963325827e+00
2.392547915642339262e+00
2.190996163514208561e+00
1.864205408373652784e+00
2.593462202103353320e+00
2.446405192947718632e+00
2.191039829320393650e+00
1.760044276995554657e+00
2.291747294352313169e+00
1.890991228214527142e+00
1.548659259266819799e+00
2.064151826726559502e+00
2.643516448683852715e+00
1.612957132151450423e+00
2.339114913537271523e+00
2.235336776455619123e+00
1.933775318034734347e+00
1.343927741443595059e+00
2.892739075098683887e+00
2.319707621239689654e+00
1.730904165721026011e+00
2.007979757510406138e+00
1.554395456820111709e+00
2.344504704185173871e+00
2.012615894363545266e+00
2.484640377635434216e+00
1.907872206347211108e+00
2.023428417793213363e+00
1.395851834709659789e+00
1.414789709658536898e+00
1.955700587714062522e+00
2.634360967845886137e+00
1.571281175749560832e+00
1.856014070074505362e+00
2.132055266350477929e+00
1.938745981839303800e+00
2.062295150079168415e+00
2.202247334091666620e+00
2.490486951146652750e+00
2.064023362294324038e+00
2.227679611649654667e+00
2.052788508891824293e+00
1.759333385581955067e+00
2.213725831429709245e+00
2.616001463013985173e+00
2.447718658245293444e+00
1.967770629640664293e+00
2.528112084896288803e+00
2.258355512269280219e+00
2.437003635677528202e+00
2.599511408029440140e+00
1.385950437430226279e+00
1.984273641371522956e+00
1.300011434229906060e+00
2.525860171256844922e+00
1.829032961923158229e+00
2.164328051584197610e+00
2.644203635230656158e+00
2.190104339241295328e+00
2.162602835963884029e+00
2.296443125124536966e+00
1.380043359524700808e+00
1.687555531223395633e+00
2.327850121001080463e+00
2.047893894658412428e+00
2.465441240620194652e+00
2.412400837419992783e+00
1.330877225923079221e+00
2.351778983454196670e+00
1.651822067234582692e+00
1.843149573827925991e+00
1.763076075153215516e+00
2.054607712740965653e+00
2.282614803643001622e+00
1.740517798199244792e+00
2.445253500084962894e+00
2.507355511959595162e+00
1.795166542105800289e+00
1.581737307876638798e+00
1.593011328145071737e+00
2.017221910687830189e+00
1.610570521177369985e+00
2.359967922072479407e+00
2.465394191976812976e+00
1.393527415979546991e+00
1.582248540090757993e+00
2.326221897524041182e+00
2.139945323052947046e+00
2.142986424416372770e+00
1.435698712121711296e+00
2.530888635709180434e+00
2.310765509921454797e+00
1.352454094266475337e+00
2.272280905889669800e+00
2.296019577066682249e+00
2.040543303690704136e+00
1.544236036894945041e+00
2.449847164430050128e+00
1.818234734792498308e+00
1.912015053747115445e+00
2.128232383116500870e+00
2.088931286244601448e+00
1.538335393865842171e+00
1.482515048581290573e+00
2.789999307811456219e+00
1.443105636656943247e+00
1.654777718895750205e+00
1.588457472995848940e+00
1.175279107249001420e+00
2.487755266697803336e+00
1.453222836423594178e+00
2.270643661715258332e+00
1.823826981407001391e+00
2.269528555758816513e+00
2.484311960738523339e+00
2.453944838808642892e+00
2.065312468059083972e+00
2.201607455291095583e+00
1.353396255885213950e+00
2.241943802861121604e+00
1.980942189987545232e+00
1.666632629987967684e+00
1.548922198516403448e+00
2.277481054106574199e+00
2.327341091961537600e+00
1.643199234270784181e+00
1.781599374603986874e+00
2.563699798155570697e+00
1.590660961635618875e+00
1.657953793210581228e+00
2.475858532969202663e+00
2.629121790524489022e+00
2.573552480963414268e+00
1.838998453998859306e+00
2.400747158374680446e+00
2.581391525233802220e+00
2.108772807697635976e+00
2.321926128968752501e+00
1.965931090959920358e+00
1.415819898179515812e+00
1.586933739472429883e+00
2.455950954153985677e+00
1.974453276924590162e+00
2.131463769187673662e+00
2.153545288276264902e+00
1.500589263510712978e+00
1.201712681990992682e+00
1.215433199510112194e+00
2.232341749429831435e+00
2.612343696436540963e+00
1.477245107466236274e+00
1.515261711844666737e+00
1.873066856210933606e+00
1.867500327507558566e+00
2.049480683637470158e+00
2.131734536758408183e+00
1.728661508293659166e+00
1.558406737976490319e+00
1.927077574000811477e+00
1.239361760250287325e+00
2.644455988977582273e+00
1.512331917043720608e+00
2.405862671619781956e+00
2.629175980175044725e+00
1.781704765198218521e+00
1.640967833757083216e+00
1.767773704014748981e+00
1.713935400080293991e+00
2.334771375949493244e+00
1.973630544872692960e+00
2.100063330818396246e+00
2.202525108432922707e+00
2.402966924756957390e+00
1.790827582264592710e+00
2.300808794341113739e+00
1.293843180681673699e+00
1.835064383324652493e+00
1.363008298883207292e+00
2.146193847149298506e+00
1.308222790973218697e+00
1.332872395772219720e+00
1.917521335469833943e+00
2.091122974614297192e+00
1.906380770326858709e+00
2.567540042000917566e+00
1.568515417371950882e+00
2.614041865978346202e+00
1.222093164141774713e+00
1.848624939480289830e+00
1.859904204505182346e+00
2.128052540086551314e+00
1.244221035738900749e+00
1.530603065898533011e+00
1.793904158806557847e+00
2.461418234879290790e+00
2.127143764464406228e+00
2.118456826257121506e+00
2.011917488954418687e+00
2.296106960073873271e+00
1.977801567722447640e+00
1.593320525652072384e+00
1.717911230363659669e+00
1.745681009678641260e+00
1.752601155042715408e+00
1.312547949716057927e+00
1.799591404709914855e+00
1.917847805529421024e+00
1.726895297024374054e+00
1.829221168521903085e+00
2.029234104531896676e+00
1.804982256555701214e+00
2.442640599880115282e+00
2.559855537880487475e+00
1.815367162666748468e+00
1.793121773906380501e+00
2.167645121730881641e+00
1.849573898109471148e+00
1.988755110714615748e+00
2.442946695388569012e+00
2.273015748264048952e+00
2.565342280752878956e+00
2.502026013993897902e+00
1.373762877002619121e+00
1.328633827862599759e+00
2.363873580180940959e+00
1.735894132391995637e+00
2.173489941684817239e+00
2.093528894854655320e+00
1.463614598420464930e+00
1.747956717764748147e+00
2.500188394054196017e+00
2.252814454298639468e+00
2.360893196774383362e+00
2.419141232582966428e+00
1.789068216708475711e+00
2.456328346064848400e+00
2.045125348258497233e+00
1.826339217280651406e+00
1.174834761163001673e+00
2.030619140641199749e+00
1.862711902057153646e+00
1.656368625365449709e+00
1.911560075269924219e+00
2.579410863768663020e+00
1.988956681994764164e+00
1.461794560490328632e+00
2.045859961404579153e+00
2.312909086578905260e+00
2.073866865839796514e+00
1.277956577611806255e+00
2.562519094110035311e+00
1.392911020377500586e+00
1.435783697926505731e+00
1.628783944153267438e+00
1.758378684757972543e+00
2.196185837170400390e+00
1.834838874032322265e+00
1.356373924387676011e+00
2.486122081958390240e+00
2.013621771135390759e+00
2.530707186678244014e+00
1.488926370428200308e+00
2.502395554360451246e+00
2.037020253076283538e+00
1.692491720434309066e+00
2.467087582428883596e+00
2.633386631684612400e+00
1.563563440341851685e+00
1.793632049071455015e+00
2.125516929096094465e+00
1.715205518233759552e+00
2.007966184474065052e+00
2.253386200907528281e+00
1.740010152339405369e+00
1.853955916873168963e+00
2.262166834124863080e+00
2.491064211159030872e+00
2.129462400845283376e+00
1.814195470481638761e+00
1.528984929861066711e+00
1.802971994365129671e+00
2.205229865107989795e+00
2.289125528098665985e+00
1.415408592029640200e+00
1.746262635366290006e+00
2.862580285231460131e+00
1.874903998326818755e+00
1.520052369784565371e+00
1.997947874142236735e+00
1.693955389415615631e+00
2.748622087826958271e+00
1.916354793799444955e+00
1.800336821423706768e+00
2.239633999797464803e+00
2.434626866343492679e+00
1.919060432167494223e+00
2.094645517646087640e+00
2.591972437006162977e+00
1.388411039118904622e+00
2.451438886433798814e+00
2.016516585615026891e+00
1.811461282457679900e+00
1.538411278570175345e+00
2.847373149953176252e+00
2.404680172188570886e+00
1.943313336833463412e+00
2.028567909318517160e+00
2.358608312968521581e+00
1.818926011113606966e+00
2.125692108601397123e+00
2.290221686045573968e+00
2.599696901815760519e+00
2.468629138322333105e+00
1.798201859064846975e+00
1.982779478259011796e+00
2.445683529746602858e+00
1.522248921725176452e+00
1.580784643748034402e+00
1.265985789884016999e+00
1.913185196123759813e+00
1.850409231046093339e+00
1.502682357137962388e+00
2.015871433117094824e+00
2.407867353726024007e+00
2.273354409437915891e+00
1.990142714410749303e+00
2.731068925326953778e+00
2.356808793423506465e+00
2.317951492797629243e+00
2.727561764824056656e+00
2.152310222921344440e+00
2.773007330513963975e+00
2.378566325332405640e+00
1.512903947336910360e+00
1.850995889622534474e+00
1.906838414819719940e+00
1.948736848132795352e+00
1.324834271456478474e+00
2.541374315661449224e+00
2.309498382305870567e+00
2.345721265589131299e+00
2.114476924829140181e+00
2.416932431457021302e+00
2.324690402514091758e+00
1.808121882844859085e+00
2.330406800008899992e+00
1.763020864404190480e+00
2.141340182290742522e+00
1.697727279036736370e+00
1.818729125070901897e+00
2.173330480943854059e+00
2.712147049382794606e+00
1.882681549704127377e+00
