1.505804134048564169e+00
1.614512233701103971e+00
1.278233387513167063e+00
1.617019472577237771e+00
1.632187531081074727e+00
2.081994016066871289e+00
2.767900603239668911e+00
2.343085738493988934e+00
1.674955540064855031e+00
1.954180359487433183e+00
1.522920943223574408e+00
2.118580417626941159e+00
2.707757179349263410e+00
1.697354312629159701e+00
1.466548718334872881e+00
1.993508216983165271e+00
1.559023453145091054e+00
1.942040555816194169e+00
1.774278551290783934e+00
1.971332037967847839e+00
2.322555770549035170e+00
1.388663358161517092e+00
1.647397481632325134e+00
2.136604956562727864e+00
1.624398955306147752e+00
2.630235534006456266e+00
2.126672292076870807e+00
2.391446466232761026e+00
1.636460747769100443e+00
2.319219478510319732e+00
1.862794461796879020e+00
2.101716654466237344e+00
2.172216785214605483e+00
2.421706476527247354e+00
1.549926221273850047e+00
1.974281836576083915e+00
1.793064850816828315e+00
2.093857833604974239e+00
2.434816436295217379e+00
2.479356057257195545e+00
2.371389508983118510e+00
2.394226413734078740e+00
1.709738931397600803e+00
2.320834866857778067e+00
1.360138694088579570e+00
2.174134190233077746e+00
1.828306368159475559e+00
1.985657256590495745e+00
1.978487101972267848e+00
2.842347361569053987e+00
1.598104979497449563e+00
2.750434087996566745e+00
1.612274211530744683e+00
1.977289636509143467e+00
1.816144875490628197e+00
2.444090470409221894e+00
1.400858804035783667e+00
2.456057750786868610e+00
1.744549384177080276e+00
1.936032446100273141e+00
1.616384584989758011e+00
2.220415104417350793e+00
1.155139196377197308e+00
2.489352013240855754e+00
1.462829473361644705e+00
2.796096747034979124e+00
2.035817318930009279e+00
1.700867751859917565e+00
2.324812384991418845e+00
1.310306555477226853e+00
1.742341123148607229e+00
1.325874232737032088e+00
1.826466908930666655e+00
1.389073185704061242e+00
2.344258779708517260e+00
1.973916704850608328e+00
1.733074232708708529e+00
1.946713774258864715e+00
1.474574729725638633e+00
2.272065615832286944e+00
1.982225159426327821e+00
2.649737944696444636e+00
1.773555669215036712e+00
2.325872036485954197e+00
1.794070020664214393e+00
1.764851224427751220e+00
2.381490757503923028e+00
1.969974918746137060e+00
1.659323235231648708e+00
1.658561890452904919e+00
1.751218128188424261e+00
1.949376377667991989e+00
1.831105707544014027e+00
1.867050802358211525e+00
1.817449291777198495e+00
2.113374279692306956e+00
2.633157104985174968e+00
2.299097878913639370e+00
2.331903696206587995e+00
1.513526384222416699e+00
1.736029043705418662e+00
2.054284007934461087e+00
2.212742779489313083e+00
1.764404116807027467e+00
1.781069052906254946e+00
1.795422599038200229e+00
1.960736535701994576e+00
2.528266938307902834e+00
1.830945534680253228e+00
1.884788868774792903e+00
2.151660488866022014e+00
1.210767814550526289e+00
2.132200027313749136e+00
2.824735857526883276e+00
2.091122361453672696e+00
1.789940785346717078e+00
1.298510888250712592e+00
2.752983123106742980e+00
1.771325018251330929e+00
1.811959419585869036e+00
1.821627385998855431e+00
2.248531572259011568e+00
1.447970638669578314e+00
2.375058409800035353e+00
2.289824517722297337e+00
1.538236705012876904e+00
1.771763600414466122e+00
1.686646626731754584e+00
1.332571008237150467e+00
2.257515886930591797e+00
2.120337744079187292e+00
2.235796513366775429e+00
1.373794175567916165e+00
1.268210859551806013e+00
1.464957932262445972e+00
2.466309343044958524e+00
1.841964306532205331e+00
2.197930149626304175e+00
1.530344885253509535e+00
2.611088854236576218e+00
2.218792349935144959e+00
1.378633760404794906e+00
2.377206565203766608e+00
1.908724144566954273e+00
1.457099749689741097e+00
1.579616334872897987e+00
1.438226473787020065e+00
1.266097060895275739e+00
2.883102283621036488e+00
1.409485311242681504e+00
1.799697725077647803e+00
2.443292889885215757e+00
1.597332946247671970e+00
1.758764766097619781e+00
1.612069747844056433e+00
1.850016721986486257e+00
2.098917120461051944e+00
2.703341904763050252e+00
1.763951096412377906e+00
2.026575899686920756e+00
1.803166131172283304e+00
2.636765715182291636e+00
2.643320127279095821e+00
1.556295630992130530e+00
1.495417321664863630e+00
2.012244290704770400e+00
1.827747126041414205e+00
2.285691598916632650e+00
1.816739586620919944e+00
2.055018608387134016e+00
2.854427138475042813e+00
1.735406608551304020e+00
2.543106315700626396e+00
1.795823883863447712e+00
1.948666146171184721e+00
1.730635316368962950e+00
1.822672714339796274e+00
1.578491616797485841e+00
1.774355092178004911e+00
2.412908802281127585e+00
2.399964703492158957e+00
1.645342593219673244e+00
1.493777679993443464e+00
1.516880621729251644e+00
1.787422281638058053e+00
1.682307563790106597e+00
1.350660822781147186e+00
2.363635487607728791e+00
2.061058720537642941e+00
1.910694136610542770e+00
2.133768251233379765e+00
1.756344925685459302e+00
1.461550632141757511e+00
2.015573841936051824e+00
2.236660594061635088e+00
1.620541646592185359e+00
2.158514134132770934e+00
2.490038069849736857e+00
1.860281285490264169e+00
1.740781125729386147e+00
1.568827986297329558e+00
2.211712865975320241e+00
1.623752588517426876e+00
1.741928814276469062e+00
1.445692050331549572e+00
1.688930725910014141e+00
2.848048474385817208e+00
1.645583981596664636e+00
2.335211277951141362e+00
1.891812255391348119e+00
2.518027574996526852e+00
2.293081530427303338e+00
1.162614001517648266e+00
1.424953124080795552e+00
2.011021706878897586e+00
1.687273606636506385e+00
2.018299374334774576e+00
2.310035523571989380e+00
1.999828096349671291e+00
2.509607192747907778e+00
2.591244634037889849e+00
2.538330182780514921e+00
1.825362369111172889e+00
1.396678626811339807e+00
2.447491120831804867e+00
2.652053445134809007e+00
1.658860685535966217e+00
1.707902783681248149e+00
2.393242634998214768e+00
2.577417188474036891e+00
1.365261055725267347e+00
1.804946927572055326e+00
2.475849786499634053e+00
2.092592364104363334e+00
2.409198681899213490e+00
2.259783910692038766e+00
1.691879170407719180e+00
2.159373073523595199e+00
1.652238636905530189e+00
2.168448102674957134e+00
1.839946786269970325e+00
2.312361079309466660e+00
2.630047465149170094e+00
1.987648770887108896e+00
1.529800810147749379e+00
2.081134826004465310e+00
1.901728472431356121e+00
2.301834608713395625e+00
1.709701420023515439e+00
2.097907809702018955e+00
1.977411485062198881e+00
1.920419499952204401e+00
1.613319217841159503e+00
2.110627465350560783e+00
2.390972777893379586e+00
2.060537914027095852e+00
2.380876722029761083e+00
2.001493444769418595e+00
1.758752602650715868e+00
1.303308646981262475e+00
1.217631598664722592e+00
1.571434798698247537e+00
1.579686381827329678e+00
1.368896009589934515e+00
1.313096018816545252e+00
2.544546951593071427e+00
1.786554137635872230e+00
1.855882427355659559e+00
1.902160670185830238e+00
1.815161339793418316e+00
1.798442387065196213e+00
1.662832668483837040e+00
2.377232894562661514e+00
2.210834533261662571e+00
1.433847540726124636e+00
2.309791025147138299e+00
2.273840271577239669e+00
1.688399233103714092e+00
2.748676690626441932e+00
2.483691586086914427e+00
1.107680907951994920e+00
1.856305992189787979e+00
1.498501060735443424e+00
2.374191248793470432e+00
2.079445715880212653e+00
2.053570622789729683e+00
2.194375818760124552e+00
1.622219433832807756e+00
1.770832134182418027e+00
2.122555943566256431e+00
2.263609494162543534e+00
1.311146092451638268e+00
1.914291150097778171e+00
2.172959323443024449e+00
2.473294991051567138e+00
2.614928951046330496e+00
2.414819378022596830e+00
2.853953575657291353e+00
1.531501690109756897e+00
2.042320416618498058e+00
1.978670284593581297e+00
2.234295231355211797e+00
1.330239914612366237e+00
2.122756402953655197e+00
2.129901510558209310e+00
1.968825712226771607e+00
2.459325991164783787e+00
2.738670513811605645e+00
2.031672692783474510e+00
2.565838930438976817e+00
2.136809438406890749e+00
2.286725122577028202e+00
1.633487924940040914e+00
1.686472656416782012e+00
1.461422687725999703e+00
1.660879277538050758e+00
1.682877699176475783e+00
2.537254089691342696e+00
1.767713002752488105e+00
2.452791828078279224e+00
1.343759260501126596e+00
1.793337927212112159e+00
2.187000798310096972e+00
2.291386650168833583e+00
1.598342327989186629e+00
1.448165958840840650e+00
2.393482073325315262e+00
1.733278646833673609e+00
2.135395731118107321e+00
1.591887186544463706e+00
2.635822331059929802e+00
2.095991900077620151e+00
1.549028228830132470e+00
1.522313602708862845e+00
2.038833760308320198e+00
2.092438503282594731e+00
2.085240396409403285e+00
2.776554453180516191e+00
1.923516059992548932e+00
1.448372112025185121e+00
1.201216966882501680e+00
2.680405191593924208e+00
1.385883966205644136e+00
2.143980240285415118e+00
2.430411277597593234e+00
2.297377174397027488e+00
1.920702838227729803e+00
1.905758565831020768e+00
1.978010389274176273e+00
1.787403969885500876e+00
1.486239678430915978e+00
2.277396639714547533e+00
1.657274315850912672e+00
2.481679462684703186e+00
2.918963944957313927e+00
1.820015698199197729e+00
2.729485575235658601e+00
2.364872101537640603e+00
2.123335086635738556e+00
1.816480872554944614e+00
1.993589321730615316e+00
1.524619834416485631e+00
2.342763283703926724e+00
1.133028285247978495e+00
1.974288528305241153e+00
2.216180623853901022e+00
1.148852265440187148e+00
1.746046681357471320e+00
1.535913757542835878e+00
2.294587790580290054e+00
1.718221087367960642e+00
2.309308540736854098e+00
1.613476956594205980e+00
2.042232308991521528e+00
1.678878749477570764e+00
2.621099260611437387e+00
2.030449496516807173e+00
1.992391300409833477e+00
1.224876603295587563e+00
2.476635252830643452e+00
1.481788904848414745e+00
2.583516842535560798e+00
2.321181676045017905e+00
2.228674257414064996e+00
2.059414175883525377e+00
1.839350366690931216e+00
1.639978989903042361e+00
2.334637932045201758e+00
1.433822566068284399e+00
1.419540323638886825e+00
1.883822142130879396e+00
1.485500001402036752e+00
2.573489011079352906e+00
2.656653927339275079e+00
1.248557658374851664e+00
1.467160211542891890e+00
1.342828681565258142e+00
2.067302353633032830e+00
1.206494310886613963e+00
1.850196559504630134e+00
1.777171923421626998e+00
2.639963396229082271e+00
1.974825768782363600e+00
1.585487380661780188e+00
1.685705476565485306e+00
2.431085156149506599e+00
1.894648528432812284e+00
2.674441261106120127e+00
2.187563866152526071e+00
2.172805891026514225e+00
1.789702243554512906e+00
1.795180399099383761e+00
1.221999216423503620e+00
1.607822261434931121e+00
1.900212108092501406e+00
1.704251487994503433e+00
1.957058799526628867e+00
2.214307151294027776e+00
1.999670162685368124e+00
1.904778382975369500e+00
1.603375310053139380e+00
2.097582573108405235e+00
1.301193686251512327e+00
1.968758856096563647e+00
1.315986659351055854e+00
2.029439517283726069e+00
1.816180503900568954e+00
1.625338143557518489e+00
1.908237600350776830e+00
2.837978921963419054e+00
2.379796250290654669e+00
1.826428272603630276e+00
1.644435738618351017e+00
1.350486924208549100e+00
2.193759822253698921e+00
2.208062265140505076e+00
2.539053740689493743e+00
2.106050767971019422e+00
1.373822468325937463e+00
2.794383097936163907e+00
2.368310952006234871e+00
2.261686125992325103e+00
1.665399972109593119e+00
1.207983602069464979e+00
2.244928654795821377e+00
2.829909814345884733e+00
2.083230924760860248e+00
1.422264073642169224e+00
1.847639844927633668e+00
2.399226380656495738e+00
1.699173492808569774e+00
2.015306732634341458e+00
2.312124221859849005e+00
2.092624007079725068e+00
2.022140297837727196e+00
1.514579016982889215e+00
1.802833586934144083e+00
1.911482602243645523e+00
1.517826460454550830e+00
2.156976605831789406e+00
2.148014339590040400e+00
2.555053883572893092e+00
2.761306524512265437e+00
1.914287736089236081e+00
1.585181523415295501e+00
1.807929400959065180e+00
1.472323752591510271e+00
2.085056700270815799e+00
1.687725909410227265e+00
1.888836219356437418e+00
1.348912281511347677e+00
2.362443720118272417e+00
2.233962354386351379e+00
1.877281462175837579e+00
2.248416348973042211e+00
2.018741547477225229e+00
2.152383946806224024e+00
1.227930044763584361e+00
1.939380489771785676e+00
1.967139826360267962e+00
1.707090177557014865e+00
2.099751316501178522e+00
1.902128504704131418e+00
1.767001519843500734e+00
2.437624241002708469e+00
1.302226747690959252e+00
2.116684818769873022e+00
2.097130533325366031e+00
1.957512837408347472e+00
1.819496544159636908e+00
1.635898423546994662e+00
2.167482732049183181e+00
2.346632423015787339e+00
2.234569638919063017e+00
1.704139244949637755e+00
2.421034582024738313e+00
2.018939200629653818e+00
1.545246659869905947e+00
1.285219023981330810e+00
1.644342942455452317e+00
2.081152223349621799e+00
2.174056531381923119e+00
1.275510450562677978e+00
2.413775752902004079e+00
1.501771033127614396e+00
1.991649186197190335e+00
1.266988729518357060e+00
1.714646448391816236e+00
2.777376306647024951e+00
2.088514174286804526e+00
2.230683653130190791e+00
1.801082378813085416e+00
2.980114641912222417e+00
2.223807279337455256e+00
1.997353214454151038e+00
2.221755533777860947e+00
2.575265039543897849e+00
2.191846158831978642e+00
2.028857024926173036e+00
2.557664563391921053e+00
1.667892444173820099e+00
1.591222886077460430e+00
2.298581958968249683e+00
1.531581921040141792e+00
1.841795760694791451e+00
2.199429364743269666e+00
2.482864698917684798e+00
1.479878928011188588e+00
2.477885309699963567e+00
2.783729829298689396e+00
2.811238490994274919e+00
1.708888676054093114e+00
1.679746931863276282e+00
1.536275963835422864e+00
2.239278553993812260e+00
1.498521212542430092e+00
2.481818177376407419e+00
1.998781985587521959e+00
2.243324456822739066e+00
2.101237727338170380e+00
2.198994987841505822e+00
1.690865567457062735e+00
2.039746292390293814e+00
1.463479932649601079e+00
1.821443040584241668e+00
1.977833604905475884e+00
2.833672910195146777e+00
2.243210576114921473e+00
1.862136325899233391e+00
1.682458939332198700e+00
1.886042794948650458e+00
2.417885366609363373e+00
1.346318809612094158e+00
2.411955731110349443e+00
1.867739946759276570e+00
2.432384903984989855e+00
2.060148805354777846e+00
2.279407387493959547e+00
2.650205927866376321e+00
2.282245171529908134e+00
1.807394091833133043e+00
1.888016018857975986e+00
2.432810272113386851e+00
1.196449415125425242e+00
1.789165459067228792e+00
1.827631462073198598e+00
2.321431935710873695e+00
