1.447936039859115454e+00
2.015588302013911370e+00
2.063238014271417953e+00
2.273957071007901121e+00
1.270527440297403388e+00
2.238720530763130157e+00
2.073885928095000608e+00
2.545518087855429101e+00
1.344458930615950454e+00
1.821117288964185565e+00
1.410897943169392876e+00
2.178978826945763281e+00
2.034191442716815956e+00
2.009654865603625495e+00
2.305802235443480619e+00
1.673824095872175732e+00
2.370404641614513253e+00
2.728921005769178176e+00
1.977808040976070991e+00
2.095594825387100180e+00
1.417264222014589903e+00
2.022619899133304422e+00
1.423069277596783255e+00
1.555340427586940022e+00
1.467650961415283062e+00
2.477745402612403947e+00
2.081491636116412636e+00
2.604654177754259337e+00
2.583487221149578961e+00
1.935101012498946282e+00
2.282730517515128010e+00
1.577777240795877889e+00
2.019145685854497163e+00
2.158809728102508707e+00
2.431945350618080148e+00
1.330048155768559059e+00
1.785042983599179234e+00
1.642350228109524801e+00
2.242897201219840930e+00
1.409416051391140901e+00
2.416064500703771767e+00
2.444100922837084688e+00
1.395525696328994369e+00
1.804608300728692161e+00
1.903782296480805991e+00
2.034379479458442219e+00
2.228538768673691273e+00
1.456583432850783844e+00
2.681446080477480010e+00
2.308823981242927648e+00
2.685941247612996019e+00
2.156284064523726229e+00
2.061554657197514295e+00
1.534549168367669747e+00
2.156886102147971052e+00
1.860551694076597151e+00
2.042976575524805938e+00
2.455495373098447232e+00
2.413351804203260009e+00
1.697598856983317361e+00
2.712759899501948624e+00
2.291265412448447059e+00
2.010110713370277580e+00
2.708115117182172682e+00
1.845958475908624052e+00
1.571635261958731711e+00
2.232902276736563607e+00
2.249646009079518283e+00
2.168400279619020488e+00
2.739029199331044495e+00
1.244468695429985949e+00
2.584115085182985272e+00
2.071380599689168989e+00
1.953300120458435263e+00
1.951567397805944459e+00
1.426526755680126213e+00
2.317074656653129949e+00
2.134760251102481909e+00
2.084405832182100848e+00
2.315993368165127464e+00
1.631518401078591030e+00
1.752820192473679484e+00
2.362800278323922143e+00
1.923403925524464153e+00
2.380365947591474018e+00
1.429176485059530100e+00
2.124507446386089349e+00
1.765061165661234055e+00
1.599930766193491838e+00
1.826363411602791587e+00
2.390059933047885554e+00
1.417941847917676190e+00
1.519897929066386766e+00
2.780467699458614383e+00
2.117419213357910390e+00
1.520686230823982132e+00
2.659679155476537105e+00
2.557543660332671109e+00
2.684012662695335116e+00
2.277319288636154848e+00
2.644803384787514311e+00
2.360184641585812315e+00
2.314614985411628911e+00
2.398170971690937847e+00
2.149232837840704846e+00
2.582274720622449227e+00
1.839634025566924791e+00
2.417427550982576889e+00
1.862476307705517531e+00
1.525601578192218533e+00
1.926469965681924190e+00
2.214547754165705484e+00
2.079679648399356040e+00
2.244301438260154935e+00
2.043638594432714228e+00
2.174750094517742482e+00
1.888339884008957803e+00
1.521556727329313352e+00
1.895488805877289629e+00
2.101324181411213132e+00
1.694681199210158473e+00
2.082482059003504027e+00
2.628233916524491676e+00
2.430692685046036416e+00
2.231916878352419253e+00
1.463317592970764913e+00
1.688233902423651012e+00
2.125242005139178048e+00
2.545714144604724005e+00
1.915846886390708104e+00
2.679933235153971083e+00
2.183551424148639786e+00
1.566551975027331789e+00
2.737714541030479509e+00
1.389679730828919269e+00
1.607503495304858365e+00
1.331201444273231616e+00
1.543774248167756546e+00
1.575298194300929211e+00
1.523371203432054344e+00
2.753802560590846937e+00
1.894587908286962996e+00
2.098065814056403688e+00
2.256967531831254981e+00
2.653158572127027881e+00
2.079312394228671756e+00
1.868638643564793256e+00
2.035698996367681257e+00
2.628045063940549930e+00
2.450907120181174292e+00
1.931664013228123533e+00
2.539206285962408494e+00
1.566121451759249883e+00
1.863351980548859199e+00
2.592647627534669041e+00
2.247365266740148471e+00
1.287661514592800316e+00
2.437943054066366244e+00
2.307260146914328125e+00
2.604590881690732829e+00
1.626530474471893806e+00
2.639506621607270898e+00
1.560694098091101711e+00
2.386741960165210674e+00
2.250304663705132047e+00
2.744109268069530039e+00
1.477931205376151080e+00
2.618234192321155618e+00
2.534328734283022744e+00
1.628582288536492451e+00
1.921885285254338216e+00
1.765349347756690390e+00
2.059829907035229724e+00
2.017650748015157980e+00
2.201845574040102171e+00
1.777214032202321103e+00
2.103818202724567321e+00
2.668368484298242027e+00
1.442529763082567307e+00
1.923274360821566775e+00
2.607687617131406288e+00
1.433104363584349672e+00
1.789383112710545287e+00
2.225276610567956226e+00
1.219615129077921356e+00
2.198479492248836209e+00
2.214662960497419064e+00
2.697864044955169405e+00
2.971690955849426885e+00
2.020654701790692176e+00
1.252730417738500357e+00
2.292694221653976960e+00
1.893825714360236390e+00
2.268902809074551108e+00
1.879257506067530281e+00
2.479625414630483249e+00
2.034807961629151229e+00
2.373296964139099963e+00
2.310020098100641128e+00
2.123402881688288169e+00
2.087810569777736269e+00
1.425066075243996089e+00
2.681273350889946450e+00
1.981886683079262745e+00
1.962751940327204014e+00
1.971846483994796895e+00
2.329592426990963361e+00
2.751229363403335348e+00
1.494026536846437825e+00
2.546902752066215303e+00
2.198882830230701302e+00
1.497922546446646797e+00
2.186952026459728415e+00
2.438117452674320340e+00
2.059329094404827032e+00
1.425654936941809003e+00
2.464357488694803422e+00
1.828917040710211772e+00
2.575441606969488539e+00
2.639152288465767882e+00
2.290072839422310214e+00
2.146321298191198323e+00
2.135653843472120172e+00
1.576234496532029628e+00
2.173904035895367848e+00
2.615328577070590299e+00
2.081849978712581706e+00
2.341436303173118461e+00
1.947688238683852102e+00
2.485441230765726317e+00
1.650662461152446081e+00
1.421568308963220950e+00
2.280523752739760823e+00
2.158487287965155321e+00
1.592230528064897843e+00
2.102194305314020184e+00
2.277228461790432590e+00
1.581899760738645355e+00
2.021011425066745026e+00
1.947535424456851461e+00
1.997659590423803699e+00
2.394043654838465152e+00
2.400863901392995103e+00
2.083358290685919378e+00
1.726843657170948676e+00
1.995699870873699266e+00
1.542275083205789876e+00
2.576560211707541903e+00
2.442124294517042493e+00
2.120293488965739215e+00
2.210216908572218308e+00
2.366228439979527920e+00
1.441415305915074718e+00
2.455500319476176863e+00
2.038948205123245039e+00
1.764800619346886368e+00
2.063527010504573767e+00
2.791811238789378535e+00
1.381900160801846855e+00
1.823298060748784755e+00
2.567473932762747602e+00
1.849394571769236606e+00
1.232159499715777207e+00
1.641663371296534946e+00
1.270743007969916238e+00
1.712159535003508148e+00
2.444692713092114555e+00
2.227051937655763592e+00
2.365495912547399548e+00
2.816503172294250845e+00
1.579263195782277140e+00
1.711263701351245281e+00
1.917380010572801163e+00
1.828745113931474986e+00
2.413801885484548659e+00
1.743802672040133395e+00
1.406133679132511416e+00
2.464183201988076277e+00
1.649501437315827435e+00
2.086310007460415505e+00
1.803236066072748889e+00
1.744590004374004355e+00
2.607061300928440239e+00
2.173117360712512713e+00
2.243693335852893878e+00
2.125247831496454687e+00
1.837358068720062576e+00
1.692355081243778869e+00
2.634935864284369877e+00
2.267814771321345013e+00
1.888399923931747049e+00
1.482080694354727335e+00
1.807661024393953486e+00
1.971003928453339826e+00
1.464220662862799616e+00
1.539442491861581441e+00
2.476570053760966061e+00
1.891651101901404175e+00
1.845227304316465755e+00
2.281847072700916357e+00
2.699567558254822863e+00
2.584206242188029634e+00
1.828303798142848047e+00
2.499750468129326109e+00
1.557313324001341037e+00
2.314365740455414766e+00
2.233005641783316619e+00
1.946272870494966112e+00
2.427875498747702920e+00
1.495884055221932574e+00
2.580812345291995324e+00
2.252226392566148760e+00
2.151492078275454300e+00
2.387579503555218530e+00
1.755684004986820312e+00
1.199619495110566536e+00
2.703302977040218380e+00
1.720480668707287997e+00
1.427478654177993578e+00
1.990174393475200088e+00
2.321764110689287897e+00
1.966963620089454912e+00
1.421944695346399445e+00
1.653204439496056999e+00
1.272249552787725335e+00
1.286037759576144524e+00
2.420731152947089626e+00
2.358437265743775324e+00
2.775412072034558086e+00
1.567998203962425841e+00
2.261442932776859038e+00
2.114399510392892534e+00
2.207541760496072314e+00
2.155320906551559723e+00
2.124456717356265401e+00
1.895853586740682939e+00
2.230315616156566705e+00
2.064336574420558179e+00
1.276842048266237928e+00
2.137600625807888122e+00
2.389389022774092375e+00
2.223390511513351875e+00
2.154676476883026659e+00
1.940798258982266544e+00
1.658927049685662514e+00
2.654884906173277770e+00
2.471321506569664095e+00
1.649936014748677238e+00
2.048463046426349798e+00
2.606799010919755410e+00
1.969795132472586641e+00
1.491796370698372787e+00
2.391174810415609198e+00
2.470573291984169639e+00
1.964091974461170009e+00
2.046057922751495006e+00
1.960715544244817421e+00
2.406692091690875834e+00
1.470316584191300402e+00
1.729948432838679828e+00
1.558073657196943351e+00
2.074113385943920029e+00
2.448983920770765543e+00
2.060174476591832615e+00
2.260450609641453390e+00
1.378752964674245352e+00
2.638914596089281250e+00
1.789629203553958270e+00
1.446816892769971830e+00
1.814585755463294703e+00
2.808876342378105129e+00
2.512038835944074400e+00
1.555978133163629984e+00
1.955925092147329014e+00
2.128513490192482926e+00
2.911485472256372553e+00
1.418853867536070679e+00
2.575227098006781734e+00
2.109985843793393379e+00
2.018962749340241558e+00
1.787928878836646751e+00
2.647122579713452772e+00
1.749298076037592908e+00
1.134445122276837914e+00
1.529398538769870752e+00
1.777755876297928861e+00
2.224882089611698532e+00
1.531619476875265562e+00
2.169231137690782685e+00
1.442131670725820713e+00
1.376165285688502715e+00
1.139774215082897779e+00
1.853830377721945588e+00
1.183915145632316701e+00
1.836678621292829661e+00
1.786357976103789991e+00
1.433571184683090083e+00
2.262258523320459958e+00
2.714802782444553308e+00
1.942380455407435980e+00
2.392089808600104561e+00
1.435242336283730324e+00
1.637441467120588356e+00
1.676726334287909070e+00
1.766540552355299720e+00
2.316645630662023336e+00
1.847956816334092256e+00
2.478519743199922409e+00
1.684460884339094466e+00
2.208138742857587378e+00
1.720027762491783463e+00
2.076260429602249324e+00
2.020795016240395370e+00
2.169540932381508025e+00
2.013418598874598064e+00
1.510005698185927780e+00
2.339908705716847059e+00
1.820275079137465113e+00
1.887374448109260916e+00
2.599639536422255315e+00
1.815033183200916778e+00
1.774050259830070031e+00
2.203507914625544739e+00
1.087184070919237744e+00
1.855213100547410843e+00
2.293034589481259822e+00
1.862943705029747488e+00
2.133824682597771805e+00
1.829643089770387920e+00
2.257476532871984354e+00
1.447266616086796409e+00
1.624856787245446910e+00
1.895299101576440659e+00
1.465731044316413989e+00
1.708427057957428330e+00
2.261347173527598287e+00
1.564607424397070012e+00
2.356003050440730995e+00
2.000353942916889061e+00
2.197939650756615571e+00
2.059547451829444764e+00
2.206495981624264857e+00
1.860336210582877126e+00
1.979856120713151535e+00
1.693905344897886245e+00
2.382086600902142415e+00
1.980515400642100632e+00
2.521483513532524423e+00
2.764970118387199527e+00
1.763641358257948433e+00
2.288924668364909820e+00
2.046399512296382284e+00
1.901238082108295702e+00
2.071809639156336758e+00
2.331878767598927649e+00
2.794331591491041600e+00
2.524726043753523719e+00
2.728205167922513219e+00
2.303999452862107056e+00
1.913938484669887030e+00
2.385388299760068165e+00
2.697414335450699419e+00
1.818495871848473611e+00
1.637477580310799485e+00
2.362849635799465275e+00
1.625459839906236326e+00
1.940162695735493159e+00
2.466558791838088460e+00
1.655637754512977455e+00
2.354994688736496755e+00
2.452861569806103148e+00
2.261254502751506745e+00
2.159796250930057226e+00
1.290924007177768562e+00
1.894545536128914520e+00
2.035882015856112837e+00
2.397664135361915250e+00
1.947203777061379260e+00
2.308329247298806397e+00
2.255450472929543260e+00
1.649746345054857954e+00
1.708107619647704745e+00
2.517073971599397275e+00
1.861129483501626769e+00
1.627954824453314409e+00
1.508100310668257560e+00
2.425371516945467043e+00
1.457314265033670786e+00
2.699737210431297552e+00
1.937161805456588226e+00
1.237211941111713509e+00
2.097024756822299274e+00
2.135304271625648731e+00
1.798940020889565616e+00
2.103471514474336335e+00
2.464981540189182141e+00
2.227610929463097911e+00
2.322833722490932118e+00
1.898026390812352027e+00
2.158838914437658740e+00
1.581263892279936911e+00
2.066936453587973510e+00
1.814149084179260463e+00
1.727097221172877894e+00
1.988243151620803228e+00
2.550125654502999328e+00
1.732473849771408059e+00
1.350327338181352754e+00
1.813992997440644128e+00
2.035619580281632146e+00
1.702340629998529975e+00
2.473132924516222353e+00
2.119145396966881201e+00
2.182378290524091824e+00
1.227376593177016861e+00
2.315368559801843418e+00
1.668476241476598565e+00
2.288082478872305980e+00
2.330373258637599143e+00
2.633803788909824917e+00
1.543346990627135096e+00
2.029917414227794925e+00
2.047459280547919924e+00
2.483442087729192949e+00
2.458320578573891968e+00
2.012480669884368467e+00
2.037909453410236882e+00
1.889639564471273125e+00
2.455839821446819560e+00
2.277187347962728481e+00
2.407223340386898336e+00
1.839941738317692366e+00
2.224492236746797413e+00
2.396218907601134873e+00
1.615231082698916243e+00
2.418625875981193829e+00
2.113640126978937328e+00
1.395473452998923447e+00
2.260202031481611584e+00
1.583089549019143671e+00
2.112896625229014447e+00
2.558034889621242147e+00
2.139194174465801179e+00
2.215872210964583200e+00
1.977644440618036903e+00
2.581063694977422163e+00
2.383821651834488797e+00
1.951561197797798464e+00
2.300346554958248468e+00
2.435864274780810135e+00
1.705259784950925006e+00
2.295604328220020030e+00
1.902757425471704344e+00
2.137544262637283587e+00
2.189476076192741871e+00
2.341056630347941869e+00
1.868694908118217590e+00
1.869503007709987674e+00
1.807452210293541750e+00
1.944592121857414035e+00
2.143065139614751757e+00
2.481207482737502801e+00
1.840135756648710874e+00
1.990816725540630605e+00
1.751622453153842240e+00
2.206038766166979137e+00
1.405283062971874219e+00
