1.479584469057509066e+00
1.709822190293015742e+00
2.225313644709432825e+00
2.043593623875516130e+00
2.596775194113965401e+00
2.012424522593153853e+00
1.280704617334229800e+00
1.334919393586767145e+00
1.282359443225276285e+00
2.297649395290155550e+00
2.500477550202707011e+00
2.863443927933936983e+00
2.112830235609583163e+00
2.213177305646639503e+00
2.031764928901517830e+00
1.332092201888990690e+00
1.734492365878731679e+00
1.370536702522491490e+00
2.581670431572848923e+00
2.215464651896505544e+00
1.818211953880138676e+00
1.755200067431518463e+00
2.329219489808163956e+00
2.487022723864522611e+00
2.552373567119673226e+00
2.811043743015577245e+00
1.507979424420390790e+00
2.248560188898135692e+00
2.160108596996320962e+00
1.923557948014891661e+00
2.240656802938738590e+00
1.369179015206363204e+00
1.531687928804258636e+00
2.380257158146295460e+00
1.529434096600769122e+00
1.333623337563474509e+00
2.681623329190413685e+00
1.564760502726676883e+00
2.636537540894844156e+00
2.102146367543844985e+00
1.773370797078438699e+00
2.306125954766839570e+00
2.055755830581587063e+00
1.836333900407348674e+00
1.889073252826614979e+00
2.001207958209665350e+00
2.545555782880996709e+00
1.883940292810065031e+00
2.419970059166599796e+00
2.228541131847569190e+00
1.995257470847120906e+00
2.193583028442582794e+00
1.800468609773016926e+00
1.739031619543532692e+00
1.184198553032762113e+00
1.558140769088401711e+00
2.343539975436204958e+00
1.804075973308245651e+00
2.045871272869572710e+00
1.600949920305152041e+00
1.798473784972810741e+00
2.587047279219865992e+00
2.078840869166050709e+00
1.719981036981926170e+00
2.085062261029203334e+00
2.055483805935678809e+00
1.675138831031796283e+00
2.406761449095760952e+00
1.143322736698568098e+00
1.938359244760768485e+00
2.069921580576202569e+00
1.511178602851943609e+00
2.796965913668866044e+00
1.850758848938501844e+00
1.992183227050628336e+00
1.482906778988172913e+00
2.328725580123774286e+00
1.694602360380672579e+00
1.621276684360203113e+00
2.104039286807487308e+00
1.831333203067320170e+00
1.799864770435460448e+00
1.951370315420156487e+00
1.676132144454361539e+00
1.880029432224820773e+00
2.579523470911832650e+00
2.549474622815435243e+00
2.387166793191372705e+00
2.249073131237555589e+00
1.530215402075882913e+00
2.089789975699777980e+00
1.770780229800353656e+00
2.487469521723961297e+00
2.081389428017375032e+00
1.929864162169953490e+00
2.876850324429812922e+00
2.511035700729756570e+00
1.624929857493899732e+00
1.649365020869894227e+00
1.763689571342788920e+00
2.582104146598374061e+00
1.950556601003898383e+00
1.914596854825600047e+00
1.798121290590255050e+00
1.580189650155595427e+00
1.868767124917771527e+00
1.855472480894945431e+00
1.499357182245645959e+00
2.357642323485785951e+00
1.642756669750540466e+00
2.178000395387202026e+00
2.528371507061280443e+00
1.974158341578501119e+00
1.691908169271017615e+00
1.498904917203793818e+00
1.537705821422944652e+00
2.246439072745712195e+00
2.338929944492943225e+00
2.192343604971666249e+00
2.218617190649805337e+00
2.379717894852636295e+00
2.246695259657230714e+00
1.750815297753563815e+00
2.612124915928433211e+00
1.697372392340605218e+00
2.023807582902432234e+00
1.269262575804780635e+00
2.267633151884814069e+00
2.154926162625283137e+00
1.907610035451500874e+00
1.791476114701389122e+00
2.611503565476421151e+00
1.345932199965759413e+00
2.610970853676898074e+00
2.034242424379287595e+00
1.853885816531847031e+00
1.961458099232666008e+00
2.795453107627748679e+00
1.518236723965203261e+00
1.828030572813649002e+00
2.431693828968570337e+00
2.056993055750677257e+00
1.543237637883753344e+00
2.088915338327531401e+00
1.814065827453032576e+00
1.586678461690113284e+00
2.113353152798928658e+00
1.951961704617260374e+00
1.845255730619515644e+00
1.197960385293819874e+00
1.591676241688717797e+00
2.177164626323686569e+00
1.739369937859899462e+00
1.480676614127527824e+00
2.691302192969809770e+00
1.448290867877003896e+00
2.024198336045791802e+00
1.412126800464482690e+00
2.019251260080003441e+00
1.306288273228800367e+00
2.115982240563815786e+00
1.348363655684906570e+00
2.398586097178725840e+00
2.188405090298267019e+00
1.602822432247512419e+00
2.423776534134125527e+00
2.631159409499630453e+00
1.543404718279573817e+00
1.416392594407585026e+00
1.784112636526181461e+00
2.128801099869167768e+00
1.686163679216798439e+00
2.661484520518486718e+00
2.172322872490636048e+00
2.416232557468440678e+00
2.006027769244713266e+00
1.825125812211590315e+00
1.141485996224579580e+00
1.537967863494244192e+00
2.606658607405057282e+00
1.385852678800679305e+00
2.348147179141035323e+00
2.686054528626828031e+00
2.177250980149377568e+00
1.355903101976561498e+00
1.890652128271384402e+00
1.620325891343041391e+00
1.275335323813900690e+00
2.345036569234020263e+00
2.019514975987958483e+00
1.934198065775778463e+00
2.319873709528541106e+00
1.117579858345304267e+00
1.356739841668975100e+00
1.912784398958205845e+00
1.657307546514010355e+00
2.176519542158559251e+00
1.811965489929056705e+00
2.075900475082272045e+00
1.525319251547727184e+00
2.152437808351019832e+00
2.028295550857514229e+00
1.758394229379219631e+00
1.474469267932128513e+00
2.440954323747327237e+00
2.785883564984239502e+00
2.026264084944485067e+00
1.713293253720511888e+00
1.325340928021386588e+00
1.817594152762491699e+00
1.294835013008113433e+00
2.150054782596758862e+00
1.868360565198614598e+00
1.509764697479708540e+00
2.557742444118247249e+00
2.368708925549795730e+00
2.162800312658197832e+00
1.211262819482053166e+00
1.684735816239964379e+00
1.703950154006620643e+00
1.872515498336298823e+00
2.120909880770476263e+00
2.242212769057848387e+00
1.633926160315354092e+00
1.900448470354360264e+00
2.089949729205948792e+00
1.499095196950577247e+00
2.602075268058301027e+00
2.244752230223990175e+00
1.602574630834503022e+00
2.064447986621130049e+00
2.750466125235311754e+00
1.907549594216859434e+00
2.366597677091093033e+00
1.541916637963987924e+00
1.449944793064002591e+00
2.234856647101368665e+00
1.930796623047367877e+00
2.871219176802402462e+00
1.438877531247560793e+00
1.893270368233539891e+00
1.888866821825026632e+00
2.163320805950738723e+00
1.823661225320547530e+00
2.388602598346927675e+00
2.457609554709872413e+00
1.898519805610004330e+00
1.925305801408163209e+00
2.009049400152503217e+00
2.156578630493135140e+00
1.676593608011352821e+00
1.632602837744633995e+00
1.787044805072426579e+00
1.989999735978930095e+00
1.433366794586999005e+00
2.473702791539442281e+00
2.064243426662605962e+00
1.523158289535786025e+00
1.793924142452696380e+00
1.978611470363433433e+00
2.320224466313862255e+00
1.559623805896277915e+00
2.538087530777474399e+00
2.197783388560654583e+00
1.856621109776225964e+00
2.163974867540154001e+00
1.435653735094052807e+00
2.304435516625744640e+00
1.891695519563822092e+00
1.712427397576997246e+00
1.607732268093424732e+00
1.984450568236806323e+00
1.747028597976513442e+00
1.830770388129517423e+00
2.361642788409782590e+00
2.305185117587853050e+00
2.506733370492393753e+00
1.560372012825485211e+00
2.111369457485853474e+00
1.663371033419964506e+00
2.028099192129033668e+00
1.817654535522666759e+00
2.009601883957604418e+00
2.451575416640519922e+00
1.937093605393948925e+00
1.831854111502523086e+00
2.471226312347191367e+00
2.474540169075355678e+00
1.285704317648024064e+00
2.640102071045528742e+00
1.295438549149362295e+00
2.389457179828184064e+00
1.825903736579730818e+00
2.299688704626303704e+00
1.293047395322271864e+00
2.221740771516340196e+00
2.621202297794387626e+00
1.992517968322933264e+00
1.854151439781567046e+00
1.615715355191099656e+00
2.411423648038559797e+00
2.793869061224246497e+00
2.191289099752983027e+00
2.199756832228031644e+00
2.578270256718938835e+00
2.108599611507309568e+00
2.422521145966341383e+00
1.677705000545300695e+00
2.224991742658885663e+00
2.376878428532670284e+00
2.381368482435030742e+00
2.052503986660594304e+00
2.579922839204080276e+00
1.698568185925143137e+00
2.558281949960415247e+00
1.925918943713599063e+00
1.876528585827763607e+00
1.436855221029397001e+00
1.789589711934869376e+00
1.931770045436439487e+00
1.415807340231679534e+00
1.799235292815114295e+00
2.194431829557551783e+00
1.686887994708933691e+00
1.707286735885545914e+00
1.975779645568384257e+00
2.251363530604534535e+00
2.033382768635924265e+00
2.006591383073270229e+00
2.485705314708130054e+00
1.774646635553625007e+00
2.307080787669164579e+00
1.266559855167819215e+00
2.333500891742712913e+00
2.306353011605993153e+00
1.422472008896751960e+00
1.478863195707525113e+00
1.975025180864314667e+00
2.377890854886155481e+00
1.707407256486152214e+00
1.523651962070888821e+00
2.509983734771213726e+00
1.656607599647208051e+00
1.506068468470948218e+00
2.118215132846103632e+00
2.535131705931370050e+00
1.620878467903579923e+00
1.444645237962264517e+00
1.857721178236758419e+00
1.983016668441852648e+00
2.552995355148444556e+00
2.050023099508726077e+00
2.410355778187964759e+00
1.893167548647586740e+00
2.404085341081288796e+00
2.574392053266592928e+00
2.895475353863889545e+00
2.468803665492610655e+00
2.447945017090048747e+00
1.696416862847640372e+00
2.148397603832324698e+00
1.998796102883982018e+00
2.353445457545602082e+00
2.021825971331960403e+00
2.587979102399850184e+00
1.601299681445850442e+00
1.854840667801375798e+00
2.016517926251929715e+00
2.469770901217877679e+00
2.322108281123621332e+00
2.460630613258985466e+00
2.307271982953351230e+00
1.667000524450307442e+00
2.780589004811644394e+00
1.702940475719602720e+00
1.505118705997663175e+00
1.605381829934343418e+00
2.426373756922386882e+00
2.057115825445075430e+00
1.645795940593181905e+00
2.212233344425866832e+00
2.628274397663113771e+00
1.746398823874289352e+00
1.528401100808865376e+00
1.212492726802324672e+00
2.130313181349015483e+00
1.418847893994383824e+00
2.261997035817048918e+00
2.468192082088348727e+00
2.180390457172130869e+00
1.872754713224275225e+00
2.271353863161268638e+00
1.360285608837895843e+00
1.461821608105583703e+00
2.358272406125506038e+00
1.804080299731000814e+00
2.042190683102168336e+00
2.628284715323830678e+00
2.507313259445987264e+00
1.710217516187209963e+00
2.184983100951958690e+00
2.150511639191746927e+00
1.969992055335513248e+00
1.490865739324463313e+00
1.455206699422922245e+00
1.618662775650103303e+00
2.279392244750988894e+00
2.475871344201301838e+00
1.592776719247292583e+00
1.805303145484738803e+00
2.679594860309761906e+00
1.479606508060304249e+00
2.151771068423659283e+00
2.289003634266028264e+00
2.257437226297513977e+00
2.148635436068389915e+00
2.371064640893842501e+00
1.838328026038845042e+00
2.480994207770288895e+00
2.855882328270492820e+00
1.992561106843631524e+00
1.911571014764718246e+00
1.688584302240820456e+00
2.589798543930564190e+00
1.560694209264152921e+00
2.777358004053183560e+00
1.629745905782773008e+00
2.475022863744146484e+00
2.345754911172707846e+00
2.466571203887819586e+00
1.897709128609425200e+00
2.318077143886615232e+00
2.424068295952540808e+00
1.469693023225501438e+00
2.117496073437284743e+00
1.481819563712158283e+00
1.750231785072182689e+00
2.044148694662590415e+00
1.675623980589469042e+00
2.626441088445008898e+00
2.115525767307993021e+00
1.931565811159133617e+00
1.736005045090160070e+00
2.475765509472096504e+00
1.246504434783999304e+00
1.490876234216242935e+00
2.146121780353320130e+00
2.509848041612021241e+00
2.404002500210824955e+00
2.318626469649258226e+00
1.928299410847885920e+00
2.223853667994753813e+00
1.527011532462759336e+00
1.728993714557546024e+00
1.524010112562603103e+00
2.240667896743517851e+00
1.888188609388021799e+00
2.047137998404456649e+00
1.370846054420624682e+00
1.405999787400866285e+00
2.021308077093006084e+00
2.358726173733470155e+00
1.901903533698934279e+00
1.583458028081971669e+00
2.554763134786099954e+00
1.971866211001974456e+00
1.882347447373965199e+00
2.064774040656232046e+00
2.306786944840892861e+00
1.869587961468137660e+00
2.078262815382126760e+00
2.236506368305185788e+00
2.517402383332851379e+00
2.268773841004907865e+00
2.100193471456756278e+00
2.424881989561872508e+00
1.373729924628498633e+00
2.095578052569448957e+00
2.836074067762003548e+00
1.993523839112585794e+00
1.155280375107611945e+00
2.009325831562946085e+00
1.650106060365509997e+00
1.759096715468432048e+00
2.125250976658186630e+00
1.278938225487759262e+00
1.904994167729399557e+00
1.695650929139247864e+00
2.387141905151472177e+00
1.865008035364779992e+00
1.748294320622966858e+00
1.728586447173852791e+00
1.542449582364050942e+00
2.336242636132364048e+00
1.814448592667470939e+00
2.296955931587686184e+00
1.550559615900937604e+00
1.851266408460893853e+00
2.136211246940992403e+00
1.806846793469734980e+00
2.112911619716147271e+00
1.576689209335957909e+00
2.061154452776590595e+00
2.421939298175094457e+00
1.732743201991236104e+00
2.408205252606882674e+00
2.501299231119458177e+00
2.347940655932524656e+00
1.896591960948841749e+00
1.200916837604053544e+00
1.614894862595833702e+00
2.374771895168322100e+00
2.371617849119420640e+00
2.528391458894397203e+00
2.309148114061185808e+00
1.310605939445761425e+00
1.688567404564400576e+00
2.309413718783261515e+00
2.356509067926054080e+00
1.993132896159657275e+00
2.054164466178729498e+00
1.947433287702164950e+00
2.193939430470616792e+00
1.903137433388609967e+00
1.147190841426032559e+00
1.341697867835075497e+00
2.011432708041454909e+00
2.536423802772306502e+00
2.533425388744453777e+00
1.592979906571349691e+00
1.933559435909647739e+00
2.212151129296232810e+00
2.409258063345783185e+00
2.140723442523340569e+00
2.095913952353718912e+00
1.544251197759193950e+00
2.183382304747842007e+00
1.930125828843441305e+00
1.690844858923761906e+00
1.959382370107082716e+00
2.010354068883708933e+00
1.867831342873128797e+00
2.110046979944709022e+00
1.923068352744486065e+00
2.078405476461624435e+00
2.441442511658052261e+00
1.499154975898961073e+00
1.816279845531708181e+00
1.565895385631084213e+00
2.130747567866328573e+00
2.050681686051524455e+00
1.866856765804980611e+00
2.731946951485495489e+00
1.847276165870469722e+00
2.195876354872842384e+00
1.567648916094668055e+00
1.412475474312798518e+00
2.261234764201751624e+00
2.246382127107019233e+00
2.297423170470699105e+00
1.528439924489785051e+00
2.285781642502435318e+00
1.970789580912499117e+00
2.628165672241842721e+00
2.188167368250351963e+00
2.321408724724536299e+00
1.692162744807840902e+00
