1.680428941459676029e+00
2.049410553635353072e+00
2.336877216723898698e+00
2.706114349141634179e+00
2.514829928381598911e+00
2.017791570429735781e+00
1.778352748697558772e+00
1.912335010061752438e+00
2.051195145792575225e+00
2.053277311294100738e+00
2.297314877739105921e+00
1.936489455334539533e+00
2.584303964403518172e+00
2.176468928329391872e+00
1.811634306015544871e+00
2.247988188285202860e+00
1.845163443273884374e+00
2.145301726912419049e+00
2.467729136587155203e+00
2.025859817090912340e+00
1.869209986278862701e+00
1.278463092519565247e+00
1.509945939701644146e+00
2.176923442673535547e+00
1.691990199139659090e+00
2.069347433250579016e+00
1.715381385732808184e+00
2.164732333529498121e+00
2.101016177501888293e+00
1.894588018583855504e+00
2.361988898560752226e+00
2.454002497557207896e+00
2.218557646523083626e+00
1.418732608826787089e+00
1.363415709952052080e+00
2.550705402761507479e+00
2.574034133744631525e+00
2.170311001500973003e+00
1.212166104545131518e+00
2.488483120040262175e+00
2.546576827035597290e+00
1.607716867359410662e+00
2.901998697301739760e+00
2.548615634775535987e+00
2.109041529201446608e+00
2.044564871744480428e+00
2.388585649214934215e+00
1.881475492084403456e+00
2.063496118069584107e+00
1.731791789305156204e+00
2.328574201657396259e+00
1.981619650195190818e+00
2.530485376717379609e+00
2.105102624504721298e+00
1.819293225277996529e+00
1.812600063444274490e+00
2.464088744303245981e+00
1.925610627158455657e+00
1.819390561915879667e+00
2.528777663105717277e+00
1.914591936526893079e+00
1.551621930822775219e+00
1.843149464612422905e+00
2.126381881561263398e+00
1.907127256744443722e+00
2.397503734672265630e+00
2.169697437283244934e+00
2.562508336154230015e+00
1.934341471347251096e+00
2.366402681730249036e+00
2.051164986232156373e+00
1.289096924381792686e+00
1.224208771650184158e+00
2.891639245423310633e+00
2.239810507023201502e+00
1.832747744298704795e+00
1.715461035264081557e+00
1.669098805100083016e+00
1.593352381519403949e+00
1.541675714275548836e+00
1.574700508652612685e+00
2.836256991726739507e+00
2.131383894674603763e+00
2.052463182583061929e+00
1.582980746422292029e+00
2.536473662615949198e+00
1.704256751655742974e+00
1.206277696058728921e+00
1.913074665643883510e+00
2.785011405069209189e+00
2.107874462593554821e+00
1.666158521543461557e+00
1.632124794832269910e+00
1.765317808733490423e+00
2.480672901615366133e+00
2.393790295858023498e+00
1.239695756515011738e+00
2.325535043188633466e+00
2.682864382544142057e+00
1.526071648146591464e+00
1.728155137899947791e+00
1.445763851935709221e+00
2.716225119355060169e+00
2.029615640141869459e+00
2.099798249150229168e+00
1.966340203287606059e+00
1.713367476165637671e+00
2.685774900060270198e+00
1.335959707584564171e+00
1.692335105311614907e+00
2.432847313214802298e+00
1.688290384087583362e+00
1.437480961665712931e+00
2.376889758306000466e+00
1.935460710770045445e+00
1.918975300053475941e+00
1.836659108814743258e+00
1.238968268832745023e+00
1.840856926021100737e+00
1.684775246228095380e+00
1.778866440520972647e+00
1.962212464607591134e+00
2.925312008459317159e+00
2.509100645382241090e+00
1.327483684795687680e+00
2.231548001689704464e+00
1.798522533663173828e+00
2.436164298273995499e+00
2.401915963088246286e+00
2.125585734657092996e+00
1.365385971553343625e+00
1.497564766763736621e+00
1.891126239407816101e+00
2.578443059410693738e+00
1.366995783086902616e+00
2.274037749277582066e+00
2.033790837223625303e+00
1.739265219205172741e+00
2.056022314573301646e+00
1.392617105040040215e+00
2.705264730893163438e+00
1.237948459126956724e+00
2.057301263320066909e+00
2.648761872166313758e+00
2.071204580313823485e+00
2.702346234994116525e+00
2.059182531487615542e+00
1.849589590558408547e+00
2.465321427238803764e+00
2.364634123649208775e+00
1.688092303214906220e+00
1.259123492656379018e+00
2.745802289906127847e+00
1.890955494837359252e+00
1.961910137258119136e+00
2.609652288894781957e+00
2.358935284897649698e+00
2.243127866613372490e+00
2.205085306609196216e+00
1.243694425919404267e+00
1.925398112136860629e+00
1.856087847391179491e+00
2.043768970124849815e+00
2.526150815747691514e+00
2.078286243073768969e+00
1.734138588089791710e+00
1.492419339092146524e+00
1.538832729460322568e+00
1.712552447155302193e+00
2.898983684436646335e+00
1.947392044751088402e+00
1.887482794326080349e+00
2.190857623138885657e+00
1.401866144052723584e+00
1.541361440370527358e+00
2.172214957383234335e+00
2.506334086774721470e+00
2.520637570280102491e+00
1.888593077530043907e+00
2.273714436088801527e+00
2.115090798503058700e+00
2.058805138386493816e+00
1.982791114024244017e+00
2.672739528724717761e+00
2.402630451067416573e+00
1.277643322673772674e+00
2.032928085211703095e+00
1.370431638337187508e+00
2.582898095151466400e+00
1.588963410130586507e+00
1.793518516773369598e+00
2.195252344701517977e+00
1.454112627446429773e+00
1.948739649274328523e+00
1.239676585121340935e+00
1.758481435981700480e+00
1.329149650953057371e+00
1.639139253685612641e+00
1.434673235333990604e+00
2.261317966841596583e+00
2.706332495443456665e+00
1.636832165346711054e+00
1.343411988345747821e+00
1.149375859147092394e+00
1.818351631671437207e+00
1.969502783361244180e+00
2.240510191994743661e+00
1.689809359579928838e+00
2.290649812943413188e+00
1.825047052754411370e+00
2.370770299424442840e+00
2.201423219980940260e+00
2.767175609423181193e+00
2.549591678400403794e+00
2.567946531538836119e+00
2.372094333986306758e+00
2.257546870757010105e+00
2.518267690698407169e+00
2.115764383250808400e+00
1.753932888542508506e+00
2.555419259053508529e+00
1.341639862770737102e+00
1.797963612911032572e+00
2.445857528194792962e+00
2.295211901704090618e+00
2.040827679855096832e+00
1.774814200584321267e+00
1.642939949866939031e+00
1.378011153946052225e+00
2.394688071419997399e+00
1.631844108577712227e+00
1.763487158236697550e+00
1.904638059951447637e+00
1.703493949656058604e+00
1.693869394107361925e+00
2.522458917062221140e+00
1.547438388115569552e+00
1.791309125661029178e+00
2.518343126441509927e+00
2.111832262505079605e+00
2.444392574584847377e+00
1.705567627557841082e+00
2.028665196940476090e+00
2.567473696188557586e+00
2.387762313800465108e+00
2.504337807706239261e+00
2.746477370717333777e+00
2.039446919401081360e+00
1.634961219010466094e+00
1.846190508694842913e+00
2.247057365993643252e+00
2.005024926526710161e+00
2.073315604255978606e+00
1.314326325291925279e+00
2.142036301843365464e+00
1.559579041457375359e+00
2.517841509275410061e+00
2.117124280962696226e+00
2.638289316017718100e+00
1.426065435823780092e+00
2.149167153935711116e+00
2.348591084376390192e+00
2.611823079729607144e+00
1.899051082916074273e+00
2.227870797082368348e+00
1.502766986179186581e+00
1.820540982248005868e+00
2.093778688949198941e+00
1.767623721929941549e+00
2.496077203370037800e+00
1.495340101247264686e+00
2.189056780041507277e+00
1.525589889369347585e+00
1.804156742499351429e+00
1.375435212982887290e+00
2.170666097796250416e+00
2.027115992406179679e+00
1.972598217926284203e+00
2.419744814162557045e+00
1.515379048361153114e+00
2.588924138693125432e+00
1.897894634407891079e+00
2.398050434541126208e+00
2.495951206600188321e+00
1.793482249606890289e+00
2.868794740972583135e+00
1.488797658123421019e+00
2.156058999777149765e+00
2.417611154076036328e+00
2.839520183100102013e+00
1.742626844732551916e+00
2.039427211674258444e+00
1.252549597775392876e+00
2.816525081713258771e+00
1.677561142951519590e+00
1.993887475688070232e+00
2.943277971893942357e+00
2.184769228343110381e+00
2.009520720088245227e+00
2.402942841134204421e+00
1.707255672177383055e+00
1.100724615072826040e+00
2.311641295201768642e+00
1.786494555984230237e+00
1.727081762735137804e+00
2.108832103527518154e+00
1.859624036245392631e+00
2.057169548493059885e+00
2.203745179720228542e+00
2.422381938288435954e+00
1.505074650693826399e+00
1.711090751935597343e+00
2.081474087938571138e+00
1.706329152863921284e+00
1.511143272956473105e+00
1.577734538296199585e+00
2.307061172015067996e+00
1.169819896829640493e+00
2.218820420900747603e+00
2.039799171676083045e+00
2.393111216403455366e+00
1.955226208723675363e+00
2.152287038765023475e+00
2.522174070206828489e+00
2.115436547075290719e+00
2.596328479097599562e+00
1.725392095455371644e+00
1.752150367122056629e+00
2.332312912231628399e+00
1.605589034525941150e+00
2.120449054614547357e+00
2.271223493067947352e+00
2.311772577871911594e+00
2.443579654377631361e+00
2.740341018843717169e+00
1.638165913768923954e+00
2.256057686633230919e+00
1.670702454178002228e+00
1.564128696846430078e+00
1.675084847333539795e+00
1.307235464129683278e+00
2.711114391658587586e+00
2.397333795019612079e+00
2.176770740970124685e+00
2.324807831410097947e+00
1.993720733577466930e+00
1.773644283092543628e+00
1.394977453584763882e+00
1.972023772658398677e+00
1.177962923338377266e+00
1.994439749922553684e+00
2.276462572096813908e+00
1.309013569938771493e+00
1.189333597420801913e+00
2.099663969084090809e+00
1.833030783714185485e+00
2.515512370313291779e+00
1.888988664450878208e+00
1.951402050354478224e+00
2.278634903414942237e+00
2.221330918588293457e+00
2.138187988242513882e+00
2.051273625393667643e+00
1.878017154045166448e+00
2.023037171538732526e+00
1.657002684177506069e+00
1.724787686040232915e+00
2.313975638228456866e+00
2.612641383944917184e+00
1.935532614029017440e+00
1.961926600009825883e+00
1.856441992116234729e+00
2.651107974598671646e+00
1.703568897419732497e+00
2.019666068890828559e+00
1.544241335304337381e+00
1.875950906994297007e+00
1.982722753911525304e+00
1.646929195665916890e+00
2.574082592644873824e+00
2.216029294831838303e+00
2.439567247896058610e+00
1.400758883941824573e+00
1.360502899613128536e+00
2.127897053487420642e+00
2.601802069242196147e+00
1.727581000942608025e+00
2.681469372398583406e+00
2.294946995320069405e+00
1.558757513268161699e+00
1.900671068756496496e+00
1.275619674958267780e+00
2.866959773381220877e+00
1.804457926546530588e+00
1.549582193653046058e+00
1.818146201652454774e+00
2.594449945416611225e+00
1.879861746840139514e+00
2.039401854244921708e+00
2.008473855274943709e+00
1.697389892277941126e+00
2.033878758839438916e+00
2.061117330405624060e+00
1.780989142455746910e+00
2.146340436623100700e+00
1.603423499356911197e+00
2.837285540790639438e+00
1.594063387569520263e+00
2.331298197786748183e+00
2.210048986111577740e+00
2.208494113884215349e+00
1.893007925494003763e+00
2.812656814757472645e+00
2.134025278062885445e+00
1.663845970891742798e+00
2.129443192590582346e+00
2.321976756390614405e+00
1.127503934931139318e+00
1.760455504474613520e+00
2.412843063930419696e+00
2.653401657583074780e+00
2.164186023396678316e+00
1.606195435586420528e+00
1.623295871912332711e+00
1.442147045045767406e+00
2.155233963993735458e+00
2.302366924527496472e+00
1.574997388509969731e+00
1.999479585598920028e+00
2.045806043354541082e+00
1.639700740468153839e+00
2.051183161720431691e+00
1.747511313894491325e+00
1.619395854530149670e+00
2.580848775689020158e+00
2.450257628839270119e+00
2.650067552748573974e+00
2.156549173073473824e+00
2.465174992383140307e+00
1.074940339634314901e+00
2.049957409637126915e+00
1.719765710090659372e+00
1.485996240488282716e+00
2.157866905095439769e+00
1.578395991308771951e+00
1.445476927693496005e+00
2.127965790800241841e+00
1.248993573926977518e+00
2.632271038629672155e+00
1.727701627151062125e+00
2.231572396821998261e+00
2.666755818491004959e+00
1.441358284819287627e+00
2.355122269235501609e+00
1.912354276890489091e+00
1.706750187964780174e+00
1.187351518146081641e+00
2.463248988335024592e+00
1.806547435169808313e+00
2.718436428883180156e+00
2.508851777845728215e+00
2.313021097831498452e+00
2.141481280460348025e+00
1.347119999449623906e+00
1.490134401580406109e+00
2.307291442256031999e+00
1.750516653451402949e+00
1.998146949583740284e+00
1.863534376821091021e+00
2.723884879238647194e+00
1.384877654641210265e+00
1.341407873139682572e+00
2.029832862186712106e+00
2.135100575363602537e+00
2.655104269508818504e+00
2.012051058867458053e+00
2.187022185903066074e+00
2.613380813538872971e+00
1.991563839988812701e+00
1.412495197866919128e+00
2.165506505114948688e+00
2.412450980167390124e+00
1.813146958881872273e+00
2.013021769675876982e+00
2.333295991321697294e+00
2.017232836234814197e+00
2.262690187630446825e+00
1.625505969612169643e+00
2.146377012759169034e+00
1.736833416527445051e+00
2.375716513008335973e+00
1.622302368204421530e+00
1.599073284108840642e+00
1.430596292376951961e+00
2.443089647890091420e+00
2.348295405921652979e+00
2.282358096399994096e+00
2.402123803044536210e+00
1.955799091813847923e+00
2.012906774838289614e+00
2.589475942942633502e+00
1.631008835391196454e+00
1.253244336472697507e+00
1.741394747443555602e+00
2.187657623346483504e+00
1.550788613640170732e+00
1.205097616529188675e+00
1.906217185622791632e+00
1.882430016541045914e+00
1.616386916389774608e+00
1.783191829274443307e+00
1.871759005609559434e+00
2.225733255200760485e+00
1.273004593126359385e+00
2.209530965132187497e+00
2.140077058391560261e+00
1.738524762604740648e+00
2.643372612443704917e+00
2.213249949651998172e+00
1.678144822719950913e+00
2.214571607086974758e+00
2.209146933389492418e+00
2.431589159709250048e+00
1.855905562036876510e+00
2.464862716406424958e+00
2.270806757845143409e+00
2.049969003960460334e+00
2.470246248082963003e+00
1.154479062986750959e+00
2.476101347587319257e+00
2.003974901208048109e+00
2.035262826317346008e+00
1.919304137286284018e+00
2.244011117255637622e+00
2.136274442170462251e+00
1.784893527886220355e+00
1.876060314302798515e+00
2.886685522949534732e+00
2.414384620259755199e+00
2.544137610717468689e+00
2.474320189642142509e+00
2.249355685505119329e+00
2.436829846700295565e+00
1.903864909117982673e+00
2.329945221135332645e+00
1.657065925811251894e+00
1.789981848386823948e+00
1.874192453056731766e+00
2.529407323744728320e+00
2.337318370269866996e+00
2.102579454668706660e+00
1.917076730098776327e+00
2.179043399184744878e+00
1.327037867793634751e+00
1.258543511223951361e+00
1.821885486610078875e+00
2.006337021803370924e+00
2.268834989889728870e+00
1.331381827085759806e+00
1.788912522756198831e+00
2.461878668175033980e+00
2.101895792144198527e+00
1.797374529949482103e+00
2.575982638143726078e+00
2.666880279163220457e+00
1.984916566276857086e+00
1.865823346089150014e+00
