1.953041351618936439e+00
2.480510160872416492e+00
2.059152451680296370e+00
2.346552224041980494e+00
1.276115016335998886e+00
2.334663729293617873e+00
2.073914489320608290e+00
2.319908370435016298e+00
2.424335709930248051e+00
2.085490159135428900e+00
1.923972272344689927e+00
2.657992976908787774e+00
1.457863901495950909e+00
1.433429259360961439e+00
1.958521907936236151e+00
1.957956945535677118e+00
2.463707127136339103e+00
1.932973205194884692e+00
2.081622490326267894e+00
2.026920794709065277e+00
2.551254603659567355e+00
2.138873512694225099e+00
1.073520912889935008e+00
2.127843836346678508e+00
1.356194978040171417e+00
2.318669234595424733e+00
2.114582995921111319e+00
1.318318374758845835e+00
2.135711113877032830e+00
1.280897235793493127e+00
1.950047752343966323e+00
1.934441952966949874e+00
1.633673615591554995e+00
1.622898440569489509e+00
2.293478014278499177e+00
2.584595739921440760e+00
2.383169568786943415e+00
1.899452753898355661e+00
1.747022929044976802e+00
2.402243005238018814e+00
1.652228462457226321e+00
2.188636505260874721e+00
2.846573097386043916e+00
1.384665123242252882e+00
1.582850026812007815e+00
1.131839688174019365e+00
2.365930820930315370e+00
2.484401191701429479e+00
2.364516521575507291e+00
2.887320658424764375e+00
2.012238211972491975e+00
1.762239641500988885e+00
2.314197155712802711e+00
2.495321026087296445e+00
1.930657687744870454e+00
1.745028052488718728e+00
2.038526484475744471e+00
2.178083037922148080e+00
2.200372594999374876e+00
2.306899298476478677e+00
2.465887258235159862e+00
1.922425385340499115e+00
1.926794324578055662e+00
2.794366050956632819e+00
2.427464561306433843e+00
2.871767129676297881e+00
1.870719442147677825e+00
2.063110836327037845e+00
2.620462410460473013e+00
1.929351959120888971e+00
1.738442980909845392e+00
1.881857213373214321e+00
2.574624458419444206e+00
2.188636025173293476e+00
2.212014838825557383e+00
1.804533758937834964e+00
1.744336037635727310e+00
2.718107578293834869e+00
1.457548756615480556e+00
2.286260820115844083e+00
1.438424982908236949e+00
1.915117781326884261e+00
1.358366307212458990e+00
1.392050931258149271e+00
1.525570287512014733e+00
1.901058656227469168e+00
1.837850899466706878e+00
1.696272465453196210e+00
2.228748602658641609e+00
1.713493564008667480e+00
2.033837414205884819e+00
1.992055377567145236e+00
2.095532104865981182e+00
2.402588617430572615e+00
1.849717309189883307e+00
2.090132626976199504e+00
2.593496841178260404e+00
2.024201202884504447e+00
2.367587302128542071e+00
2.459202212533147858e+00
2.530483161927372215e+00
2.396712916278889161e+00
2.151763459484306473e+00
1.525734652042804118e+00
1.668279589282810615e+00
2.679398208319696995e+00
2.109336913516714596e+00
1.535682321235780190e+00
1.684493652600192792e+00
2.235829597385583067e+00
2.173549047640067400e+00
2.121448829169324313e+00
1.505523047174805118e+00
1.968296832093935134e+00
1.681959028816466972e+00
2.050054838228485110e+00
2.632148687837648993e+00
2.477492452039525173e+00
2.246019175073491692e+00
2.156787522484640895e+00
1.885984961542380711e+00
1.481016502461915518e+00
2.442124042559688846e+00
2.080386947512213425e+00
1.864145824720869538e+00
1.618562989568615773e+00
1.899921376557210273e+00
2.102795827996185807e+00
2.406547396052172605e+00
2.503686771677043232e+00
2.606364507603743164e+00
1.503360100985372316e+00
1.362534113769585664e+00
2.208333602446975075e+00
2.159188987651036840e+00
1.618672797498905691e+00
2.715391289712571599e+00
1.479759694417306815e+00
2.392581821048161750e+00
2.760181305846830746e+00
2.474541850088169515e+00
2.463537152630362659e+00
1.734412261704809222e+00
2.550610503616614011e+00
2.307461997374398610e+00
1.542228280710230770e+00
2.547177972502232990e+00
2.501397938361200612e+00
1.754387243229315718e+00
1.131297327993139534e+00
1.745497357524401272e+00
2.352001821428180151e+00
2.335149026670646943e+00
2.519885378258134523e+00
2.534510364541709748e+00
1.565746942430532140e+00
1.494921092103186355e+00
2.346594296444981964e+00
2.058600195101736752e+00
2.128798649494086703e+00
1.547507026740716274e+00
2.071505379833942229e+00
2.737706194313889618e+00
1.904239108619581344e+00
2.253028181574806332e+00
1.423857827812719856e+00
1.910604045245848148e+00
1.701924530143781977e+00
1.671254748195254880e+00
2.825946321104355619e+00
2.831444554801486380e+00
2.449603788353189593e+00
2.527898039824303389e+00
2.504392213915413556e+00
1.985491277823799194e+00
1.632306958016746190e+00
2.379082314051074398e+00
1.466106883527185545e+00
2.466975054844448678e+00
2.109669414350738847e+00
1.693747351485208386e+00
2.369839277775906528e+00
1.624843655657978614e+00
1.809255585890539919e+00
1.665034266659731976e+00
1.415251171727732737e+00
2.145963248379802568e+00
2.240507056546057196e+00
2.038807505176851720e+00
2.178203419111577333e+00
1.823735742546712224e+00
2.471790075476494764e+00
2.478494293923129810e+00
2.558807458151595604e+00
2.411231248332493138e+00
2.751571422399384126e+00
2.051675790570171021e+00
1.635353467440251229e+00
1.524891243834522792e+00
1.457563719251151468e+00
1.795430215340354518e+00
1.942196856188298071e+00
1.419104533567554505e+00
1.413584352039672032e+00
2.107169359902056893e+00
2.495604325879692720e+00
2.335739520955323556e+00
1.552341413322241959e+00
2.506985550018124620e+00
2.034102017640215365e+00
1.846009587596527002e+00
1.485404288682776741e+00
1.897375629397283880e+00
1.651302667648847589e+00
1.917980894730328512e+00
2.398652918023248315e+00
2.164184923469487654e+00
2.131154553629118986e+00
1.435284550825382643e+00
2.539298645060103610e+00
2.370512117331731172e+00
2.308031706082108059e+00
2.674912638409078003e+00
1.408111492937135445e+00
2.425393787111392641e+00
2.180803459010100198e+00
1.330353818741634164e+00
2.345638379420417863e+00
1.836588087825270499e+00
2.706303332115100879e+00
2.110908072055853957e+00
1.680388730761361860e+00
1.922683090666267081e+00
1.923393024801291595e+00
2.222436892891456850e+00
2.383376358518683791e+00
2.118025071282452210e+00
2.193788546951580543e+00
2.099397296170836036e+00
1.473248114713749723e+00
1.792806161393304176e+00
1.799129339581558185e+00
2.608031484106494435e+00
1.366851452772692488e+00
2.805996298246847598e+00
2.191495270024207187e+00
2.024216279220746095e+00
2.093573651775536781e+00
2.041186512622844340e+00
2.293400157641816151e+00
2.141330301616569898e+00
1.915547904143661162e+00
1.983648941220294670e+00
2.091011663527890363e+00
2.736137768220761934e+00
2.320595617819229073e+00
1.363395055672054434e+00
1.797886740049217558e+00
1.142693866996514762e+00
2.252564084442702175e+00
1.180236679874885786e+00
2.416388494783081597e+00
2.344162580819081576e+00
2.197785544867875807e+00
1.968893142828634257e+00
2.388202474321125202e+00
2.119358097537174412e+00
1.379174029205984642e+00
1.872235990601441635e+00
1.425907729535858426e+00
2.370316072289352149e+00
2.531291846711639870e+00
1.826039816638068691e+00
2.255418855931649702e+00
2.183736162937980119e+00
1.669909636289365062e+00
2.580897549908410582e+00
1.198104280358001539e+00
1.456941070208646494e+00
1.480305915030473818e+00
1.781915939477341393e+00
1.289049791821661239e+00
1.498301778864410849e+00
2.452512539526557234e+00
1.514868517152895278e+00
2.474501677998233617e+00
2.275584149117308108e+00
1.771077520058131238e+00
2.274531980416429011e+00
2.548347439133195724e+00
2.323605048284070662e+00
2.332246800908437834e+00
2.700651426609423922e+00
1.474507590701229720e+00
2.098049776493050356e+00
1.558745135388728276e+00
2.089087248448774137e+00
1.562635716749038561e+00
1.791099630623194550e+00
1.906704175097431175e+00
2.390246360414927551e+00
1.652218613426992722e+00
2.434660431540295988e+00
2.172990286350794165e+00
1.463552132898861213e+00
1.918207978492572519e+00
2.644180265784633832e+00
1.454375096982279958e+00
1.876931218587890804e+00
1.424919747448334606e+00
2.281599219415646917e+00
1.822170672571686412e+00
2.696631851441452010e+00
2.429293333378389264e+00
1.854973851949204722e+00
1.963546707875890807e+00
2.310423710641002160e+00
2.170852711045784922e+00
2.242856688985966684e+00
2.196840777968449121e+00
2.098254014373233112e+00
2.741936552571951680e+00
2.343513968071541775e+00
2.107120825775818940e+00
1.527146309628803600e+00
1.502170953444504242e+00
1.175616668732392789e+00
1.735858668118909653e+00
1.318970512902000181e+00
1.476719613814217569e+00
1.727127586685662131e+00
2.145377550893153185e+00
1.828243811787572337e+00
2.147989482260270755e+00
2.043718454005495566e+00
2.009248159871878769e+00
1.878090363504717697e+00
1.392444575305795684e+00
1.774563558871770752e+00
1.324912987651629903e+00
1.559932190811843311e+00
2.496541569462343624e+00
2.375023058354779337e+00
2.466517267673319580e+00
2.022737782431054399e+00
2.778584968097695285e+00
1.875966434536142424e+00
2.114797122515171601e+00
1.852344143048690439e+00
2.270300605475683575e+00
2.154498054319018863e+00
1.966440897129832832e+00
2.902090556271904376e+00
1.965698517905284382e+00
2.186435585118420288e+00
2.504284497165641721e+00
1.662389073736322054e+00
1.840100762329378803e+00
2.262007112261819053e+00
1.807288358129660377e+00
1.245955083196191637e+00
1.940917699282353803e+00
2.538045661658324903e+00
1.112800659320501540e+00
2.066016422664020524e+00
1.575195497209322726e+00
2.529623635395687131e+00
2.602611256713276422e+00
1.633386885583728798e+00
2.692000207369559917e+00
1.312065951166788036e+00
1.693139041921475574e+00
2.072004445659404226e+00
2.240146189206098981e+00
1.686999353893358533e+00
1.636034488037189316e+00
1.768576393279496228e+00
2.744558062958489586e+00
2.373521706601628978e+00
1.749237678222786085e+00
1.797812880839493310e+00
2.313087091526726535e+00
1.881025980489014815e+00
1.832844955097979289e+00
1.633622628427900292e+00
1.705250080521598433e+00
1.364759328210461975e+00
1.106247804681814273e+00
2.141202891283868759e+00
1.799836224302060916e+00
1.754417085406024590e+00
1.886547828144080841e+00
1.787974381185096551e+00
2.464692010250352006e+00
1.590986812685625029e+00
2.523997838233814406e+00
2.798025493077544112e+00
2.448052992540782125e+00
2.288488781816134576e+00
2.342349807106599791e+00
1.984209583097438889e+00
1.760849687361937921e+00
2.414504752049691394e+00
1.523607466950163580e+00
2.332839986967066181e+00
2.639681036433270567e+00
1.798841488762175977e+00
1.325132348579562525e+00
1.781899691422734744e+00
2.393345662285683240e+00
1.938731690473337821e+00
1.817918335070210833e+00
2.291251999242986059e+00
2.114302843550527555e+00
2.152063165346596918e+00
2.815899849084425810e+00
2.009317726413995864e+00
2.234523427999138612e+00
2.145013903987006643e+00
1.736714918649880923e+00
2.262131828373518339e+00
1.480050854799749738e+00
2.049696404952440432e+00
2.533186991201612059e+00
2.043958112219276479e+00
1.968557437473235083e+00
1.684886029505240579e+00
2.236377071962184271e+00
2.727049542200780774e+00
1.354851046467648645e+00
1.506844174243348711e+00
1.621063013775135841e+00
2.031831727925628606e+00
2.230882731658947904e+00
1.762814819349716178e+00
1.962099957287640528e+00
1.928078256149263758e+00
2.206166096096695561e+00
1.960041737237324666e+00
2.414552743945768132e+00
2.336814877247678446e+00
1.323014611738015045e+00
1.684011234787170519e+00
1.542302613423103264e+00
1.583450460674284077e+00
1.461565574405657042e+00
1.883981857429990026e+00
2.823111997801170503e+00
2.042461140296531141e+00
2.308274781524985997e+00
1.989213269208189194e+00
2.087821833753374712e+00
1.600066158893241219e+00
2.196247580445684910e+00
2.797982133307415964e+00
1.381658963907240523e+00
1.351593367973261683e+00
1.383900838048643944e+00
1.561067178594032878e+00
2.585794381151467647e+00
2.864191578204909661e+00
1.492886882207951516e+00
2.291362869752707532e+00
2.148583909038575435e+00
2.537078407417082015e+00
2.320698174082436172e+00
1.813832790856235277e+00
2.065498895198722984e+00
1.992488825845935008e+00
2.194820044230365141e+00
2.803232993067040546e+00
2.413761534175877355e+00
2.466856610139691597e+00
2.331044854921740850e+00
2.241325148130687506e+00
1.819891064647065626e+00
2.105778149818326117e+00
2.311730951947650325e+00
1.636457799202303054e+00
2.760825984659738275e+00
1.268136896444360007e+00
1.489067690675900613e+00
1.508831385836435279e+00
2.542061098490388638e+00
2.064435996684209407e+00
2.275129068284949874e+00
1.593239545979592720e+00
1.722853225017475065e+00
1.843998489635993998e+00
1.758318405984148569e+00
2.639491076171546879e+00
2.410726426760529506e+00
1.755339713187811235e+00
2.079839243717362507e+00
2.663836349824939997e+00
2.369457757411895571e+00
1.812087000432485606e+00
2.112229992174378346e+00
2.534829096651864511e+00
2.694869588806359850e+00
1.599400640650624705e+00
1.876780051155962248e+00
1.222334507761059452e+00
1.455331159647780037e+00
1.638390123088752759e+00
1.882845093762032462e+00
1.590871358693866089e+00
2.502522424141360169e+00
2.216490450341122909e+00
2.163446770370811123e+00
1.494461395436463391e+00
1.741109148900570114e+00
1.724599993523144859e+00
1.849236952518721999e+00
1.565859331776525698e+00
2.359488402913562322e+00
1.673624183814211630e+00
2.159651907572795793e+00
1.587539841553197384e+00
1.645875474779224135e+00
2.040101882877952022e+00
1.463032515971566250e+00
1.880753212720991829e+00
2.344822797635787825e+00
2.394239420126291762e+00
1.603720161739764061e+00
1.538208605236754289e+00
2.043655230605485151e+00
2.619135525673242260e+00
2.207713388064761695e+00
1.736607059142070586e+00
1.371153805052236718e+00
2.515679814394829350e+00
1.563494954014436278e+00
1.385344471371700248e+00
1.907668748241160728e+00
2.248003652492676530e+00
2.052155948885411973e+00
1.620446669241284443e+00
2.155895102575277278e+00
2.384751379729194376e+00
1.717954026335730022e+00
2.549114316924784962e+00
2.180153485450015527e+00
1.768079513768463729e+00
2.250596250804247855e+00
1.756461454877271677e+00
2.289442156121255678e+00
1.523039560930040004e+00
1.294599916788401917e+00
2.513709118599256165e+00
2.103752936094664516e+00
2.169891140160982168e+00
1.901670318978910146e+00
1.641899482995434978e+00
1.964773292339972555e+00
2.664158614822033311e+00
2.400753347304293239e+00
1.429611084923245290e+00
1.826982202696619151e+00
1.608281559021571994e+00
1.962534217490928157e+00
2.007032325197025457e+00
1.617096130694068545e+00
2.197351682535721107e+00
1.453726863539145153e+00
1.877454540787074411e+00
