2.181110150603636111e+00
1.952669514642542126e+00
1.911376945263365101e+00
2.860777037560702674e+00
1.413217141450335834e+00
1.489670686972613955e+00
2.276721434171943947e+00
2.419047744575781422e+00
2.554841547404796742e+00
1.420077592219730400e+00
1.882232601094124824e+00
1.601882951205263694e+00
2.014933242220383836e+00
1.685793066967892884e+00
2.453981593733301381e+00
2.716330964974431161e+00
1.432757437135312673e+00
1.864182188817658403e+00
1.173403180647891286e+00
1.730528963866138081e+00
2.031926436094746435e+00
1.974031223617948250e+00
1.987264686386748469e+00
2.164992401723722537e+00
1.872254301103161822e+00
1.264978353819498746e+00
2.168269851985039409e+00
2.170650183047400539e+00
2.269208304998011627e+00
1.669306755645776574e+00
1.805297958878897546e+00
1.327175361151836430e+00
2.527808501893435533e+00
1.895617589676914072e+00
2.042618903192642499e+00
1.821478431603802850e+00
2.233939001626544574e+00
1.849808029872987758e+00
2.030097292287596389e+00
2.269949172428328055e+00
2.200682327547295536e+00
2.344307161977303711e+00
1.977761813169244043e+00
1.131085023487331087e+00
1.503682359859374262e+00
1.591117843712277047e+00
2.122940387284562469e+00
1.954033623767863492e+00
2.735250830821514434e+00
2.056286015921203969e+00
2.097498774911140451e+00
1.569522073388069483e+00
1.982862240341506599e+00
2.086278560752059086e+00
1.393271668596296475e+00
1.470294984665243110e+00
1.292286113179981655e+00
2.023248920517170646e+00
2.405745964587230112e+00
2.590564864346091234e+00
2.267347520591974419e+00
1.742599448423042929e+00
1.967021091954885614e+00
2.611423468128642345e+00
2.071784442913727986e+00
2.166139434610567349e+00
2.366399622472264319e+00
1.816785866563407126e+00
2.583579616365356380e+00
1.373123087368772310e+00
1.528196654572208768e+00
2.402350963328408806e+00
1.522563084965802727e+00
1.952508497202836146e+00
1.752640520385787770e+00
2.387849625998185843e+00
1.835774781480871587e+00
1.707861014701382851e+00
2.640766022432154525e+00
1.731830280428873214e+00
1.521330247642688871e+00
2.007986487823674615e+00
2.888434065047192689e+00
2.041125315073781366e+00
1.824296822638155291e+00
2.365043641437077238e+00
1.643871142267976815e+00
2.275622043987545862e+00
1.620499157305523630e+00
2.548545849445420508e+00
1.894645525632557170e+00
2.174202193009119988e+00
2.064093199016634017e+00
1.661615765239529807e+00
1.844002504113385843e+00
2.496234957500538698e+00
2.188235801931257996e+00
2.163694044242783665e+00
1.895603001497818463e+00
1.654531536261820257e+00
1.641224640727680484e+00
2.752399399081216558e+00
2.084814531933770088e+00
2.740637026666085774e+00
2.328990655678897070e+00
2.012147274452452450e+00
1.886029264646023496e+00
1.473226252096052846e+00
2.606750577581502970e+00
2.290150818296968094e+00
2.146341828248761630e+00
2.102937952777147235e+00
1.928428619622198248e+00
1.628312384047819084e+00
1.931707665268096674e+00
1.986180173550886607e+00
1.698917822380769271e+00
2.019997553051772865e+00
1.255772567362598346e+00
2.022112456095346289e+00
1.744760087800682813e+00
2.816072233505487965e+00
1.690736586750887227e+00
1.893373836172755453e+00
2.712801726154763671e+00
2.019557643467687402e+00
2.256155814703850737e+00
1.686333180951168131e+00
2.798311367951507478e+00
2.144615766125045120e+00
1.915068958639963403e+00
1.826219803880793524e+00
2.374736002667749979e+00
2.152077423759853669e+00
1.958935939116580371e+00
1.894519880315907123e+00
2.361746657085721068e+00
2.090012342494948605e+00
2.253668131631660465e+00
2.248437309704576670e+00
2.359076107907925213e+00
2.758062886905559452e+00
1.714030833252317976e+00
1.157774355023460267e+00
1.330846409729974367e+00
2.537135726599991425e+00
2.227935076998345476e+00
1.830893499647473721e+00
2.006486786186235882e+00
1.880847130990369154e+00
1.522271014139362055e+00
2.286656184545308612e+00
1.550197394589066580e+00
2.521845436873660251e+00
1.503208446560246880e+00
1.583011804403961831e+00
2.594343168912995878e+00
2.161443596851613691e+00
2.073801123110870837e+00
1.681144762854505759e+00
2.115275519655638092e+00
2.323516752998103563e+00
2.354637664386042939e+00
2.452556601496084454e+00
2.306589168049362648e+00
2.127211557398561048e+00
2.206301752181775822e+00
1.674390968275999869e+00
2.188784820811841669e+00
2.412437311072042068e+00
2.464458288963772503e+00
1.958818400486256994e+00
1.927090862875957766e+00
1.762192472518506969e+00
2.108101139870840690e+00
2.127804594558497797e+00
1.469019566062927939e+00
1.668762872296775779e+00
1.672423117279794758e+00
2.107984527706452393e+00
2.431724589308613460e+00
2.332661129624166385e+00
2.026122019764604154e+00
1.759998013666192129e+00
1.752679279978610172e+00
1.667665019311208141e+00
2.042036063202958385e+00
2.216533818875396022e+00
2.188838839868727959e+00
2.307387134963428288e+00
1.447163486817871991e+00
2.573246073454467098e+00
1.825281266367398736e+00
1.799755936029352021e+00
1.697446297118955449e+00
1.408402944430469095e+00
2.134540179217796485e+00
2.276356216395004850e+00
1.390747314336725715e+00
2.316507526854149290e+00
1.759195418505656416e+00
2.859544810787975955e+00
2.163606659700272772e+00
1.914952409717073589e+00
2.156908879290250880e+00
1.589621185816559645e+00
1.703080206419989917e+00
1.971337371526656224e+00
1.993284671678935194e+00
1.924651080227801625e+00
1.364141168384462421e+00
2.697888572183111400e+00
2.396491923825279535e+00
1.497016918787578810e+00
2.000115218458383026e+00
1.861160673254596443e+00
2.234526194295177515e+00
2.520575928347623229e+00
1.467897678604768608e+00
1.752426340130140758e+00
2.185722971793110148e+00
2.057672784729033477e+00
1.592015099458242267e+00
2.454074984671003712e+00
1.859938510103922082e+00
1.633773611396919900e+00
2.861694156758296970e+00
2.150074007154040512e+00
1.696149506435600252e+00
1.626483717241414606e+00
1.958476951096903118e+00
2.429364922393897785e+00
2.291607478796113373e+00
1.818161464071025524e+00
2.210508956407814640e+00
2.804776808575466074e+00
1.745615303676386176e+00
2.331300830401731083e+00
2.654545647171113298e+00
1.841467683280245904e+00
2.690295047302289078e+00
2.136760117577615414e+00
1.651253253486478556e+00
2.358913159163683826e+00
1.759287145828534848e+00
1.848528739138444621e+00
2.766974856898971602e+00
1.687633323441584121e+00
1.907995779303861994e+00
1.632226909566263373e+00
1.832469533079238877e+00
1.988488217378214351e+00
1.912440913432438716e+00
1.256029142914775854e+00
1.152262209407470595e+00
2.306935668248657922e+00
2.327022550676995039e+00
1.672124354220838161e+00
2.495943837180590208e+00
2.512376333076959956e+00
1.927781033357385265e+00
2.209129145343328382e+00
1.949695864059236783e+00
1.774411557881342194e+00
2.164622792912454408e+00
2.562299774241342032e+00
1.786255117733953179e+00
2.191722088210655617e+00
2.370757838022509389e+00
2.048844818064739393e+00
1.748466037765767034e+00
2.517985983017269280e+00
2.088734388003050668e+00
2.326814340015625593e+00
1.615981296419792379e+00
2.018661509268386389e+00
2.224803610916012087e+00
1.913825787834175118e+00
1.343707402278826901e+00
1.769041200967046201e+00
2.688867215291580681e+00
1.586057157352109614e+00
2.476246341252968719e+00
1.942473495596076738e+00
2.293976501008700097e+00
1.379352371651794362e+00
1.629634563992450769e+00
2.328592307014254015e+00
1.517745493306573712e+00
2.536393789405912536e+00
2.389722458155318030e+00
2.339531309277178117e+00
1.709454450458979036e+00
2.193986641035434726e+00
2.096894109873649548e+00
1.497116415087309305e+00
1.980492522759908169e+00
2.104204829231522744e+00
2.263662645324220346e+00
1.949388327979028945e+00
1.283950947367724860e+00
2.482019601499489525e+00
1.998855617653056305e+00
1.815487701102376228e+00
1.685398730062038553e+00
1.581231914938922234e+00
2.071172476894253656e+00
1.500361661711855366e+00
1.749341988320511243e+00
1.335673348003793670e+00
1.771901589890242157e+00
2.168830894062815595e+00
2.603544144397528015e+00
1.949295429657910805e+00
2.481016327015815648e+00
2.512993675504421986e+00
2.355227914203258166e+00
2.430862849782267521e+00
2.344536932947819174e+00
1.977230666475717547e+00
2.393070007613075756e+00
1.744923803543328322e+00
2.277911994207725055e+00
2.300911095234981385e+00
2.103628582394984292e+00
1.839524064676345994e+00
1.341607510628452182e+00
2.468830554737778904e+00
1.702585180595887593e+00
2.107349332714109735e+00
1.830782340791278440e+00
1.910870855665931956e+00
2.198350605487015663e+00
2.400340273807187952e+00
1.893319839563475382e+00
1.860967672807546824e+00
2.193850404433524304e+00
1.976401262762520483e+00
1.914634136013295684e+00
2.034353210591302918e+00
1.906496535072338627e+00
2.286767746958604519e+00
1.826625511806054813e+00
1.592598172598025164e+00
1.646144743614527117e+00
1.614609050526765621e+00
2.094925876566126277e+00
1.856407965379984315e+00
1.703929981161481422e+00
1.793652091152937000e+00
2.019305857743459498e+00
1.798245936401368095e+00
2.231386425097017678e+00
1.961670854562156618e+00
2.159646959963528623e+00
2.427282769933069240e+00
1.828126918003732060e+00
1.741035973753333854e+00
2.100509104645120750e+00
1.074091756214530013e+00
1.993477003381384005e+00
2.036827533027762982e+00
1.616630417400271691e+00
2.584331243811718526e+00
1.736884366889504427e+00
2.276416574169424223e+00
2.275913088936567075e+00
2.496321837644977393e+00
2.462715274516360076e+00
1.784027386626191314e+00
1.496862052951533295e+00
2.721450917996989460e+00
1.744683021885715446e+00
2.073420584455885063e+00
2.743864339743614433e+00
2.357407514356484768e+00
2.227642801779769144e+00
1.483803076175682190e+00
1.469428755585696411e+00
2.185716726991840275e+00
2.463255818682102749e+00
2.077557001801698000e+00
2.476813459189817213e+00
1.699019022785604793e+00
1.632255249591108459e+00
2.866357341247361301e+00
1.730831583180624911e+00
1.424771600694644036e+00
1.989992418510049932e+00
2.198664361961827574e+00
1.876202350694769816e+00
1.350462400933255980e+00
1.450890021169359390e+00
1.462805907539364458e+00
2.550082758426456486e+00
1.840362130318709877e+00
1.658647103174514470e+00
1.825930229151357720e+00
2.662167753327918440e+00
2.356360859657402607e+00
2.527970475352103730e+00
1.534717608093561392e+00
1.726128537249843387e+00
1.571517139097634352e+00
2.081670263541857580e+00
2.097744554551594476e+00
1.621500585380905912e+00
1.508354860961794941e+00
2.805973098300019508e+00
1.538294178779386012e+00
1.946839526669315035e+00
1.588670339732294545e+00
2.467568183371249280e+00
1.897076028701402350e+00
1.926422115565011195e+00
1.847018126682354211e+00
1.751175339893519034e+00
1.783095709366663950e+00
1.690667918656355129e+00
1.701786213841068207e+00
2.434902687605106308e+00
2.541082660807811422e+00
2.615991911142420800e+00
2.450709141103038391e+00
2.654183113986023024e+00
2.123284704192780481e+00
2.213507728267525287e+00
1.943523754108129387e+00
1.920667552350600715e+00
2.319254295903300456e+00
2.018143266212903519e+00
1.339437673173653920e+00
1.251657484043874557e+00
2.331162365006522297e+00
2.084478764369792181e+00
2.181190041912131505e+00
1.912022836700410178e+00
1.563217648863383769e+00
2.752779712655589073e+00
1.569213617310631914e+00
1.728007313380151011e+00
2.145399712407610515e+00
1.858705999043818169e+00
1.810231357592307244e+00
1.689150263411095754e+00
2.293879711238424157e+00
2.366948500484663320e+00
2.013169962137902225e+00
1.624394791755027212e+00
1.620983605954928297e+00
2.558377544581715846e+00
2.276308575487922425e+00
2.269889877112283738e+00
1.850734849626779255e+00
2.051416693542925440e+00
1.665572779529544745e+00
1.729161679953364228e+00
2.496981422699016129e+00
2.500584260990605046e+00
2.538678444654917321e+00
1.212813251375955081e+00
1.942501799426505915e+00
2.131783406207048870e+00
2.362286729201665381e+00
1.723893544220911345e+00
2.251162557558527233e+00
2.548650023791986463e+00
1.331992819642544346e+00
1.711799809168747855e+00
2.418277952544486631e+00
1.285491703114713280e+00
1.526722194765375740e+00
2.482104068543312003e+00
2.195007306957546866e+00
2.586762097029379426e+00
1.887426324193751892e+00
1.669096725973404194e+00
1.747562088295435689e+00
1.760671732049159832e+00
2.701369176878741118e+00
1.936352006254840941e+00
2.612623731910915126e+00
2.286529191122165461e+00
1.919660768007414919e+00
2.156149460793106432e+00
2.083535826252739032e+00
2.021487713020036381e+00
1.777447400003635991e+00
2.594844446725300458e+00
2.020406354392063175e+00
2.044809208074218176e+00
2.613317063670201890e+00
2.411107730301939700e+00
1.848462861533166857e+00
2.052002225262733681e+00
2.558220899355637457e+00
1.909132189451095973e+00
2.181387277541086966e+00
1.655705219784757043e+00
1.899868963114268894e+00
2.485834992079425820e+00
1.472364940502382868e+00
1.841652481665275953e+00
1.890074953665869195e+00
1.304462501549501718e+00
1.987323514885606546e+00
1.876490153600901767e+00
1.669888155576239486e+00
2.691016659472544426e+00
1.655462997356708099e+00
2.149529353838826040e+00
2.041253696135422402e+00
1.106931393966885890e+00
1.479349250311914776e+00
1.773679296410871631e+00
1.989628646961478342e+00
1.563911569934961276e+00
1.368726400804747723e+00
1.426723392839586602e+00
1.773070479864960136e+00
2.628472784286571162e+00
1.428097789833193243e+00
1.504581917022935533e+00
1.994679260391523767e+00
2.454639427113189054e+00
1.910818681231948979e+00
1.271258212038848923e+00
2.168480252934646302e+00
2.076516122892343663e+00
2.523587621467435760e+00
2.011574189332535401e+00
2.657743503540578534e+00
2.578980251890837572e+00
1.643508210307964568e+00
1.655074219995193552e+00
1.524353175168313257e+00
2.212668084169753691e+00
2.234585540875452914e+00
2.355102378820419951e+00
2.030830352231614011e+00
1.567419801374325683e+00
2.274348421680411736e+00
1.958672441717762336e+00
1.421705508013141550e+00
1.660989053720782760e+00
2.847015187888900734e+00
1.626068961522697531e+00
1.583262977733070009e+00
1.406354554113037558e+00
2.436916555023660891e+00
2.258771910150699558e+00
2.287941826477166707e+00
2.190492771430031294e+00
1.758426445773042524e+00
2.593533409172403381e+00
2.530674041378603079e+00
2.607787989287148722e+00
1.652010481464579517e+00
1.740444215816431939e+00
1.329434804564349815e+00
2.839961760249392064e+00
2.096513373243314327e+00
1.580634376748673908e+00
1.945510121860181130e+00
1.737354158417181438e+00
1.833412824477383740e+00
2.026244531842681162e+00
