1.429335810872423007e+00
1.903636994290549111e+00
2.465076937820845693e+00
1.435491527583728333e+00
2.406360604615847887e+00
2.236275314643242140e+00
1.846368767291700186e+00
2.636479746072812880e+00
2.151269768700112550e+00
2.641445882876710449e+00
2.146442746358244058e+00
1.791037423755495128e+00
1.772232122426222301e+00
2.510653934385801644e+00
1.643738806336500380e+00
2.249143369620553390e+00
1.839688144408498927e+00
2.485914616902229923e+00
1.770365552825442723e+00
1.189362845072889030e+00
2.077891546688116264e+00
1.959620165268435077e+00
2.416493807923030701e+00
2.262057430336227526e+00
1.825797467977772648e+00
2.302741377690616709e+00
1.967079313887043490e+00
2.052804652211134062e+00
2.375284399796033341e+00
1.799668061442652789e+00
1.639952754075600483e+00
2.466630790097071646e+00
1.604605878335128022e+00
2.280537469048280919e+00
1.772803402764635994e+00
2.489461751299234749e+00
2.201262741627226571e+00
2.177256287520608957e+00
1.705486412672908347e+00
1.873462912385260637e+00
1.799267134404625601e+00
1.696699612475492946e+00
1.289080714088956192e+00
1.654214589997246243e+00
2.476657314341395022e+00
1.296720203266663152e+00
2.862026674565313122e+00
2.216623075130810250e+00
1.902284897576322464e+00
1.543537471116567694e+00
1.532423262650908891e+00
1.543158353809310768e+00
1.746970109057431664e+00
1.845206161781348442e+00
1.971369270221914771e+00
1.287152879369244829e+00
2.497221508173087301e+00
1.362226591407339260e+00
1.483822737752549692e+00
1.688245230844629852e+00
1.708982084474087948e+00
1.604285027536352271e+00
2.238141487969286025e+00
1.207902381062947672e+00
2.412955744158978177e+00
1.718695633898022823e+00
2.435982753819669888e+00
1.902010673977414967e+00
1.846821682801768727e+00
1.914363263049870589e+00
2.274382138398830744e+00
2.656238298557243027e+00
2.064847352940636149e+00
2.597700896751028665e+00
1.690874616295122035e+00
1.556871400581425480e+00
2.524030497765043624e+00
1.709826937075568321e+00
1.768911144047317308e+00
2.204280491021894051e+00
2.810596914045485395e+00
1.868531338909388051e+00
1.455875591229301769e+00
1.993600469205618175e+00
2.224260798163012254e+00
2.419586031877768217e+00
2.412249235492645028e+00
2.037641452715905022e+00
2.286941380158156623e+00
1.989814211055291437e+00
2.436680656161783531e+00
2.562252222330952733e+00
1.750179932869624810e+00
1.460114410191227119e+00
1.998361456216698251e+00
1.386674973492753926e+00
1.788801410708091399e+00
2.584828034598577240e+00
2.828311012427557891e+00
1.716433118972048755e+00
1.743939087203505434e+00
1.881402249940710814e+00
2.436836224460368072e+00
2.422051282285802465e+00
2.593860184294087823e+00
1.436849867038697770e+00
2.057850545410974341e+00
2.134351925899850677e+00
1.446610129908083575e+00
1.655985003208179318e+00
2.877305550213166807e+00
1.503405748672287601e+00
1.854996598007829345e+00
2.453301000559419798e+00
1.580163691283036798e+00
1.908692708941260641e+00
1.514864303257167588e+00
2.032239289166892782e+00
2.182608993196448299e+00
2.509477416209792366e+00
2.189654269740424208e+00
2.000087441526336995e+00
2.485760242238512774e+00
1.622072055697989068e+00
1.919692690408143276e+00
2.211632063686137961e+00
2.149941839564644575e+00
1.681840380701796089e+00
2.797565925221247696e+00
2.723019827621120825e+00
2.744383039436331551e+00
1.468566686567702506e+00
1.229083577757544399e+00
2.003495196059713823e+00
1.313438871908051198e+00
2.650136288066548662e+00
1.686413291350151500e+00
1.589452302043132814e+00
2.383021797271229314e+00
1.772451178181853271e+00
2.431991840907072433e+00
2.451713228151541024e+00
1.424752398956794064e+00
2.674871201959053924e+00
1.618915808201676576e+00
2.387248938838111734e+00
2.031453758293442213e+00
2.001067363861383175e+00
2.551635521887470226e+00
1.975256161589738380e+00
1.691998205919091003e+00
2.326614026985937222e+00
1.890042472062772205e+00
1.757161242316369165e+00
1.369344615637152263e+00
1.723681733563733776e+00
2.204103110470150284e+00
2.076642268085786558e+00
2.640669395890169913e+00
1.482056633514273525e+00
1.703789933438385695e+00
1.905310862492949564e+00
1.627288341873036170e+00
1.695156739641721755e+00
2.152424685928228776e+00
1.920505223167984887e+00
2.225317520579402242e+00
1.828536348861707239e+00
2.411619981345946684e+00
2.284713440370784276e+00
1.471320947235453591e+00
1.897258952915397368e+00
1.975427897132227661e+00
1.201865842565988718e+00
2.001844471543852144e+00
2.255317868087528765e+00
1.868278276533425375e+00
2.043772780544127698e+00
2.385391128717173181e+00
2.542772630492525998e+00
1.941084866276896692e+00
2.393984907065997092e+00
2.040851097325886876e+00
2.154008706741215917e+00
1.858208716895918933e+00
1.923036586936322401e+00
2.614562033658660578e+00
2.216362328682361937e+00
1.436209070399317778e+00
1.819756617342082716e+00
1.592760489642384369e+00
2.196558437500638838e+00
1.911920466646883643e+00
2.488487041008236922e+00
1.995778869719269544e+00
2.079781948292303895e+00
1.856100065523721865e+00
1.557835846451608219e+00
1.466646535629061443e+00
2.821162212676636472e+00
2.733720955670344566e+00
2.791280356120979356e+00
1.775497090622604190e+00
1.738106847751909712e+00
1.687581090261424777e+00
2.141144079598573668e+00
1.896733520381832960e+00
2.129470835084203983e+00
2.478415166553137539e+00
2.363578314735755637e+00
2.050222285220568708e+00
2.237049721665323343e+00
1.467622791086912848e+00
2.416304451654814223e+00
2.491395380262274806e+00
2.436783125933192018e+00
2.716005883106303198e+00
1.921387097702058622e+00
1.476172129778179576e+00
1.710231885694344811e+00
1.659540188210391287e+00
2.133650510932403321e+00
1.699588875675059008e+00
1.680220213541639307e+00
1.530602673065068808e+00
1.931629582512072840e+00
1.789868961824871096e+00
1.805865919088409877e+00
1.718290580574333148e+00
2.362718456742244122e+00
1.793954427213947156e+00
1.135541227174993617e+00
2.168413625160817926e+00
2.068288947385493515e+00
1.477473537226098976e+00
1.771029205827653996e+00
2.440800961812406022e+00
1.686957556773396094e+00
2.868813017402786159e+00
2.202309347521221650e+00
2.732866433796436567e+00
1.312084915731690060e+00
1.625408117202946201e+00
1.952504091137684306e+00
2.541021920839344528e+00
1.350085605188353854e+00
2.047701723353760883e+00
2.662029038064621655e+00
2.303543201061833301e+00
2.609582252539523584e+00
1.491702918255167098e+00
1.579998920132282603e+00
2.194897563820388697e+00
2.479777270188180616e+00
2.578063987185793327e+00
2.020249579831923104e+00
2.266578864005919236e+00
2.494630759939115983e+00
2.509732021517579348e+00
2.161808122614705674e+00
2.064476820706262039e+00
1.489756721378203475e+00
1.313199150289187322e+00
1.485833683532510552e+00
1.666619878257111109e+00
2.078462021083814726e+00
2.016810489507281368e+00
1.839829217281559126e+00
2.154284817096625559e+00
2.313536396901841652e+00
2.863702004884155272e+00
2.227423893730774651e+00
2.594128519665987564e+00
1.304376451168411499e+00
1.465198968238667021e+00
1.399812794536345884e+00
1.636993734624646590e+00
2.384924979924874400e+00
2.766829752459448954e+00
2.143781028550000745e+00
1.571328606206172651e+00
1.861427691818771990e+00
1.792911501588562384e+00
2.552844154956429357e+00
1.956924217736475624e+00
1.759261911690616742e+00
1.835309413767580500e+00
1.960654457072400048e+00
2.863181183175220745e+00
1.569284451010112047e+00
2.157346587829484186e+00
2.166157621973304970e+00
1.913964426808520303e+00
1.850126708460771319e+00
2.327085645809797043e+00
1.438149115983143211e+00
2.018514105727947427e+00
2.220221066115088959e+00
1.347898620056039443e+00
1.248762205622265808e+00
1.907094429411714476e+00
1.714973829844260500e+00
2.550243390603411431e+00
2.327338956510879964e+00
2.692767062307968917e+00
2.590396671484534785e+00
1.781896053632921584e+00
1.961587664477366211e+00
2.105767157909435916e+00
2.450696102820120181e+00
2.771665180108475290e+00
2.043508367351641208e+00
1.189802575641560667e+00
2.224592880000393791e+00
2.632432972408994765e+00
1.569216635420423334e+00
2.331490494057294693e+00
2.553543388142800019e+00
2.581988168196579725e+00
1.772062567503959185e+00
2.547145532262304002e+00
1.627824628251610228e+00
1.536386585642484759e+00
2.385728478885249970e+00
1.777811662130571957e+00
1.695312393546537955e+00
1.629838782776321437e+00
2.298701981616626533e+00
1.653056681938730232e+00
2.173798261611450400e+00
1.262090364425349831e+00
2.181259481006312395e+00
1.790865369620961101e+00
1.845424718944554954e+00
1.871252978308795001e+00
2.528784437655090755e+00
2.564986551734727005e+00
1.458096522616215474e+00
1.953983495058668307e+00
1.437184291957972704e+00
2.281848132637637860e+00
1.624921324778505038e+00
2.050392094435561141e+00
2.520167248624788137e+00
1.970485537171910551e+00
1.763840441848799845e+00
1.839940126483329941e+00
2.193434251215498954e+00
2.744814885892395750e+00
1.422820477173291520e+00
2.126190481865434023e+00
2.234628127999225722e+00
1.689643019306459548e+00
1.731250335851028277e+00
1.390961884527862624e+00
2.219422707648328608e+00
2.286986453480840176e+00
1.623801213114508979e+00
2.148236683343460740e+00
2.162545872876226127e+00
2.208175920134864523e+00
1.602137342247295759e+00
1.923322041190755449e+00
2.372391941069864174e+00
2.462089896327686933e+00
2.339417118193366729e+00
2.046322831466454772e+00
2.239582990842834853e+00
1.328800635532230157e+00
1.904574230421335113e+00
1.535954698301801091e+00
2.529371839829369861e+00
1.980612342565912121e+00
1.659604847272273975e+00
1.581960585002161856e+00
1.400717545935541430e+00
2.217748860450653225e+00
2.099541821670052322e+00
1.707814736583420201e+00
2.659870891040908791e+00
2.479491675242923243e+00
2.605304576862973676e+00
1.974941298392506095e+00
1.403207836458790325e+00
1.684777487174003330e+00
1.785415055628090997e+00
2.929109972522875083e+00
2.321409389259562861e+00
1.818436496258758472e+00
1.679504014422328995e+00
2.529125539425528757e+00
1.942497458101875019e+00
2.048047410401715229e+00
2.688399350293577683e+00
1.826735240808948113e+00
1.148074285963980534e+00
2.808008288575302380e+00
2.292573466596381948e+00
2.121815234690607177e+00
1.941572847717031536e+00
2.341704765241222397e+00
1.697703033472874878e+00
1.815205102290557093e+00
2.146613076093668582e+00
2.053271022479582264e+00
1.192183474284435496e+00
1.813183204382688762e+00
1.694406195536046766e+00
1.677458845482167948e+00
1.320277388841510691e+00
2.487505131123957991e+00
1.839109572366301126e+00
2.437157154958156546e+00
1.353416075514141781e+00
1.837076875062895187e+00
1.508676553333630377e+00
2.467762395579421231e+00
2.067703555698114037e+00
1.491374409832934456e+00
2.529362813843476943e+00
1.482632018420439346e+00
2.571325514624838604e+00
1.695094962817799589e+00
2.101522582042573362e+00
1.972509797145579835e+00
1.882545122516857017e+00
2.297030186016117526e+00
1.751360699679914257e+00
1.686900409849700688e+00
2.092801424544874500e+00
1.828356926895449153e+00
1.499042882909135788e+00
1.332869988447769494e+00
2.179411514418339468e+00
1.434229130585062073e+00
2.769949983118804582e+00
1.919059395574673754e+00
2.159585144540752566e+00
1.344587728034458252e+00
2.396752621606260014e+00
1.743166210357540269e+00
1.322786462214551539e+00
2.041818806325306213e+00
2.517319896169940563e+00
1.820036173810916758e+00
2.060243137654322432e+00
2.353700211677514531e+00
1.917826548200213033e+00
2.416664297509496961e+00
2.232954385460622859e+00
2.481966971968356361e+00
1.773011322719095562e+00
1.922917232233268603e+00
2.501209903998677930e+00
2.202284301197523497e+00
1.739009604538407583e+00
2.334182618590979974e+00
2.397871660415143324e+00
1.551051308836062681e+00
1.648402971209319112e+00
1.678484994086038684e+00
2.223765827256257932e+00
1.821022250159925582e+00
2.493584967361192284e+00
2.470520383641130913e+00
2.233641140888160681e+00
1.872268030026823071e+00
1.569092415295924248e+00
1.535955330706455957e+00
2.404578139943990500e+00
1.283714607899447691e+00
1.654332295185103607e+00
2.308799337174566979e+00
2.047877849509699644e+00
2.096239776322776027e+00
2.312061516162250197e+00
1.437573389851029226e+00
2.060224282544663055e+00
1.628216940185747141e+00
1.888390495202861619e+00
2.009318973170783007e+00
2.190155227953056283e+00
1.670940947873468918e+00
1.420976136646002974e+00
2.047185529238389812e+00
1.630099651278838158e+00
2.102538009158945620e+00
2.106598290114102490e+00
2.780345361602623022e+00
1.648006964088400306e+00
2.103691652652959654e+00
1.844492110096535908e+00
2.592294903935675521e+00
1.762664841598545085e+00
2.496418277077409265e+00
2.353376278360543417e+00
1.865749517659300416e+00
1.754563711908496693e+00
2.469964807293866471e+00
2.382140317961919607e+00
1.737617638992247304e+00
1.650036893079197764e+00
2.884338257175859788e+00
1.455932584030990018e+00
1.570632388194160400e+00
1.916169723913411449e+00
1.902491989432207653e+00
1.427146502038507681e+00
2.455869841387677610e+00
2.297998620525390390e+00
1.191250959057015946e+00
1.873907485208320178e+00
2.020183827219034001e+00
1.793227864456599097e+00
2.184846895976964909e+00
1.883431739810990990e+00
2.514023981797303797e+00
1.647138823072400449e+00
2.245388876139588596e+00
2.219969558992695546e+00
1.441150833529474928e+00
1.961068400537289147e+00
1.962562919467973455e+00
1.190902593797862341e+00
1.401887073236508297e+00
2.123943674255799330e+00
1.324164129493921038e+00
1.835479961884638911e+00
2.567296259914692680e+00
1.727400206989929021e+00
2.014440957928778086e+00
2.109058257215742582e+00
1.982728507905527682e+00
2.151430793088324300e+00
2.224036477121903665e+00
1.909593046135207306e+00
1.984864454260178102e+00
1.864407076979239575e+00
1.329034819016427171e+00
1.937114052266821318e+00
2.210359220030674088e+00
1.449551942287299555e+00
2.330462672593703655e+00
2.187184991639070208e+00
1.994598155989937727e+00
2.641699067917128829e+00
1.375426648923759210e+00
1.589729921881364749e+00
1.992291400020491432e+00
1.212042343946118539e+00
2.588725551100987676e+00
1.868790774663780851e+00
1.400169470576386743e+00
2.563823899811816354e+00
1.241387119423172258e+00
1.419451204927077548e+00
2.751466049566861471e+00
2.274769886665174212e+00
2.569501781576064126e+00
1.927994249986050512e+00
1.853958834650939025e+00
2.243405161471732079e+00
2.239328972447026000e+00
2.530341165313232388e+00
1.949847329379877481e+00
1.596741631387932792e+00
1.322108210724229682e+00
