2.090348705135283147e+00
1.684230649586449413e+00
1.967013474830558328e+00
2.075656744934425202e+00
1.798864223449633926e+00
2.038436439906909037e+00
2.605682582465024932e+00
1.849911310582798007e+00
2.117684501556104770e+00
1.381425944361954317e+00
2.422674109824675792e+00
2.349677652710080888e+00
2.427334146709355878e+00
1.644494757949318764e+00
1.906993242453791426e+00
1.375796476840689841e+00
1.475147468286644337e+00
1.718790378920786566e+00
2.311530728565498904e+00
2.640636891957145682e+00
2.034158944094905941e+00
1.774008545803507753e+00
1.945019189133150528e+00
1.663411048334016540e+00
1.787136395939774136e+00
2.213367877916879500e+00
1.870115141946163906e+00
1.367857932108339281e+00
1.678946763823655264e+00
1.496731680384599139e+00
2.634435817338954600e+00
2.619007723814427813e+00
1.233072458882487954e+00
1.536414039007145682e+00
1.918882282873763945e+00
1.514203466893928152e+00
1.452722675822000875e+00
1.744453139393669527e+00
1.698729048135456665e+00
2.897735153663644425e+00
2.582612453742114234e+00
1.794803528664585146e+00
1.297243440761549182e+00
2.403971597650802927e+00
2.434616808987176917e+00
1.935653611702601973e+00
1.799150473990600574e+00
1.843087399642258761e+00
2.133043075161091373e+00
2.337060074742743687e+00
2.756705033174392305e+00
2.057343018123335643e+00
1.591496252711096293e+00
2.353807970656639714e+00
1.708802253844925900e+00
2.400259419261776994e+00
2.123282254873860353e+00
1.261758813097661136e+00
2.756398908508860934e+00
2.072985954954690513e+00
1.790787325764955362e+00
2.017468591799438382e+00
2.079794618661179761e+00
1.675863034101152227e+00
2.467898960394354191e+00
1.469175348620507471e+00
1.689169899866842961e+00
1.537158141994575011e+00
2.119906230704165395e+00
2.372926842226449118e+00
1.352340893865636495e+00
1.340815129021879049e+00
1.717392497993687650e+00
1.791175716389224126e+00
1.917762549762302537e+00
1.978048763180278780e+00
1.861218748275865087e+00
2.564540908815581055e+00
1.943633267189514680e+00
1.604662281843104443e+00
1.963654043193892473e+00
1.676267787316944258e+00
2.749364831119823549e+00
2.014371342977243184e+00
2.171794723827438212e+00
1.522278427558835912e+00
2.222133522305963282e+00
1.640535209857913568e+00
2.008362141570711579e+00
2.082033106835450731e+00
2.350503190275859300e+00
1.471598146237171445e+00
2.258076469621566940e+00
2.550203029646377129e+00
2.252337162579824970e+00
1.887789791469104195e+00
1.333408628957902575e+00
2.516067835034385247e+00
2.568731372839513583e+00
2.236525865824477322e+00
2.213382835440697693e+00
2.104228668627654564e+00
2.649959968351533135e+00
2.190363572474798293e+00
2.087300887336518418e+00
1.652811897082668402e+00
2.246325807103763950e+00
2.259618370388614572e+00
2.200433537684402197e+00
2.301783214710652725e+00
2.039719307279170391e+00
1.901764862515094689e+00
2.635094419762046503e+00
1.986228059211829322e+00
2.666464711305725821e+00
1.318220124553573180e+00
1.168274676805555412e+00
2.456367640901425009e+00
2.821088643124154416e+00
1.432629600464271569e+00
1.690346245716240592e+00
2.139341327530531967e+00
2.775847336205613747e+00
1.590276309808141386e+00
2.216971883217347283e+00
2.284377299399125150e+00
1.961276171520388356e+00
1.357380919328467161e+00
2.543094180061240994e+00
2.360036056118280712e+00
2.175998674539881605e+00
2.776188335848699840e+00
1.135290315543065365e+00
1.205598692768345082e+00
2.005984265793679278e+00
1.816479389942494693e+00
2.409771090785193692e+00
2.730863089698354784e+00
1.525342892085877589e+00
2.655954516859274861e+00
1.439550303259546915e+00
2.590957389640474950e+00
1.831548834537253478e+00
1.929715535206038002e+00
1.277765157331843371e+00
2.304786729209872043e+00
1.577004629764960253e+00
2.756865686191432907e+00
1.727232064858840843e+00
2.319402505092913014e+00
1.674320761332817487e+00
1.174095968080606012e+00
2.082038023970127050e+00
2.188632063445516085e+00
1.679425966832895689e+00
2.088307557250791646e+00
2.714577669787586522e+00
1.295064332690282649e+00
1.879046868083963373e+00
1.142253201169819210e+00
2.722462965302031357e+00
2.052614956345676589e+00
1.934566774143679391e+00
2.329151809425503039e+00
1.751479110274741569e+00
2.442330485069333257e+00
2.171877628952961103e+00
2.007746571687385906e+00
2.189273159111841061e+00
2.642742393661883682e+00
1.954314420509696504e+00
1.345518785808247353e+00
1.933920371746226996e+00
2.148116334661636095e+00
2.173005771184432611e+00
1.115396475562339562e+00
2.052879108307253286e+00
1.736353418557382566e+00
1.657850047757976508e+00
1.696518920467978475e+00
2.196551531453890593e+00
2.725285486071744145e+00
1.782042129726682855e+00
2.077782804986773701e+00
2.007857647525076228e+00
2.293440436085799394e+00
2.519512130674860906e+00
1.626130189203259580e+00
2.060153418659114166e+00
1.425505617065068842e+00
2.372815415463085387e+00
1.433550242499642691e+00
2.116411356882813344e+00
1.531144796685910414e+00
1.987340521245382963e+00
1.583371563662332893e+00
2.218105200339463234e+00
1.490978540464624524e+00
2.012901570254810757e+00
1.706747870750300322e+00
2.454480665220158286e+00
2.073618405944940513e+00
1.416880870023066841e+00
1.601063191565920141e+00
1.501959662383688610e+00
2.263735423410919267e+00
1.580279295592675437e+00
1.442366059615439067e+00
1.730189519278834354e+00
2.501358192442828532e+00
2.024176352002120538e+00
2.811615401594092845e+00
1.861199478302809851e+00
2.400225773656265105e+00
1.913282773094357125e+00
2.234806534768861486e+00
2.013254976049739131e+00
2.031097821818998561e+00
2.123863531624318846e+00
2.587745853823340880e+00
1.927721422996219847e+00
2.051517080009122473e+00
2.225508977107037545e+00
1.926777474796230738e+00
2.262522996911498829e+00
1.687585748182629075e+00
2.120478474598943563e+00
1.983217221703989619e+00
1.944060707753608064e+00
1.763303082181475467e+00
2.034823959543262895e+00
2.506247865456778356e+00
1.997847998900902811e+00
2.798261830308788056e+00
1.952336330207498305e+00
2.637297088359370711e+00
1.636542860641374775e+00
1.922948931570143349e+00
1.945276957063684087e+00
1.503625331495184403e+00
2.361585176545399456e+00
2.279205884386558356e+00
2.358021541609145011e+00
2.181041204899513808e+00
2.128238772814535551e+00
1.491039078783210403e+00
2.552774902271279345e+00
1.781493464842850649e+00
1.959447973377611119e+00
1.302781096896459045e+00
2.445369817976584592e+00
1.760866030529709914e+00
2.772093495872272939e+00
2.094968431943486920e+00
2.693942974610926910e+00
1.700875028384395193e+00
1.236615316078106819e+00
1.343032207036330750e+00
1.550581544664694666e+00
1.453108981053692128e+00
2.327998825397610272e+00
1.691357865331588162e+00
2.156586416945018403e+00
2.315040285470279180e+00
1.861522323595787620e+00
1.671152311139511237e+00
2.342208252063730622e+00
2.355706107385831416e+00
1.733755312523565628e+00
1.831010201540744120e+00
2.305128314617358676e+00
1.769897830762161561e+00
1.946017964695783586e+00
1.852781649176403977e+00
1.928002550945242310e+00
1.136177749886601251e+00
1.349702065885417079e+00
2.131346665509628480e+00
2.578626079061349330e+00
2.325819338172672612e+00
2.294591004824072300e+00
2.276921577095988525e+00
1.048439055493584515e+00
2.329807444028053176e+00
2.295658813687651900e+00
1.882242378186126386e+00
1.802817643015380611e+00
2.050586152780616622e+00
2.235050729877714026e+00
2.067291987592124514e+00
2.469958464594228076e+00
1.944236191221109245e+00
2.317105539424201943e+00
1.612241704452761937e+00
2.483319607455042544e+00
2.366222655191534407e+00
1.435964340918097548e+00
2.150784002311806109e+00
2.543991885680327414e+00
1.966952342038855051e+00
1.200562645191497468e+00
2.391490806291592719e+00
2.197567421322648151e+00
1.844757582031329335e+00
1.601572888089068725e+00
1.501125160934952740e+00
1.546628058050987464e+00
2.023611086609963028e+00
2.622589730198194857e+00
1.713186118333867913e+00
2.285593495999123537e+00
1.898358187923430140e+00
2.678515264237560700e+00
2.348007914821226283e+00
2.369948018001332812e+00
1.805257809656799495e+00
2.128056098932360030e+00
1.794129087496331820e+00
1.947950608353506530e+00
2.401145700711643016e+00
1.542411832785512971e+00
1.973445340211721355e+00
2.692522394775123118e+00
2.223701770716243420e+00
2.470121358120939359e+00
2.430032703367046132e+00
2.007038712686899373e+00
1.740203956077994052e+00
2.461940970573645249e+00
2.496626641205845765e+00
2.139045286174359184e+00
1.613816188593503398e+00
1.944099525136641748e+00
2.558004100547226933e+00
1.562925446907527105e+00
2.624908432265915081e+00
1.478249338564915805e+00
1.942249486463757613e+00
2.092204144058756654e+00
2.562697824593314966e+00
1.346889075166404215e+00
1.983369523042131322e+00
2.359727277590040195e+00
1.848810041657690029e+00
2.407464390120877873e+00
1.914147324924478477e+00
1.376175290754767522e+00
2.547614629315047896e+00
1.844280975278483892e+00
2.669011707232866293e+00
2.673055921805991719e+00
1.618745981422973657e+00
2.134582165799603359e+00
2.262295853200393836e+00
2.597633042748773935e+00
1.564141319514344541e+00
1.900191889496849695e+00
1.424299769342908695e+00
2.159430467554980027e+00
1.665950819913957215e+00
1.984922871438990821e+00
1.109617979913602559e+00
1.773021732523007987e+00
1.257133666260527027e+00
1.821965534617949967e+00
1.941549583894277786e+00
2.562933362160117134e+00
2.064655807168786161e+00
2.251801547668573988e+00
1.879404934395691118e+00
1.937651171629642732e+00
2.041175289597302989e+00
2.604756954036384187e+00
1.520862655058301982e+00
2.206421380557042511e+00
1.871935393832082406e+00
2.124714525749459959e+00
2.103660517149950504e+00
1.813599330057222625e+00
2.071525436348021110e+00
2.846751742033571730e+00
1.762511592613354772e+00
2.382485711602804646e+00
2.254835681278426485e+00
1.948134636228461947e+00
1.793170457527038408e+00
2.148104777476613769e+00
1.843500196469811669e+00
1.612532982355275868e+00
1.672309727979203409e+00
1.593940207749603211e+00
2.218434247991138086e+00
2.465904001383615096e+00
2.823958038172295737e+00
1.583829170095530481e+00
2.580983341375469475e+00
1.874624124163942529e+00
2.356698405018115228e+00
1.777732184939138538e+00
1.782347418782732618e+00
1.654881283232212397e+00
1.587853198175743330e+00
2.527640478760901033e+00
1.865922205433402592e+00
1.892721761048571594e+00
1.326369077823767784e+00
2.636361148267516441e+00
1.685057983866168119e+00
1.297873438260636947e+00
2.799811220157319980e+00
1.798705136637570812e+00
2.340732299500588809e+00
2.156717846580096687e+00
2.154168310857402346e+00
1.553249531575179088e+00
2.476354394186946806e+00
2.501410669241963536e+00
1.619902013107173966e+00
1.480250364944820429e+00
2.220807461235563718e+00
1.967339000210526212e+00
1.843338379473002053e+00
1.864107476198720637e+00
2.274508747627892458e+00
1.878848044724727107e+00
1.504061305166737972e+00
1.477280216312834016e+00
2.443971386118526823e+00
2.128853894897466681e+00
1.639649428236119366e+00
1.592380737561995829e+00
1.684229066738113456e+00
2.309479643497326151e+00
2.422030851425917231e+00
1.954006010723936537e+00
2.329189884557277601e+00
1.261317824191238390e+00
1.502077704794957835e+00
2.037282328408871912e+00
2.686256479569252065e+00
1.996880811424568414e+00
1.773008616728109166e+00
2.164871976213275317e+00
1.884371471129715259e+00
2.284150531170983989e+00
2.297054997917969299e+00
2.784310660723417818e+00
2.790179873415743472e+00
2.451037324052860455e+00
2.212532886265848653e+00
2.180425112849830427e+00
2.180471433908810486e+00
2.054735132471989800e+00
1.851218047018921453e+00
1.525311034878542360e+00
1.607284036945399341e+00
2.768697682347045941e+00
1.621251498755631015e+00
2.581003045787609196e+00
2.163240718873872925e+00
2.098317734976034910e+00
2.292547606886458311e+00
2.041853080742803250e+00
2.366745318654585262e+00
1.880034966626721094e+00
2.163667363828129631e+00
1.739958424028456019e+00
2.105249529996422897e+00
2.332173486962208386e+00
1.795732301369247441e+00
1.906564832318660585e+00
2.383999031599563612e+00
1.884154902407710885e+00
1.234359422611881030e+00
2.058809586151062465e+00
1.761525555734463566e+00
2.028738266734900986e+00
1.827581405524198122e+00
2.660974585446071128e+00
1.727072382122468053e+00
1.710794596738180573e+00
2.127015235323285847e+00
1.183637450996251950e+00
1.991093650433765738e+00
1.802993594548613743e+00
2.495825793373930512e+00
2.472002030667005634e+00
2.171110254342043966e+00
2.266136783503834184e+00
1.697378843562387774e+00
1.926745124182888791e+00
2.444285408179541541e+00
2.377372454622272535e+00
2.133824632020226986e+00
2.119278569063141049e+00
1.332810600196218553e+00
1.719313636074838669e+00
1.439652075310962287e+00
2.882704047136282810e+00
2.134551407370250509e+00
2.707363692164813429e+00
2.734896955685814035e+00
2.151506037117353998e+00
2.193024694040041744e+00
1.797958640250018059e+00
1.438098381561977002e+00
1.869291846908617938e+00
2.214858755917588073e+00
1.956789291101321382e+00
2.492898992764283506e+00
1.370658838605605778e+00
2.126989637385923615e+00
2.256364374310559917e+00
1.316243852128038405e+00
2.121611036201740852e+00
1.962673053730723538e+00
2.511701101365206412e+00
1.414952277190536067e+00
2.136947930970001686e+00
1.964144660543625909e+00
1.766944503643361752e+00
1.314059138768937762e+00
2.097678221264105414e+00
2.447977768589634451e+00
2.719964226331845758e+00
1.480434831361737924e+00
1.827379534314308884e+00
2.193443737752594380e+00
2.841074822421530754e+00
2.675123899008885253e+00
2.328368530780464685e+00
1.814989099298179642e+00
1.985646916916650184e+00
2.558807516881463240e+00
1.933402425310136952e+00
1.777606234931778495e+00
1.955945840376121847e+00
2.556229490626126477e+00
1.526139724112002050e+00
1.984134210915754926e+00
2.200007806801179910e+00
2.647554269411660499e+00
2.029265180032872706e+00
2.213890279912265946e+00
2.355566107661927866e+00
1.967095882816733310e+00
1.664813070012936436e+00
1.946956209879443733e+00
1.415393892257787112e+00
1.891398238950283694e+00
2.771550648971173203e+00
1.670901901067602502e+00
2.562913990321652236e+00
2.354997689417979601e+00
1.610128665408266713e+00
1.983821011173156901e+00
2.010704197376140812e+00
1.581755815366860274e+00
1.895002286570272254e+00
1.642108770363940096e+00
1.667717269288422122e+00
1.834649867741422025e+00
2.350386912256174465e+00
1.633135107874530645e+00
1.928022987905725794e+00
1.713188790420700602e+00
1.767699069886591978e+00
