2.294970386503482285e+00
1.951114507884804894e+00
2.260986675627020936e+00
1.549575275067911706e+00
1.901865649845899675e+00
1.722714077803910504e+00
1.812593069296221326e+00
1.943673513066926706e+00
2.675636789872893218e+00
1.657114055394210972e+00
2.455539508768228352e+00
2.423400462377995002e+00
1.679678145443173731e+00
2.413624987146822942e+00
2.161460403249094497e+00
2.559505132841117359e+00
1.439824185943361812e+00
1.842458591149625624e+00
1.684637392106760778e+00
1.444874557199510967e+00
2.453175595106888540e+00
2.420992354665295387e+00
1.585040337626874907e+00
1.983453568748312357e+00
2.640915515431012661e+00
1.871475448564037691e+00
2.330392152672845274e+00
2.035930979528773666e+00
2.222970690351369960e+00
1.637220281733648530e+00
2.374910644365721524e+00
2.579685310250073194e+00
1.365183598701766199e+00
2.166298259031856244e+00
2.593175821958438210e+00
1.658166385760155848e+00
1.982203734668003925e+00
1.954326826197398059e+00
1.880654170277907156e+00
1.468337853041919105e+00
1.901129934451241787e+00
1.956685939765543614e+00
2.476930976233977511e+00
1.473019779288457176e+00
1.879737144297948914e+00
1.607024176410207339e+00
2.331352324577310675e+00
2.401684005010729539e+00
2.212232032579978025e+00
1.991683803969717337e+00
2.109054990979839506e+00
2.576518852543240978e+00
1.426610864206753426e+00
2.716924569715120974e+00
2.067546627494939226e+00
1.615814344582584550e+00
2.345491297567992905e+00
1.651934469897291535e+00
1.832320140363125960e+00
2.076879682290527107e+00
2.018799900686395699e+00
1.562325183377906157e+00
2.189024871718703746e+00
2.377417378151553962e+00
2.218450330627721900e+00
2.072976350813684476e+00
2.096151294868743520e+00
2.130990781715898397e+00
1.480978515234364856e+00
2.092333462433797919e+00
2.402761562572174991e+00
2.271632021934644641e+00
2.247024649288856590e+00
2.254916156926149995e+00
2.020641586743428864e+00
1.130592682762400880e+00
1.345099701294540706e+00
2.351084474939500346e+00
2.713067391856828436e+00
1.765589227598864275e+00
2.092707073695934561e+00
1.665614377750866515e+00
2.601513670940899470e+00
1.521335750408498999e+00
2.275342708857889029e+00
1.818423304825089293e+00
2.038448970439595165e+00
2.389668494672553045e+00
2.694626525133217765e+00
1.285899858075272739e+00
2.356901977194013398e+00
2.099105962378927437e+00
1.477669605514301931e+00
1.841363557226073588e+00
2.087512640622110283e+00
2.408172286030402454e+00
1.962880355775849628e+00
1.934718592249694780e+00
2.173679762596408160e+00
1.483892427126389357e+00
1.536504112460674865e+00
1.966556460364152770e+00
2.230906418187227125e+00
2.116527008839626411e+00
2.277855974058200950e+00
2.067920218676234434e+00
2.065065748431985426e+00
1.671303712758442916e+00
1.926508576956236229e+00
2.395260480439690198e+00
1.992813869840960539e+00
2.306604510645045902e+00
1.099108522550370726e+00
2.119972235220024537e+00
2.205887359068934739e+00
2.072259944916834407e+00
2.040181682022302212e+00
2.534340114290201562e+00
1.926754427712019657e+00
2.397863886302187275e+00
2.025111649054082807e+00
1.176556911010346429e+00
1.396737123116221779e+00
2.282932288128707299e+00
2.458921584183419551e+00
1.903981500812786720e+00
2.532489775387523068e+00
2.647260712617981682e+00
2.050494793943338223e+00
2.044036111422548707e+00
2.109003403980449498e+00
2.394441442894443384e+00
2.020385880696903058e+00
1.640358932876477382e+00
2.593977168696337987e+00
1.278366589903448203e+00
2.581555489095294309e+00
1.803037287968009661e+00
2.068360296020562039e+00
2.054071823637736216e+00
1.541338233337365082e+00
1.617366647915915445e+00
1.244245714035316475e+00
2.569696781516837003e+00
2.179234603547954841e+00
1.488908356464429206e+00
1.937468872572307932e+00
2.078163268082351856e+00
2.345371121183366103e+00
2.277783191514996197e+00
2.847262396969711951e+00
1.574060919044063755e+00
1.792510517934221781e+00
1.857662940528237439e+00
2.480530448762620743e+00
2.260539581352037253e+00
1.815280343991556800e+00
2.396036400696984536e+00
1.582218367314355500e+00
1.302168568124764336e+00
1.726941567184907544e+00
1.396937307014822549e+00
2.475259497017856969e+00
2.593699786528231410e+00
2.374209375093243146e+00
2.329984623155025858e+00
2.435182360683269209e+00
1.838987664884174311e+00
2.119685730004247759e+00
1.940938350765539111e+00
1.734902831083202202e+00
2.062224718110309496e+00
1.811239932991927315e+00
1.999397362020032709e+00
2.477295950234572608e+00
2.196923060337720557e+00
1.714101521180102727e+00
1.412307962761552016e+00
2.681160756049143057e+00
1.588908791109093777e+00
1.144901786739502825e+00
1.870974995209552905e+00
2.143081126002413406e+00
1.609449686695611170e+00
2.077642817782772156e+00
2.098573370582575315e+00
2.137203143136405359e+00
1.833389483617356097e+00
1.730918540434485564e+00
1.983780067522333379e+00
1.807642839420540604e+00
2.715493513909143619e+00
2.737671077038078771e+00
2.736741794156970720e+00
1.592763629999691233e+00
2.408734978900572532e+00
2.106747570539592385e+00
2.382571776305161926e+00
1.386592533958494577e+00
2.610844142810617718e+00
1.499285317103750570e+00
1.671792373413055754e+00
2.310592467261262328e+00
2.661609457272817281e+00
2.045383711703087304e+00
1.773631144598044607e+00
1.331920890445071892e+00
1.887375218177266278e+00
1.639762843044904272e+00
1.981406833592047168e+00
2.455991470701055501e+00
2.384877146195437891e+00
2.064085442427162853e+00
1.080478458252210894e+00
2.705361024009803828e+00
2.406069244715764555e+00
2.475256021577456167e+00
2.326483230022827531e+00
1.266039092304101388e+00
2.458762410566510681e+00
1.817445166125271516e+00
2.631582738146416744e+00
1.172188830416043270e+00
2.416475895991950118e+00
2.105954166701233365e+00
2.286551238823370635e+00
1.903019113734206957e+00
1.645165260687425857e+00
1.806936819196375943e+00
1.713449239327652140e+00
1.934662995691606602e+00
1.907842160447215329e+00
2.337809866956374716e+00
2.572378986532447342e+00
2.075351305901276255e+00
1.329627647169886240e+00
2.004453686926628730e+00
2.150612243265797030e+00
1.807845136914539630e+00
1.848612544290136883e+00
2.362206843953599922e+00
1.940995322731667638e+00
2.512490716930187773e+00
2.191748799012846138e+00
2.086944109479662579e+00
2.643492788718685649e+00
2.359445313591552740e+00
2.830550479572257139e+00
1.892573559682547701e+00
2.416960254262746854e+00
2.425732669216464021e+00
1.377651977191867605e+00
1.655565657401153468e+00
1.514245429818588562e+00
1.962805641190476180e+00
2.263272638900662326e+00
2.271781309763281520e+00
1.577578226595688582e+00
1.986612260607938829e+00
1.922342975770500395e+00
1.866406241642073471e+00
2.198961246239847345e+00
2.528616105868689345e+00
2.324964567593264420e+00
2.085933949320506020e+00
1.989835876781106183e+00
2.066561627642480747e+00
2.121622318090930381e+00
2.177667502405613575e+00
1.972162373224579213e+00
1.262995789823901482e+00
2.342681584360369218e+00
2.390569061414647756e+00
2.241726391091023451e+00
2.185217407292025626e+00
2.086733016598120827e+00
2.208700380322675016e+00
2.476513871058021010e+00
2.774360285490091727e+00
2.034205958148649351e+00
2.190384651414214900e+00
2.678711234664238106e+00
2.768411526618856477e+00
2.354428559502306229e+00
1.832391407597104838e+00
1.796395309038699928e+00
1.685218887671728671e+00
2.700528838489031802e+00
1.963693435739257032e+00
1.588549213464315546e+00
1.175693427374090216e+00
2.126141227786637167e+00
2.102711408357829104e+00
1.565429194794916157e+00
1.688304311815809866e+00
2.201348155426472442e+00
2.434826716328418073e+00
2.248820317376766020e+00
2.009789188370582291e+00
1.921912795074134817e+00
2.327262926969044798e+00
2.449556762913077890e+00
1.581466931158481692e+00
2.455573047986864488e+00
1.955061380774961721e+00
1.626709086097263501e+00
1.828087269983169394e+00
2.007806005045177145e+00
2.847072598728209059e+00
2.942604909732512652e+00
1.742963099352926148e+00
2.333417771430245757e+00
2.225072285345618184e+00
1.165775369519298499e+00
1.573567895269861960e+00
2.350298588067547989e+00
2.314319131926122708e+00
2.470060504530376289e+00
2.679752130143418398e+00
2.536447470599979326e+00
2.512084272559287790e+00
2.363296411425440002e+00
1.677947788656053429e+00
2.371741841276800766e+00
1.865063581053358455e+00
1.610831932016337564e+00
1.641698844944500690e+00
2.501689972182092880e+00
1.774163638180125568e+00
1.689569935765994346e+00
2.390792387885786852e+00
2.159823994907420719e+00
2.156447713836459723e+00
2.409618509489819260e+00
1.928754934031349233e+00
1.860242787768885186e+00
1.754171636111790722e+00
2.346185441233340274e+00
2.172354772914698806e+00
1.659691814313590807e+00
1.611659459466346478e+00
1.595301956247841435e+00
2.018519776216570527e+00
1.890960129990881811e+00
2.747492466628115526e+00
2.127878853994562114e+00
1.731629234117967542e+00
1.781907558422155979e+00
2.706410024867859754e+00
1.632010628728138624e+00
1.958723821069725535e+00
1.592752608576989637e+00
1.730644849619854320e+00
2.685531239523083258e+00
2.521827625576753107e+00
2.511340041777198273e+00
2.389787203029645202e+00
1.879975772546397472e+00
1.512637756623054885e+00
2.093863544772823992e+00
2.615275963223272271e+00
1.920756285526932006e+00
2.140862678423624654e+00
2.470818814490599369e+00
1.784428369473163523e+00
2.181313856947859620e+00
1.711571879056888346e+00
2.098031890444598702e+00
2.201424366385510201e+00
2.128798840207529963e+00
2.323902543198624215e+00
2.464332805609202204e+00
2.089865240182888773e+00
1.797626332060565657e+00
2.361876029975039870e+00
2.191525318040135062e+00
1.218288084783881509e+00
2.672459245708108888e+00
2.631297874311645302e+00
2.291899679992579486e+00
2.177634737507958551e+00
1.665926976423928618e+00
2.036424036580483765e+00
1.618037870651606092e+00
1.944348144035166204e+00
2.775938898479264338e+00
1.534680065420106043e+00
2.066194342153155894e+00
1.822396261765495185e+00
2.396655779569625722e+00
2.220885959422098210e+00
1.675062917490246495e+00
1.999257809527551943e+00
1.161318594093877499e+00
1.999726030941057164e+00
2.515753302514130318e+00
1.879181183655840304e+00
2.743612143891281718e+00
2.182412270470632354e+00
2.603503155787640022e+00
2.059733569855454860e+00
1.728883025852674837e+00
1.991833978405210592e+00
1.813856028872826931e+00
2.062102992517625299e+00
2.508713023704872924e+00
2.526631649610959762e+00
1.671788637896099772e+00
2.402431638968178795e+00
2.368583631305397841e+00
1.681393238549592439e+00
2.207642189838414204e+00
1.860622682847701270e+00
2.379937077345185337e+00
1.985856868488819371e+00
2.749975881408907696e+00
2.558569584293708843e+00
1.953694199836067513e+00
1.726717203540901968e+00
1.605398233896624394e+00
1.943282948628972662e+00
2.578765834427744874e+00
2.613889698210906776e+00
1.675828511219500605e+00
1.736613482974735057e+00
2.464769550943493037e+00
2.148153905176345191e+00
1.746044251753475107e+00
2.816326993239051113e+00
2.554743968893941286e+00
1.674526588963549667e+00
1.557557818673907413e+00
1.994842189188867465e+00
2.795660552878555194e+00
1.609715272757614279e+00
1.513654297440121699e+00
1.049542638757935631e+00
1.480636979392467634e+00
1.942087554807092609e+00
1.459966176554871709e+00
1.710074929417361389e+00
2.093546887804140333e+00
2.489159876497595292e+00
1.479699932870835566e+00
1.880510901338148688e+00
1.530507606302542456e+00
1.730677005950503666e+00
2.344979859190321925e+00
2.686098724027986329e+00
2.152465731488168998e+00
1.799575500205413459e+00
1.586035853369012649e+00
1.321429229725147758e+00
1.219187973007159309e+00
2.226073077846146830e+00
1.652491373662824614e+00
1.587242864516263730e+00
1.990497675816373935e+00
1.989439015513426057e+00
2.101033807751353066e+00
1.923763988716748585e+00
2.462351643347362007e+00
1.975891033199835611e+00
1.828389495188071923e+00
1.475770792152380606e+00
2.170354488800620985e+00
2.449590067392875437e+00
1.327151387559222018e+00
1.664552719905948219e+00
2.100832274219010642e+00
2.751874887508529266e+00
1.731404140338207664e+00
2.571455432902647331e+00
2.024447729874223612e+00
1.681280869449713222e+00
1.533779887401099273e+00
2.260695842351614804e+00
1.814218390666079372e+00
1.990448712644587115e+00
2.784915855264855189e+00
2.245469215859988488e+00
2.320149146106914806e+00
2.781023849367465495e+00
1.569862429207717902e+00
2.571267292099057578e+00
1.402949990204628072e+00
1.490891872464325196e+00
2.172420093384843653e+00
2.589708392602369180e+00
1.432291803952147946e+00
1.726745391469305169e+00
2.122141931682631544e+00
1.672174230113333770e+00
1.686131156980112511e+00
2.583085739335463593e+00
1.977420466688872835e+00
2.765990548689150508e+00
2.172083723946942158e+00
2.139436364601654095e+00
2.375271028284240415e+00
1.635068274258897336e+00
2.115547719014542860e+00
2.173096974688482508e+00
2.379905760319126706e+00
2.120230813668414704e+00
2.411381529177067939e+00
2.480470202020023773e+00
1.552501303290805490e+00
1.697608409553616804e+00
2.404768454890012563e+00
1.363624970587701268e+00
1.841944803142262721e+00
1.488889287469442602e+00
2.080298664902365591e+00
2.397017332621832253e+00
2.396383326554551552e+00
1.697775229629022942e+00
2.061134422781082165e+00
2.395441302728791300e+00
1.772885942224932343e+00
2.780975281759583861e+00
2.457083302857712592e+00
1.286498286582566042e+00
1.611516077119551360e+00
2.507457849270867012e+00
2.768906505603433210e+00
2.779372812423150485e+00
1.422143266682083018e+00
1.453198263624875031e+00
2.016938940601227692e+00
1.525103130636995541e+00
1.517882987293969421e+00
1.793148517350760418e+00
2.073683362123386775e+00
2.247366984403497803e+00
1.354699519566291199e+00
2.110364020268975516e+00
2.400532460329336093e+00
1.462946131236985803e+00
2.211039743762257093e+00
2.720122731339009725e+00
2.838874969507745760e+00
2.504241480847452461e+00
2.515882367508520012e+00
2.536003550264998907e+00
1.972405347366935402e+00
1.614202365264492567e+00
1.266638566875066818e+00
1.389965827249240338e+00
1.344643048346361169e+00
2.883247948455417653e+00
1.304894056749617004e+00
2.261555610390919568e+00
1.296059858708644708e+00
1.961301245101494395e+00
1.715098169501388270e+00
1.903449430436228607e+00
2.255202520500987795e+00
2.782300692623920657e+00
2.450881669323535128e+00
2.228816312426884494e+00
1.762055441232806219e+00
1.922643001544353858e+00
2.133356225157290620e+00
1.396851977619350205e+00
1.850521701829434207e+00
1.792835676740029971e+00
