2.168650740074191674e+00
2.196986564337868764e+00
1.641760077223348713e+00
1.784821076780156890e+00
1.783738851208584997e+00
1.648348054493878223e+00
1.926777365997257796e+00
2.259171969564347293e+00
2.459965063405999963e+00
1.593089581160208823e+00
2.775494125010827595e+00
2.333950702119770959e+00
1.728489019825298900e+00
2.716790927394055366e+00
1.896592221827969826e+00
1.703988005489638136e+00
1.533415910043844255e+00
1.453318834345660671e+00
2.497067866546470505e+00
1.745337324292709713e+00
1.498033050830539281e+00
2.270449766467242725e+00
2.105396878355712431e+00
2.241306749364014195e+00
2.522886400337760016e+00
2.230327333784548394e+00
2.413292343011751218e+00
1.822128234532065072e+00
2.604295307550822169e+00
1.526276811397856203e+00
1.807779951503093452e+00
1.928363128269941162e+00
1.866770943115699133e+00
2.480937969675929722e+00
1.670104281497903909e+00
2.763633389275086394e+00
2.363962472711170548e+00
1.686322011368766693e+00
2.367347625518484211e+00
1.900314702904992048e+00
1.542832726600468884e+00
1.916060865328692575e+00
2.537327288654877222e+00
2.745615811054949784e+00
2.217879786713964130e+00
2.014724529743815218e+00
1.862996814673901769e+00
2.168238314391978783e+00
1.981312302208827258e+00
2.253780913694207300e+00
2.416798396530934756e+00
1.186558806084384576e+00
1.430467847339931708e+00
1.901621763567598933e+00
1.276808967012356577e+00
1.969672384361786044e+00
2.391602055175481745e+00
2.125270478105330429e+00
1.712590117596527239e+00
2.045429409598275683e+00
2.357547653381181441e+00
2.225817275212171431e+00
1.754571193163835474e+00
2.331169838879740830e+00
1.858998052477448759e+00
2.142179484616034912e+00
1.741416609358445777e+00
1.486570810238854623e+00
1.580164283081173959e+00
1.229793694703454232e+00
2.174640464717199517e+00
1.404866271670868638e+00
2.610999615228522863e+00
1.775672109305552304e+00
2.463330131609945628e+00
2.108018395252321930e+00
2.424959253021590655e+00
2.296572739254322926e+00
1.631957206079318379e+00
1.278099681701515333e+00
1.713025238292481101e+00
1.848670785355019497e+00
2.106131612284162902e+00
1.658510638608768240e+00
1.681029579642903560e+00
2.228076563918667041e+00
1.537568016194868159e+00
1.645338321505988688e+00
2.018256528877715894e+00
2.485254650061452075e+00
1.662793238510528626e+00
1.798709063042356782e+00
2.429122010588573133e+00
1.710877051748554090e+00
1.582933533910259705e+00
2.703998732853221121e+00
2.064083608816336568e+00
2.584035615351706561e+00
2.031489567622883463e+00
1.384531243201626349e+00
1.347459539630806002e+00
1.613014535429645679e+00
2.429307547804520517e+00
1.878607540217356764e+00
1.742579572421843581e+00
1.824966820529297262e+00
2.621911710030034648e+00
2.377927356886455179e+00
2.165429940034570677e+00
2.546125225750714094e+00
1.730398565330468763e+00
1.384937168903723315e+00
2.583598545237177468e+00
1.870114983756578031e+00
2.390358790171612569e+00
2.430582891360022479e+00
2.330660305576005342e+00
1.365679983428856659e+00
1.141273034510635886e+00
2.223127181656712636e+00
2.078271483814671861e+00
2.361433169295593437e+00
2.250303029348361683e+00
1.529001100453221129e+00
1.078712180325703596e+00
1.211864224834565906e+00
2.533592232603370853e+00
2.510415107300020043e+00
1.726534637654181026e+00
1.777354487781870329e+00
2.262700197746904784e+00
2.027771703033454109e+00
1.671564070813071679e+00
2.882489816927919168e+00
1.438785047527277428e+00
2.308509470021614440e+00
2.331044342254775525e+00
1.396678694667200071e+00
2.586736838236095792e+00
1.501961235718283882e+00
2.473092821155172594e+00
2.743060341505408228e+00
2.293520586920390514e+00
1.897878481704476483e+00
2.277838869024924051e+00
2.552297503043004845e+00
2.430864700668106337e+00
1.590792718509885351e+00
1.812266167157575047e+00
1.729787965452863618e+00
1.557110798434450327e+00
2.369764059294957814e+00
2.620328062698916494e+00
2.313884206481298556e+00
2.576183081841364242e+00
1.689697048738165730e+00
1.453946388531290657e+00
2.410401494962852276e+00
1.948971692780726794e+00
2.337678386154435017e+00
1.959833560840196665e+00
2.186737995070981988e+00
1.837351809320567853e+00
2.583794922203855648e+00
1.556432036458740065e+00
2.240980742775744439e+00
1.852208059734756329e+00
2.410742832846430872e+00
2.014558358266895333e+00
2.766275050456093343e+00
1.485071210839798539e+00
2.686154965611040168e+00
2.623424717151573216e+00
2.584190423888026888e+00
1.779287082326100222e+00
2.200323088229456214e+00
2.381646108435107045e+00
1.868680004194303468e+00
2.192325402316104732e+00
2.302700002770048382e+00
2.312864537403828802e+00
1.570021934170710232e+00
1.154483109737113544e+00
2.776848312837677746e+00
2.494809793615490712e+00
2.561063835483782469e+00
2.032757784016537173e+00
2.115595134999669114e+00
1.768973913055233105e+00
2.286024016140211224e+00
1.256139307862996102e+00
2.341422333340827500e+00
1.605206476165533136e+00
2.340838555925533804e+00
2.110875077130998978e+00
2.123810301763338515e+00
1.652237904346604891e+00
1.834794663979574247e+00
2.511285708243781389e+00
1.794159973716365375e+00
1.692094365735359762e+00
2.036228761149088129e+00
2.038568512918200959e+00
2.207530469989889887e+00
1.467305292076906298e+00
1.764139328144133323e+00
1.397033125507854079e+00
2.106156410022010483e+00
2.047972169884494598e+00
2.208412332532850186e+00
1.922923970115510528e+00
2.006868553550130940e+00
1.927350085892875819e+00
1.612765133538248019e+00
1.912177372743348647e+00
1.168313362538031752e+00
2.447142320009302541e+00
2.133875035655899310e+00
1.770006635186820887e+00
2.451778931608997514e+00
1.371429831217867212e+00
2.187466959227768903e+00
2.590840437979154309e+00
1.616740452085250634e+00
1.784607386169841270e+00
2.479190989499350017e+00
1.786416023182976431e+00
2.670067000429194870e+00
1.993151574722396457e+00
1.972681688893178631e+00
1.763804560041052794e+00
2.166820234379859933e+00
1.529754947409625032e+00
2.137657501961131246e+00
2.417932201772427625e+00
2.213825699514382350e+00
2.164695276921478229e+00
1.988119472452360981e+00
2.056146941732050593e+00
1.357450723891506339e+00
1.478848650246005203e+00
1.675279836348114504e+00
1.925788172510676688e+00
2.015139662292853018e+00
1.570653016837284532e+00
2.648018564866934099e+00
2.251852869265448476e+00
2.505257898123224081e+00
2.293491812197444801e+00
2.106266813858658438e+00
1.923292844414680847e+00
2.196126258104481366e+00
2.081407975157537393e+00
2.465796221313637293e+00
2.429575080720233426e+00
1.583998665316880494e+00
1.976927585365409801e+00
2.517219819657568358e+00
2.133660862721071361e+00
1.731474318392530076e+00
1.071620080473354442e+00
2.213628438349647176e+00
2.243459529026307742e+00
2.274489810612915441e+00
1.882139367585864864e+00
2.056682731638447503e+00
2.503123386955859786e+00
1.193686922238282211e+00
2.124792433342702846e+00
1.823866660626867642e+00
1.772037199315040557e+00
1.312783751376921604e+00
2.243806488292769963e+00
1.488203121308792287e+00
2.093982173990227569e+00
1.825197522826501828e+00
1.965633897736652758e+00
1.654064771456758010e+00
2.332690362206360390e+00
1.527435817065727175e+00
1.393218288800337934e+00
1.727255854941465163e+00
2.932350975721887743e+00
1.862201788518142553e+00
1.830923680800174314e+00
1.902165913608906855e+00
2.086571965636351500e+00
2.140998331325531190e+00
2.092881064535870195e+00
2.660861187658633220e+00
2.866170077454118115e+00
1.782526440386309030e+00
2.769088085632029461e+00
1.418646459079521582e+00
1.688740991862638596e+00
2.504027247674353696e+00
1.731897038337182337e+00
2.631944043858974513e+00
2.656433297281527217e+00
2.279524079697158534e+00
2.085437237300187263e+00
2.474107743908003254e+00
1.437510010595919319e+00
2.368545644749362467e+00
1.744672959233902310e+00
2.657034399860668472e+00
2.214751473626000777e+00
2.207572935849407614e+00
2.748428085431704915e+00
1.764463800412361394e+00
1.506784323556813909e+00
2.438196774867896544e+00
1.662672670006710707e+00
1.702706584903688647e+00
1.716273132624425823e+00
1.994097719161525006e+00
2.144637984841722744e+00
1.962628665944353923e+00
1.245241156741380362e+00
1.794657571152519449e+00
2.053423427073620910e+00
1.851581863405800110e+00
1.517052560264340766e+00
2.263374046327967015e+00
1.915269872381822225e+00
2.272981372730422223e+00
1.502692978007169611e+00
1.497273549336679777e+00
2.392451904456958545e+00
2.530619992341948787e+00
1.653928465699434636e+00
1.995027612513544879e+00
1.466552639068658070e+00
1.774456700462748948e+00
1.324910516881985245e+00
2.088056598793491148e+00
2.231086358812117698e+00
1.968546622974903570e+00
1.995123904567979611e+00
1.431032238099845477e+00
2.920357303227458790e+00
1.628621518593675432e+00
2.171524053696217038e+00
1.490980589813353463e+00
1.805338922599616591e+00
2.000300586342131481e+00
1.590928927436818574e+00
1.982175456450293582e+00
1.700981491776184962e+00
2.065964698246174347e+00
2.262853740103075495e+00
1.932073359123202660e+00
2.127435472240255532e+00
2.532309519065703007e+00
2.244415013813254145e+00
2.064892097129960469e+00
2.610122114028349039e+00
2.044934212724661471e+00
2.434395652360012985e+00
2.043901168256846645e+00
1.692402055047974585e+00
2.688675525433845692e+00
2.199079037697990735e+00
1.913277516907965659e+00
1.744287342188838075e+00
2.953211592330970525e+00
1.828781766749049575e+00
1.676811533928706854e+00
2.513287218606380158e+00
2.241322468081927699e+00
2.038179889141557677e+00
2.056311758473368556e+00
2.080225177572367024e+00
1.429816203824397114e+00
2.012379495596761991e+00
1.395546332910867049e+00
2.058893615631196994e+00
2.452014545577928750e+00
2.899022642564323071e+00
1.120650526037357153e+00
2.289598740812456512e+00
1.599344031749561301e+00
1.852627571839365217e+00
2.340883994456583572e+00
1.459632181842507093e+00
1.870058483422741169e+00
2.414365716769058423e+00
2.188152385972641945e+00
2.275057998580650942e+00
1.403186337332110289e+00
1.874628271883813202e+00
1.891932717492909255e+00
1.976507764119848076e+00
2.579408863742132851e+00
2.338974889097469756e+00
1.774219784656928089e+00
1.915443173206581751e+00
2.550061202575299557e+00
1.982897229859117205e+00
2.145886828211430952e+00
1.793628332110458690e+00
2.277979363452009132e+00
1.349686950052776835e+00
1.676821027334805869e+00
2.325081166974259261e+00
1.333500185060853660e+00
1.988638422250718518e+00
1.725023353021464700e+00
2.183559756853763467e+00
2.448062356940033268e+00
1.282730772653755347e+00
2.672834301719169581e+00
2.531499235730877650e+00
1.231960704515599359e+00
2.393644622850055192e+00
2.529279450337366342e+00
1.447558863893397163e+00
2.069983448837402040e+00
1.908338343203775489e+00
2.053139067330368661e+00
2.165549895470761932e+00
2.430913248442418961e+00
1.880732916408347055e+00
1.931323077945251487e+00
1.964341089264066476e+00
1.368577225873866876e+00
1.456271057289089788e+00
2.079850664857077813e+00
1.462344161703350576e+00
2.162113084360173687e+00
1.731610938713990633e+00
1.834394652708566387e+00
2.121097667073745363e+00
2.811954287701508903e+00
1.861978898848399400e+00
1.798632339684015591e+00
2.623395026647493466e+00
2.104697730826400992e+00
1.410818741005487542e+00
2.258376375570946504e+00
1.889878260137482835e+00
2.110259965434352569e+00
1.939949424619393792e+00
2.119429758636627081e+00
2.274290582774484371e+00
2.141655425308809590e+00
1.711842558750030108e+00
1.596980975571049122e+00
1.308885579431374957e+00
1.953303788809173103e+00
1.323591105235420784e+00
2.778646643575850561e+00
1.835050112855471482e+00
2.392225118226952496e+00
1.683935723177906407e+00
2.552323568664839115e+00
2.371486586279765163e+00
1.709474729049331732e+00
1.426765832916158994e+00
1.851778355908600515e+00
1.319839436818570189e+00
1.478024375535293533e+00
1.486397325852131246e+00
1.468713728381369155e+00
2.284312989839948571e+00
1.750894543051403573e+00
1.270995557512989649e+00
2.569621714869270157e+00
1.672609335094460192e+00
1.926907429185747089e+00
1.218435525759754778e+00
2.311878729014641198e+00
2.033473553310642501e+00
1.995431417628863890e+00
1.681155095945105593e+00
1.659133513727259590e+00
2.086307503128001617e+00
2.081284257756381706e+00
2.552261634686784131e+00
1.947633006398435951e+00
2.532517061019513349e+00
2.332133956628527294e+00
1.649892672525884674e+00
2.649042421194415464e+00
2.094078521884324307e+00
2.270775992571648416e+00
1.955284258028049393e+00
2.723115407816908640e+00
2.722414309470610139e+00
1.369602111322553828e+00
1.701966273553228159e+00
2.107195282548938842e+00
2.022411059493439911e+00
2.421070290999637109e+00
2.406046603313312549e+00
2.068697034938268509e+00
2.164039952878685114e+00
1.730094809720173821e+00
1.665685738739182575e+00
1.268375468858987443e+00
2.752421553358225026e+00
1.485316078312056254e+00
2.493759961408746229e+00
2.443619006245634218e+00
2.060525489838785695e+00
2.134375695384711946e+00
1.999557181641464787e+00
1.861318925335181174e+00
2.002582784792255488e+00
1.456159841280727285e+00
2.399705011278348898e+00
2.723426611294803124e+00
2.358495941158044840e+00
1.620700424164812414e+00
2.958325715588698834e+00
1.511694371841067586e+00
1.110769093104921890e+00
1.837301737051852513e+00
2.432645330385432736e+00
1.627410921250843856e+00
1.555446401657273992e+00
1.253148971582366489e+00
1.494982777920680794e+00
1.834828449339874545e+00
2.703867108577488576e+00
2.331386821926783703e+00
2.625324835461454231e+00
2.535196241964354336e+00
1.482048775910293381e+00
1.661336283467307551e+00
2.185385478122252145e+00
2.027079306989848284e+00
2.183705248509593577e+00
2.684556099683025110e+00
2.240777268927215182e+00
2.552098606984198881e+00
1.628259853531813128e+00
2.017102690140468724e+00
2.499582460018674457e+00
1.791105102486402645e+00
2.759501309462287111e+00
2.226599627517621194e+00
2.216272542379140731e+00
2.896608608517330818e+00
2.227683661461679065e+00
2.458910138228418418e+00
2.217839847519732288e+00
1.871624446729866609e+00
1.192370645337879509e+00
1.312388162212868803e+00
2.014182216471067211e+00
2.411063953327351683e+00
1.541198031105924793e+00
1.750451969907460992e+00
1.288328586366652928e+00
2.422128263363618750e+00
2.446587003894232559e+00
2.489301715023205297e+00
1.655614390971917427e+00
2.034408050703929050e+00
2.303510035092013020e+00
2.125280572439178783e+00
2.448348476747305380e+00
1.956253953885751518e+00
1.948474317492722374e+00
1.577625845233157964e+00
1.295950251047137236e+00
