1.885551538791014448e+00
1.923888390918005786e+00
1.549104415769480880e+00
1.425356812925233640e+00
2.174564790902899780e+00
2.451644921701831237e+00
1.806867852768295091e+00
2.449091628659303410e+00
1.575979101023410323e+00
2.183283382482602342e+00
1.962054213824837134e+00
2.257155914674797703e+00
1.875626396554629594e+00
1.587320869853088290e+00
1.801612135655735525e+00
2.550843296898706036e+00
2.049615862487781826e+00
2.645929301582679471e+00
1.658814157295477543e+00
1.996055263732299023e+00
2.562228783626981699e+00
2.212416335982339000e+00
2.136558213627966385e+00
1.408529712587959004e+00
1.961819503729729464e+00
2.027906689312133803e+00
2.266016213235225507e+00
1.382071833014500983e+00
1.822923872367385290e+00
1.785142664956235858e+00
2.178724074757161233e+00
2.397342542325910930e+00
1.748926211249639984e+00
1.966766016730448818e+00
1.982271198771767162e+00
2.204197446474684075e+00
1.551222515649292033e+00
1.590718879000397434e+00
2.704896332314192797e+00
1.649410754280856484e+00
2.255133175840047688e+00
2.121409260579086187e+00
2.145540255819639697e+00
1.768154069923438154e+00
1.608466261684531329e+00
1.964769288943641667e+00
2.105153038313531955e+00
2.063490173565478702e+00
2.562531819661214350e+00
1.671915291623892852e+00
2.473359728272852109e+00
2.537244683413966584e+00
2.224344572412259691e+00
1.642494104973089897e+00
1.529128939953349642e+00
2.677843126911266136e+00
1.962242424617176795e+00
2.278842348560313091e+00
1.898255405452732525e+00
1.963816354048091073e+00
2.202335447852379779e+00
1.994066791346005285e+00
2.754201128472985705e+00
1.575835519490032866e+00
2.079813951279751105e+00
2.406512989669293390e+00
2.357755931541436478e+00
2.024929654185037897e+00
1.689452580050449848e+00
1.708205712262477860e+00
2.277613459323725387e+00
2.344685020082986071e+00
1.657212602646509492e+00
1.948863670090398292e+00
1.583975395976573886e+00
2.232738869282065330e+00
1.580552607536909182e+00
1.658452251735620386e+00
1.651979946210041295e+00
1.954319088896276480e+00
2.739560526056161294e+00
2.614139862720273655e+00
1.473653815029023706e+00
1.623945307961702111e+00
2.426599533475009451e+00
1.976222139038435355e+00
2.031923962911244885e+00
1.583810701003132593e+00
1.480257606852497521e+00
1.349654532876233493e+00
1.161072679087838955e+00
2.185261264585331098e+00
1.259605128027049936e+00
2.192324615565341972e+00
1.593810919240279622e+00
1.976820859068665559e+00
2.017569318555787028e+00
1.996867885253970964e+00
2.210028632989721409e+00
1.507150073514551991e+00
2.020614591373647073e+00
2.215702296249030034e+00
1.487941069600744237e+00
1.926622951689753283e+00
2.510427163555109864e+00
1.166425162756388856e+00
2.223449499322262213e+00
1.549353626201438239e+00
2.347342290338399806e+00
1.711361098731232655e+00
1.545422795848296671e+00
1.558779124635681468e+00
2.344365494955042095e+00
1.961984904649923589e+00
1.720523776082540923e+00
1.956179176997178581e+00
2.242264260047190483e+00
1.415083777626409800e+00
1.741105588445685193e+00
1.578872933824507552e+00
1.820786001740244853e+00
1.571507569481109368e+00
1.846901393148895565e+00
1.936747965000748639e+00
2.303585613247569164e+00
2.157578605228504198e+00
2.417019299836912438e+00
2.289520231049289478e+00
2.528844008996192994e+00
1.493231001357130161e+00
2.285113851577698085e+00
1.279495298755308319e+00
1.515249798120674285e+00
1.839561315490974236e+00
2.283210390243255450e+00
1.370112200488476484e+00
2.586038504837963270e+00
2.386333100396204721e+00
1.394638066964353662e+00
1.299821910995218044e+00
1.755069584796173920e+00
2.553121233495813769e+00
2.546666543461515886e+00
2.042635139252037213e+00
1.444641254248380635e+00
1.884436320054962755e+00
2.499171527018617667e+00
2.163760822335466738e+00
2.827562784240545746e+00
2.339594285706606769e+00
1.625004090112192712e+00
1.315931814927071564e+00
1.786029640449406486e+00
1.624620446248731476e+00
2.400731772215983995e+00
1.895605194178027419e+00
1.812135888500392422e+00
1.948146908353198592e+00
2.028837359464883416e+00
2.353042164528675428e+00
1.930034884738334178e+00
2.147292757230324867e+00
2.169046841071520682e+00
1.307784864217425680e+00
1.816733644018990512e+00
2.070463116144988014e+00
1.348464347258868878e+00
1.782457976071143424e+00
2.862668622164231902e+00
2.156297056804769241e+00
2.132322096013243851e+00
2.217319337350955877e+00
1.675085411555794934e+00
2.500888622311268072e+00
1.980798452620465167e+00
2.464728038783925435e+00
1.903753333505732837e+00
2.360427204108654919e+00
1.680423735172511535e+00
1.726501750643699040e+00
2.118649230355932112e+00
1.906677877602890980e+00
2.067363046641305768e+00
1.934086077309516094e+00
2.280817953437503043e+00
2.474186524657699060e+00
2.179049582548413078e+00
1.664991951723319374e+00
2.578263320734516917e+00
2.572851776391617218e+00
1.440429493309486775e+00
1.856634751368927194e+00
1.501973778246740387e+00
1.822171738949339037e+00
1.374579476709635983e+00
2.106951448077271305e+00
2.529704857743202417e+00
1.593443385583484861e+00
1.789444761735821121e+00
1.302112101697237900e+00
1.948453114302328482e+00
2.626974407230658670e+00
1.865348664348236873e+00
1.186449090985669308e+00
1.976461622685721897e+00
1.763575261292724239e+00
2.351980667487768351e+00
2.106021468513127548e+00
2.226444596607394466e+00
2.539398919240766439e+00
1.190418733114279703e+00
1.816291954941028131e+00
1.564790755832734526e+00
1.880182585035817144e+00
1.595486102330300859e+00
1.372346328508167401e+00
1.838136958078565586e+00
2.458798991182085558e+00
2.228106185261249816e+00
1.535520151151775758e+00
2.446392715176541888e+00
1.886940268725565417e+00
2.342086437180380010e+00
1.538620051654889354e+00
2.494812005705869584e+00
1.521042158476382689e+00
1.808710003289543344e+00
1.771340758767749879e+00
1.399026334136490801e+00
1.787760780002149552e+00
2.705727498670713160e+00
2.680364266142051477e+00
1.802446293821881262e+00
2.730051594305901830e+00
2.446337751835498509e+00
2.624247840064114268e+00
2.553287059431383899e+00
1.704638894582650277e+00
2.019604947029966624e+00
2.253766170958328985e+00
2.667276787784740755e+00
1.924200742586731794e+00
1.616644983731269303e+00
1.172362477063023434e+00
1.913591751326974677e+00
2.485639935749754059e+00
2.643212019673422120e+00
1.299834966596285613e+00
2.150152006093697388e+00
1.904487100560122714e+00
2.640840774452655637e+00
2.390552567954693952e+00
1.663970973504094175e+00
2.253530953374044188e+00
1.587611515631190962e+00
1.584331965033360934e+00
2.299592897373781586e+00
1.335104934401583510e+00
1.930972382217015504e+00
2.005502064648835514e+00
1.581421450486900415e+00
1.855125674219158638e+00
1.836007164728506336e+00
1.777182664435159820e+00
1.876384962836172177e+00
2.105336659379643649e+00
2.122774040231653281e+00
1.561235842589046019e+00
2.185056856613602605e+00
1.710213254643558223e+00
2.326532119507946472e+00
2.047249730315281013e+00
2.230290474516988919e+00
1.978273644641427520e+00
2.066407179115199888e+00
2.041639446755073806e+00
2.104402768831106663e+00
2.109748615094278357e+00
1.461653994535753398e+00
1.750250238953728221e+00
2.824086491201778681e+00
2.315163354506832860e+00
1.704047896054974531e+00
1.308171559804631512e+00
2.412431994904114863e+00
1.486016370713720836e+00
2.797021922634357782e+00
2.024727649467848778e+00
2.125198243728664060e+00
1.632185007536942623e+00
2.188086049182735859e+00
1.665597368331849459e+00
1.850861953435830376e+00
1.540902377571705451e+00
1.921499069578997299e+00
1.957715620923155653e+00
1.525872328909518405e+00
1.568093401734790060e+00
2.443750956602767310e+00
1.592983737656696430e+00
1.859313903426421222e+00
1.750948152149846226e+00
1.767286511781776870e+00
2.679006004432033627e+00
1.489181288104883372e+00
2.063495741316680565e+00
2.390539912200684292e+00
1.921138520072889655e+00
2.000770459557426051e+00
1.529304294715383206e+00
1.807226083505473868e+00
2.188995184926062709e+00
2.161799696730312359e+00
2.387944486898315066e+00
2.531656462941807462e+00
2.125789641603342606e+00
1.502826774420751743e+00
1.494741280901788372e+00
2.519553990133723609e+00
2.512454226802691259e+00
1.937788419526635941e+00
1.910108113160478904e+00
1.754282522167203595e+00
1.959435225812564241e+00
1.222390496739526489e+00
1.317007417734815666e+00
1.966207619991782174e+00
2.042621535181754933e+00
1.663202452847066581e+00
1.540499569054984530e+00
1.853390986130748264e+00
2.724991855500111804e+00
2.612331730832497367e+00
2.028401323511194843e+00
2.217824997994396696e+00
2.489963956978216153e+00
2.038872417960206462e+00
1.259025627795204993e+00
1.542495467496632688e+00
2.432342165872868556e+00
2.287536671167220259e+00
2.330742108099121523e+00
2.772655634833008254e+00
2.013570006824709324e+00
1.892500782044405305e+00
2.075092612288180760e+00
1.568446625787937254e+00
1.817241881743008936e+00
2.213658083385780628e+00
1.467315937081463462e+00
1.746516561405524914e+00
1.857045668365619129e+00
2.421534521038069432e+00
2.073607807192882291e+00
2.039439707959497916e+00
1.594445067095479507e+00
1.788332685746217399e+00
2.127246888581195705e+00
1.645339070803928827e+00
1.808176368043211246e+00
2.445457838856500921e+00
2.272967808857434768e+00
1.751854468672331855e+00
1.769875699252443146e+00
2.523777682987800031e+00
1.830293827312178934e+00
1.820429899581583744e+00
1.824463964477749167e+00
1.560402812181418630e+00
2.024123472144969682e+00
1.991107364484057785e+00
2.431291214689252911e+00
2.268474421902067384e+00
1.826131212042667373e+00
2.304071309081328955e+00
2.095651129038578198e+00
2.009049529912362075e+00
2.226670800738125955e+00
2.179687853889451077e+00
1.673785272697910997e+00
1.737022257354027932e+00
1.705511854244001757e+00
2.635557587564130166e+00
1.917677637270569058e+00
1.685472026978021676e+00
2.853382210863575352e+00
1.683089018391611624e+00
2.469364807692562280e+00
2.532560173658948699e+00
2.325961103602518953e+00
1.614263060949117534e+00
2.191361013688582382e+00
1.552565745267362907e+00
1.583496083024596546e+00
1.903926729663565354e+00
2.269736341808241686e+00
2.649226632957079275e+00
2.001962622068901076e+00
2.490760693485857047e+00
2.415851292083848634e+00
1.934624489916499712e+00
2.237364798039547686e+00
2.280473152834936457e+00
2.074063443816498431e+00
2.409589896328283576e+00
1.709142432314202154e+00
2.445876252453998756e+00
1.350102080698246443e+00
2.487448895892641509e+00
2.711992379537464082e+00
2.326557261138198385e+00
2.364151052988871182e+00
2.065219595537076458e+00
1.775462687744737700e+00
2.386973959793308175e+00
2.139661983944514567e+00
2.497765385127062032e+00
1.968124308276092194e+00
2.410844602563196215e+00
2.497167021678383225e+00
1.972247936200048901e+00
1.995873788182945141e+00
1.869199646379429147e+00
2.546623406461402617e+00
2.193999115793211274e+00
2.627081346882734536e+00
1.751257597600298421e+00
2.610937653917381418e+00
2.206308766512249608e+00
2.741344284351482141e+00
2.672017377803403981e+00
2.586190119223681361e+00
1.915506898176994266e+00
2.007659641255874927e+00
2.684782640562247913e+00
1.971143336411608438e+00
1.944085118994438588e+00
2.697018028250509847e+00
1.884658451888293840e+00
2.492788412264162368e+00
2.503175498313863212e+00
2.648188222168534889e+00
2.704356346599101180e+00
1.476859517909335784e+00
2.610189656317918772e+00
1.545446504016065425e+00
2.029703716220698784e+00
2.093653914498573076e+00
1.970370127187174081e+00
2.354626552053559863e+00
1.942695976310879313e+00
1.942552329329328309e+00
2.765830099581190638e+00
2.116910283177871221e+00
1.776255657571624180e+00
1.450861405427378958e+00
2.424179435404996141e+00
1.834032959549883657e+00
1.762004786184682592e+00
2.739807409157075213e+00
1.858125496495010021e+00
2.152515995368583734e+00
1.897873669905874916e+00
2.329980993777805320e+00
2.420028570704445325e+00
2.423977288340064984e+00
2.534720669497761314e+00
1.990335149039635043e+00
2.264552329367973016e+00
2.484510061095825950e+00
1.715335654910786767e+00
1.803827311323635163e+00
2.520380549612298182e+00
2.500966838221845734e+00
1.484531729904050135e+00
2.385491887786187259e+00
1.889476703401089752e+00
1.738793954168189604e+00
1.968832617597171541e+00
1.136404372163103194e+00
1.689259584556682459e+00
2.015963476365954854e+00
1.911918029694819943e+00
1.182149530297073703e+00
2.892118484521102317e+00
2.555806172641337248e+00
1.913223757277043857e+00
2.139082756131562846e+00
1.847565136553627196e+00
2.011722993236149559e+00
2.129816788469966582e+00
2.504250524587245508e+00
1.904926856594314488e+00
2.306321965927535800e+00
2.459271424119006788e+00
1.735149748460108832e+00
2.323880457307216041e+00
2.190955889060548056e+00
2.363723819082126809e+00
1.929400713169300285e+00
2.408279819982586556e+00
2.370692632508217379e+00
1.990126183272665550e+00
2.342397149589612315e+00
1.555292960515113343e+00
1.600577200323130223e+00
1.940509413018114193e+00
1.766137074910693272e+00
1.838747609458220911e+00
2.619953227423468700e+00
1.687944867412014105e+00
1.697229302040962562e+00
2.089164336475692885e+00
1.885346202117290204e+00
2.550095463135033214e+00
1.725426850300196602e+00
2.131391833658232926e+00
1.627597191066469051e+00
1.666400181756639398e+00
2.748926197337874910e+00
1.584083264579935868e+00
1.838247412151449822e+00
1.481698886383076008e+00
1.210466656646163264e+00
2.266388382378728306e+00
1.794839077181801024e+00
2.243941622226830468e+00
2.212627224466086950e+00
2.615999502180079261e+00
2.749827620311455334e+00
2.108112096625842646e+00
1.497584337362171558e+00
1.981433321111890411e+00
2.491578744435481330e+00
1.958547875390277859e+00
2.117491692838818551e+00
1.646329940039300554e+00
2.010449811011598698e+00
2.016308147199282530e+00
1.593591763732398192e+00
2.143779446235837050e+00
2.094884915342791309e+00
2.016364376355580745e+00
2.112497518520191520e+00
1.999460682717693505e+00
1.776377073513654148e+00
1.715848197727038338e+00
1.725532038037420612e+00
1.890783060099073598e+00
1.813098012075740284e+00
2.550712601625396925e+00
2.129355639047994408e+00
1.791971660677122546e+00
2.318749894145373247e+00
1.396551971933295055e+00
2.295679104720416142e+00
1.642594963145016296e+00
1.863005274799586219e+00
2.273229461189276712e+00
1.186593799457864362e+00
2.123031812711088762e+00
1.799824630716398755e+00
1.771760977078368882e+00
1.182281755472407658e+00
2.692062244000041904e+00
2.160768981700543989e+00
1.949687273412030963e+00
