1.327824494540377653e+00
2.643672843136812389e+00
1.724772891382487128e+00
2.395147897054833663e+00
2.170869212000950732e+00
1.144750970003421964e+00
2.406744909449323622e+00
2.568086493792225866e+00
2.479655571088462018e+00
1.358081429322275824e+00
1.540567318226742533e+00
1.274493220896562917e+00
1.691040621749773987e+00
2.283453280086671811e+00
1.589561482736965736e+00
1.046266046688953733e+00
2.117168351169055107e+00
2.483117316019941345e+00
1.952012035795337885e+00
1.160783196826910002e+00
1.758149941172901798e+00
2.084337098621938722e+00
1.804577163773128934e+00
1.646457976722536465e+00
2.022831043385831862e+00
1.967052228966500227e+00
2.017855128080612737e+00
1.667444446989051032e+00
2.766140916948268913e+00
2.338887449406295893e+00
1.608791032948462485e+00
2.206085160434398507e+00
2.006729532254913906e+00
1.280151370160693469e+00
1.711662861241395106e+00
2.389057969993444885e+00
2.371137490275346149e+00
1.938457411073145398e+00
2.425052856896023457e+00
2.437291417586798126e+00
1.900618383661959232e+00
2.076642505233116331e+00
2.244137911790553108e+00
1.416883247793944589e+00
1.395410694054158851e+00
1.767161532068288743e+00
2.011315959525778574e+00
2.156441547145910853e+00
2.374066921842077349e+00
2.237166493064498773e+00
1.845633737401421559e+00
2.876308833811259902e+00
1.791839592075306076e+00
2.422919220729179202e+00
2.747466326525741742e+00
1.487225153734134109e+00
2.272120655771828979e+00
1.614635463001021343e+00
1.283570797488894799e+00
1.235720668149997703e+00
2.569278471534699015e+00
2.064357376516535503e+00
2.344814459340248014e+00
1.958483544301502732e+00
1.448301784754885357e+00
2.223949929695901773e+00
1.812574585724648024e+00
1.491826214040911536e+00
2.553377254756836301e+00
1.332977918048532606e+00
2.245644319303385927e+00
2.006221411016554157e+00
1.820984192217396380e+00
1.713968382794655021e+00
1.397865330715843069e+00
2.144555486352815343e+00
1.833630669885106368e+00
1.677063934612064156e+00
2.737420597040814307e+00
1.708820935743081915e+00
1.873965045600485269e+00
1.554969628046513730e+00
2.095638231385983374e+00
2.354418362616750748e+00
2.427646115949262828e+00
1.247198989363760724e+00
1.289294153328582881e+00
2.315435729215732596e+00
2.289339837719684745e+00
1.303656169315660973e+00
2.478306422726808123e+00
1.961686248695337476e+00
2.197986090272921800e+00
1.829824416727314329e+00
1.957142879499618626e+00
2.026702201308876461e+00
2.666514790323511797e+00
1.756146073733064750e+00
1.693092358938053321e+00
1.882815676642511704e+00
2.166365134132787418e+00
2.941172918679165527e+00
2.713527446322282266e+00
1.994008780931196156e+00
1.636281679735559047e+00
1.775546686378492556e+00
2.095407738857098856e+00
1.696861622562895189e+00
2.102630243291567780e+00
1.595992069824288873e+00
2.220921191132037897e+00
1.729070724901371925e+00
2.814770860654528306e+00
2.012386098991375327e+00
2.419078282766961241e+00
1.662293669362955750e+00
1.815267960017237669e+00
2.198409548172214123e+00
2.160447892120373581e+00
2.200958856070284408e+00
1.599611684316490035e+00
1.997681578771204114e+00
2.853023840899355346e+00
1.603613969040758924e+00
2.241619662772289967e+00
2.802731499382725922e+00
1.902349790503254923e+00
2.015023774474732576e+00
2.446431774679253657e+00
2.667255245896397398e+00
1.897920622879463837e+00
1.715122136077282367e+00
1.320606982748176561e+00
1.885245353464385598e+00
2.019350742570155788e+00
2.074315665827938027e+00
2.087464543102822923e+00
1.653436865055148086e+00
2.291308512084076376e+00
1.871916896244822048e+00
2.032641027427901204e+00
2.102816671749954125e+00
1.559518559219181144e+00
1.875831510239800881e+00
2.000762605724888843e+00
1.993902711946578865e+00
1.889865142388668762e+00
1.842039738957209849e+00
2.439122428161300871e+00
1.133279068709890369e+00
1.576633113800868902e+00
2.103651843377318365e+00
1.888612160835344334e+00
1.523417245834542744e+00
2.223497415984450054e+00
2.573629673422137110e+00
1.929649529979657219e+00
2.300027727617923290e+00
2.439476615427506268e+00
2.521515439510242373e+00
2.527334674232035283e+00
1.870725531045342338e+00
1.955276464501965794e+00
1.986815390479214516e+00
1.890628780208905457e+00
1.847510607686228656e+00
2.098117698232775385e+00
2.297447570704906461e+00
2.776415377267276163e+00
2.255500523212005337e+00
1.583028689422512070e+00
1.938783999244639400e+00
2.745311463701180621e+00
1.494975857244865258e+00
2.295545721117565385e+00
1.801555007047032309e+00
1.306915437056624718e+00
1.331458547774913903e+00
2.003313702539113894e+00
1.866576721913555392e+00
1.823315656470168689e+00
1.323091516361573516e+00
1.693891833876631114e+00
1.657596820121761905e+00
2.522934602946866889e+00
2.519691651532937726e+00
2.199288912741737434e+00
1.824821917535484062e+00
2.434106892324687355e+00
2.609993963329434230e+00
2.657381398909264725e+00
2.419004901128056773e+00
1.611565233426206500e+00
1.322051108909407580e+00
1.824373158185911503e+00
1.838524962284633579e+00
2.024814666749653824e+00
2.265452472905904013e+00
2.033056770239620725e+00
2.102896365850436933e+00
2.511511562285807297e+00
1.808382895295662873e+00
1.335099594002080448e+00
2.280044535700689323e+00
1.708434249761211277e+00
1.666446907710642744e+00
1.990725429856174289e+00
1.929972457070627812e+00
2.380579752739115484e+00
1.874847935622101502e+00
1.992579748514820448e+00
1.311888275052942365e+00
2.385796310288547772e+00
2.293004354238958875e+00
1.997679675254497411e+00
1.262979645534221262e+00
2.348489139563405104e+00
1.291959489361386604e+00
1.830859215565337816e+00
1.839492951505132368e+00
2.174009734395830229e+00
1.783011046653568688e+00
2.482521797810455677e+00
2.721957999910519455e+00
1.245695380229042692e+00
2.484992708815799922e+00
1.992628069949209380e+00
1.374029500407527360e+00
2.118833590589230376e+00
1.760258155943653868e+00
1.713183059484149506e+00
1.761799385119382944e+00
1.898794212242825186e+00
1.789413364064044609e+00
2.779927394067452262e+00
1.957087222528273163e+00
1.511583770164133256e+00
2.274716511585023859e+00
2.364651081828928803e+00
1.634331784979711433e+00
2.404640153287460613e+00
1.300514224799179885e+00
1.966094926339418958e+00
1.339647684954562212e+00
2.374559658267005435e+00
1.803279058937062196e+00
2.666301381485811639e+00
2.045815124849494016e+00
2.074574827907360586e+00
2.513245300611992583e+00
1.445673935968306845e+00
1.455424602922378297e+00
2.344467891653365221e+00
2.005897546071711890e+00
2.643866860573374833e+00
2.829749503698557156e+00
1.453698221095003129e+00
2.215421545388061020e+00
1.468405775823468540e+00
2.276487951553089584e+00
1.816682829025533241e+00
1.929371417592784965e+00
2.433533812129067719e+00
2.369658534932053140e+00
2.386770972391255796e+00
2.641221475818429809e+00
1.264584060610633109e+00
2.661238262865550652e+00
1.720665790508892012e+00
1.604485277230449203e+00
2.126029785126596572e+00
2.399803397429912000e+00
1.875956441759365934e+00
1.675577315942865297e+00
2.501671855954604951e+00
1.536989801437878889e+00
1.888257154572977381e+00
2.435915202534000734e+00
1.826251838334280730e+00
2.226398708838113194e+00
2.042884115758711872e+00
2.273379337165327918e+00
1.509730220881370544e+00
2.590185096964720657e+00
1.919690862545682108e+00
2.003719099909063495e+00
2.195472424734620454e+00
1.888847009009103406e+00
1.756216474890766488e+00
1.923639456118531266e+00
2.117552918793560224e+00
2.394599701687651905e+00
2.202421419533235891e+00
2.744173978487665977e+00
2.298943403327811996e+00
2.084353324480130443e+00
1.962757546108097717e+00
2.269504106528970055e+00
2.225556422535018175e+00
2.649980463725522206e+00
2.407729500125676658e+00
2.721869906626739777e+00
1.765895939371106671e+00
1.766368686565101154e+00
2.286298497894681869e+00
2.135306900865103330e+00
1.317444960724801106e+00
2.401477842250733019e+00
2.123671000840587464e+00
1.621048651426257869e+00
1.463780738261350134e+00
1.657994664846624389e+00
1.374888488055409752e+00
1.547114166898779786e+00
1.942898252061844078e+00
1.684810328360661025e+00
2.578079878989470330e+00
1.772726701124695659e+00
1.463819979754605427e+00
1.796525368828781444e+00
1.789297313626767139e+00
1.791979683259023348e+00
1.902002985171408866e+00
2.345453615079632126e+00
2.063510053483998963e+00
2.333471285523579741e+00
2.392207692506767458e+00
2.048092931908854553e+00
2.478603878379770364e+00
2.150718842980161583e+00
1.708769593177893009e+00
2.121026596399882003e+00
1.506753261297631763e+00
2.843183752687532095e+00
2.297141690456696139e+00
1.105201537642573451e+00
1.716567710473124286e+00
1.396831180741030520e+00
1.979060093674857246e+00
1.523542917078493319e+00
2.447182789580353290e+00
2.040395209444317182e+00
1.982460677513186553e+00
1.483425054098163276e+00
2.092890415218585431e+00
1.432417739128567291e+00
2.237339971456364207e+00
1.940796990604485295e+00
1.853325552657385966e+00
2.148446189267118278e+00
1.889427293910372896e+00
1.777625975710779294e+00
2.124520275702819649e+00
2.422792578657428919e+00
1.710483745000250355e+00
1.828852937584636074e+00
2.167530285323584494e+00
2.075718286136024382e+00
1.925193536866086852e+00
1.495351141918171534e+00
2.375774034967259141e+00
2.123560738650473567e+00
2.938196321550388568e+00
2.147911854808556953e+00
2.098771279246250288e+00
2.819660271826529119e+00
1.830948442485631267e+00
2.425867589783971212e+00
1.641605764080199759e+00
1.439509462792469829e+00
2.497989732593115964e+00
2.306551691143391203e+00
2.150728995345674743e+00
2.503484990915334940e+00
2.304375476957725155e+00
1.669327574786394930e+00
1.501317124657357782e+00
1.379219919346032608e+00
1.729832974474934337e+00
2.472000217481702844e+00
2.193452381686569197e+00
1.717835427690884043e+00
1.797142118459968296e+00
1.676675531698289312e+00
1.575339905273460239e+00
1.874424521816591138e+00
2.423755537527526371e+00
1.976340737315279483e+00
1.685554783206259177e+00
1.343494196341917579e+00
1.657228807867308529e+00
1.510160093469085307e+00
1.923522028140372653e+00
1.967671340085520360e+00
2.604408901083290040e+00
1.517128125110765113e+00
2.227845918436078598e+00
1.708191470228366704e+00
2.021610072586883966e+00
1.791157710905822098e+00
2.022034530804776686e+00
1.734046745918822019e+00
1.848016786756648600e+00
2.312784153936996212e+00
1.992871191875512205e+00
1.945879518536833830e+00
1.232094598642856198e+00
2.018570681161162561e+00
1.882033986457543051e+00
1.717607856979905367e+00
1.621844520458485261e+00
2.295896418896827385e+00
2.855843960763804201e+00
1.638232471390590028e+00
1.959355228604121812e+00
1.865210292027513095e+00
2.476769397437250220e+00
1.825329688029996289e+00
2.017741505133010982e+00
1.725363110342916562e+00
2.554124124760890346e+00
1.826703111570505467e+00
1.541883747342410071e+00
1.565611722245776161e+00
2.550597822760554578e+00
1.870302876927208313e+00
1.902167225189715705e+00
1.376295054164226483e+00
2.200461354418658644e+00
1.570181103285812618e+00
2.040253381590175330e+00
1.851109946725651767e+00
2.162274260994981212e+00
1.548858951193512024e+00
2.376395426809649436e+00
1.763422167591409906e+00
1.758171720908103808e+00
2.109016243755287512e+00
1.449316603459191333e+00
2.158636494306661824e+00
2.377467764974591891e+00
1.534890821596655019e+00
2.233797849121194279e+00
1.940554902659937131e+00
2.160915343736058425e+00
2.431512087103752329e+00
1.676017719685207075e+00
1.359484309667393198e+00
2.020292037376771432e+00
1.264057218839666374e+00
1.810741112937665598e+00
2.271012374839626702e+00
2.643410507358300521e+00
1.386405018303043191e+00
2.042547248207435384e+00
2.039587355143299696e+00
2.219737224360988748e+00
1.368794735226714687e+00
2.630868952346211653e+00
1.615857331601374458e+00
2.334308119158251316e+00
2.162030035990841093e+00
2.264549134657709573e+00
2.155937301192921041e+00
1.561307045140539973e+00
1.528785312752208858e+00
1.613589694059353707e+00
2.644814960912255764e+00
2.362626315865242077e+00
2.227458886568907559e+00
2.056183421198214845e+00
2.388702016770904102e+00
2.583051398137775401e+00
2.799468327423094927e+00
2.410115084215218584e+00
2.258668721619082387e+00
1.792766995745664449e+00
2.652430151204667297e+00
1.612368745763288258e+00
2.056733629860440615e+00
2.448777529148896459e+00
2.152033127032901394e+00
2.808353074535824057e+00
2.485799135861213482e+00
2.599186805746478868e+00
1.404131908145061614e+00
2.859937322189501252e+00
2.287630903776894264e+00
1.817574339285336738e+00
2.255936668367477971e+00
1.903052800835503433e+00
1.560497235064754129e+00
1.476857218208972311e+00
2.541027814269355645e+00
1.329439427850950706e+00
1.549728658477253829e+00
1.954268929538918620e+00
2.059902117948898326e+00
1.245799556584760825e+00
1.291981032250213657e+00
2.302643371662792315e+00
1.254705084573464191e+00
2.063963133852963594e+00
1.517458178642547839e+00
2.735380483522376061e+00
2.393316546965966296e+00
2.102498088933813847e+00
1.822066366318573660e+00
2.481947421947315213e+00
1.982025237751888991e+00
2.426484557751575011e+00
2.285921155915094261e+00
1.262838174746356845e+00
1.871791111333018343e+00
1.552475176080634789e+00
1.700650032172845272e+00
1.789240638663895044e+00
2.840014451493170888e+00
2.480841156002250969e+00
1.736792192311632732e+00
1.767043213717932826e+00
1.690051478891405834e+00
1.490644988043770214e+00
1.416846981833802088e+00
2.065919031842539333e+00
2.610605151805282631e+00
2.417755870172123345e+00
1.836592214653289368e+00
2.217924162013249489e+00
2.119269366041383051e+00
2.715569862285187597e+00
1.393509560613894527e+00
1.384707737591569288e+00
1.386722252466092487e+00
1.949692250084768874e+00
2.139603212661651099e+00
2.144546640836499485e+00
2.428124158533520038e+00
2.196993730212453144e+00
2.146855869377136905e+00
2.858090908666616414e+00
1.832943754992308660e+00
2.581579643290923709e+00
1.356694863512465155e+00
2.028315220795191998e+00
1.828415971773926563e+00
2.018264741258827488e+00
2.313897276918398305e+00
2.781474012890081227e+00
1.592696465584005239e+00
2.285634933375315647e+00
1.952505596431630908e+00
2.830280690692053902e+00
2.261897010468203018e+00
2.566209308321043547e+00
2.757232647978573148e+00
1.847111346210026372e+00
2.279753405556517620e+00
2.205794630388434374e+00
2.268211379556269947e+00
2.903861517054447283e+00
1.768403179651248047e+00
1.187964571412602366e+00
2.376792485201723260e+00
1.479973008767788700e+00
1.565550425338052110e+00
1.772755199117556968e+00
