2.284787611615239911e+00
1.385425196117344493e+00
2.114449609782676820e+00
1.710160687762380505e+00
2.014668127135875952e+00
1.568697488202203338e+00
2.172820926231922023e+00
1.849302540015177243e+00
1.926479180568953620e+00
2.437360392890807415e+00
1.976617521405310329e+00
1.876803857111832841e+00
2.374791818663361198e+00
2.046856254373673689e+00
1.543076474369044604e+00
1.947152326542583189e+00
1.535491670659014041e+00
1.469950622386013706e+00
2.088692206170582821e+00
2.421794984051875321e+00
1.508192517957644530e+00
1.993357624074417522e+00
2.659719209383582417e+00
2.082525289778613953e+00
2.261767818754059078e+00
1.663311611042685989e+00
1.905771626028691434e+00
1.692158274367513870e+00
2.779957720336827975e+00
1.994310508823033068e+00
1.745335117438845618e+00
1.914112499619432306e+00
1.675782576806186253e+00
1.971212758550218824e+00
1.715353303833061727e+00
1.698913857277352335e+00
1.972604411652234546e+00
1.569172059068925318e+00
2.883308675479275607e+00
1.906169564980911613e+00
2.252240503060893406e+00
1.515359700750424921e+00
2.067268228231772476e+00
2.507689151680352779e+00
2.135001141639086608e+00
1.618036126660983731e+00
2.042240704546739671e+00
1.823647975151323264e+00
1.997189183397560797e+00
2.385686132622737432e+00
2.015578095342280385e+00
2.033465430026573983e+00
1.689442122489502651e+00
1.999537282437776176e+00
2.246307580770303236e+00
2.212853942254210615e+00
2.355456989099692144e+00
2.446116497207403651e+00
2.173649693658631143e+00
2.074354606244652288e+00
1.789307744333256567e+00
1.135541368934319006e+00
2.130682071464967020e+00
2.126807520886308644e+00
1.291543883350765531e+00
2.746184695544890975e+00
2.517209211748898667e+00
2.414000509328918742e+00
1.468929796348817263e+00
2.223148928475075614e+00
1.885850307450259500e+00
1.475782891808631980e+00
1.787996793253302297e+00
2.015960769826018684e+00
2.453147422300846703e+00
1.957469395077915841e+00
2.614479897954898213e+00
1.436990913204529541e+00
2.268860434349508459e+00
1.818359357491293071e+00
1.785611259828400854e+00
2.487429404587087056e+00
1.999969388347021315e+00
2.368549389385198545e+00
1.579872320884470938e+00
1.444640190524200118e+00
2.637944556760390746e+00
2.375431213467090075e+00
1.689790616140862456e+00
1.932604804592075398e+00
2.851299009968445208e+00
1.850546548314676798e+00
2.283053579946130895e+00
1.984974049291522213e+00
2.330908387366150691e+00
1.354000011974620499e+00
1.674035015678905669e+00
1.875210309118598540e+00
1.471004708303597308e+00
1.800064414407577473e+00
1.797562505754341622e+00
1.312038587562299075e+00
2.673642951344638696e+00
1.809347964434391942e+00
2.360872646091912941e+00
1.457341460870073213e+00
1.878117196089997609e+00
2.072755277611912472e+00
1.534847482452648126e+00
1.633462345684402628e+00
1.923737453704369216e+00
1.688805760462114725e+00
2.732671412516412879e+00
2.082888773270849647e+00
2.569593993015793387e+00
2.497108377091164400e+00
1.990020352308923490e+00
1.510767729464989051e+00
2.451010323552266890e+00
2.454955073956888167e+00
1.547120980698248882e+00
2.219007753801124139e+00
2.438836253613675176e+00
2.487547121545190087e+00
1.323655531327667223e+00
2.075760588256238659e+00
2.508596616437687388e+00
2.267477889249460254e+00
1.528672570310477763e+00
2.252647221510223119e+00
2.818523776653430346e+00
1.749441041905381855e+00
2.002684101832929997e+00
1.616235401056620891e+00
2.662393294827220203e+00
2.196475099138871734e+00
2.638954492758840864e+00
1.625884011099274495e+00
1.859477289033523606e+00
1.895292176055402233e+00
2.089200225675556855e+00
1.497083496482064291e+00
1.456244480050830070e+00
1.565243543243533875e+00
2.618649620246314758e+00
2.837850408952308445e+00
2.736787411392535674e+00
2.304667147203354194e+00
2.305839256169168294e+00
1.811497800962693194e+00
1.772606595437647314e+00
1.818893499235830991e+00
1.970958975402599123e+00
2.499173606420025173e+00
1.849440038104465334e+00
1.495107776131534116e+00
1.521170255625369006e+00
1.772546115965616176e+00
1.756284837080756667e+00
1.708411832172304301e+00
1.909512556998697042e+00
1.807720080794925632e+00
2.356779357205808445e+00
1.937624333873216864e+00
1.993826407369872156e+00
2.410200201250397356e+00
1.428720280325924241e+00
1.588391566634730800e+00
1.435788692867157712e+00
1.933657073676770644e+00
1.395263394818722080e+00
1.315801426521577833e+00
1.622015028250580304e+00
1.888511906159034748e+00
2.222862394761253135e+00
1.750748349497185163e+00
1.541682838118507481e+00
2.370400519335688294e+00
2.203222698261114942e+00
1.805246466245119530e+00
1.303167962828514881e+00
1.791018121649739392e+00
1.834224098006949522e+00
1.671904060089204336e+00
1.633176884345336477e+00
2.492440764297159106e+00
2.098103600993747264e+00
1.654904701347695184e+00
2.638183262249500505e+00
2.622407246082238075e+00
1.549708334214666916e+00
2.066695412410240351e+00
2.239618327098798822e+00
1.846264230083749958e+00
1.802408305543919731e+00
1.504604996726901067e+00
2.560784953137874354e+00
2.127678412010202358e+00
2.402392565675033786e+00
2.184065532623863604e+00
2.075350828106969026e+00
1.744341504689546740e+00
1.604677933123825673e+00
2.059883338173143841e+00
1.836935860923349484e+00
2.593524886104948912e+00
2.495914297874537446e+00
2.062286987794674786e+00
2.398433170120785274e+00
1.775985365850246023e+00
1.771617216454454358e+00
1.952444064936466717e+00
1.470426200831533858e+00
2.349080090184368252e+00
2.470220495510079051e+00
2.362429768877069236e+00
2.098065297149961594e+00
1.956393469180481404e+00
1.582961933097428275e+00
2.541610432861925339e+00
2.238645706713839445e+00
2.296261208346020766e+00
2.294678063916640198e+00
1.496682242995474699e+00
2.568134935014630749e+00
2.215068463738497861e+00
1.982561978047188145e+00
1.884060627134748866e+00
2.131243501513576888e+00
1.570784997254469406e+00
2.049755350863080583e+00
1.853236588263235118e+00
1.880068329376670233e+00
1.651325651111832826e+00
1.749877028022587933e+00
2.606108381594054890e+00
1.829669134027358535e+00
2.195614168303241520e+00
2.532350733388597952e+00
1.791248300324501441e+00
1.967835996443978885e+00
1.935366068967631303e+00
1.936278676073544425e+00
2.075500351756676576e+00
2.367699138467966424e+00
2.851711012615535168e+00
1.524036839256052378e+00
1.975228113970391330e+00
2.229320956207756943e+00
2.015782639255449205e+00
1.598900120544956449e+00
2.814276343251626677e+00
2.678723487404417458e+00
2.041929260814853819e+00
1.715256186446660891e+00
1.765450542179741955e+00
2.340202492898722397e+00
1.986708919560505660e+00
1.746777181666060219e+00
1.776576399612448398e+00
2.192153461566786810e+00
2.346139552918506954e+00
2.318864877964460725e+00
2.129557949708504871e+00
2.188853846495322664e+00
2.091095545781578302e+00
2.682359889767425454e+00
2.491950083534851146e+00
1.946287518904640468e+00
2.227222308707339948e+00
2.438839803657859129e+00
2.096066820012722154e+00
2.219688122413221887e+00
1.438850870643674229e+00
1.878181519262019927e+00
2.230551079836077477e+00
2.220382551273365479e+00
2.808353720346405957e+00
2.583931471180078709e+00
1.383150461847496571e+00
2.549453169443455902e+00
2.243145318524270682e+00
1.248165803582526934e+00
1.629261896806585730e+00
1.941337169941946827e+00
1.483639528289346421e+00
1.547122104211650306e+00
2.258263792406088655e+00
1.618952424956170644e+00
1.987355788859557881e+00
1.811274378876018165e+00
1.718786571234707683e+00
2.410472260261170341e+00
2.876807872119952147e+00
1.622737682203917897e+00
1.698978262372028647e+00
1.723616311578587190e+00
1.453612119186484364e+00
2.664981950497701924e+00
1.596064749043121234e+00
1.690830423613824962e+00
2.286186700427546015e+00
2.270510423265375444e+00
2.643036524292392997e+00
2.044826187902828885e+00
2.228039412824371457e+00
1.492311283900094931e+00
1.269880071718541004e+00
2.607229597868076176e+00
1.483137833347860202e+00
2.742589545119880512e+00
2.544906922834215379e+00
2.278576477607919148e+00
2.063597556964974267e+00
2.237210746803546257e+00
1.664122551417891449e+00
1.695941680977749222e+00
2.251528943853716935e+00
2.506221950032496704e+00
2.223700859666293717e+00
2.484620585799313552e+00
1.877854880604247434e+00
1.659058875250834841e+00
2.178636115213851809e+00
2.597191407352521075e+00
1.509702315920073090e+00
1.945533642347843095e+00
2.145354034694969769e+00
1.532581508768532608e+00
1.866300376249884430e+00
1.438013096826687764e+00
1.898369522246762031e+00
2.544130743975628661e+00
1.483455977002629878e+00
1.847115211813692426e+00
1.395519699626496024e+00
2.648356281577778137e+00
1.511055155520651283e+00
1.598481038851537361e+00
2.656080856559275283e+00
1.600440175748136351e+00
1.753810446263964540e+00
1.662202987320198444e+00
2.006794886405076639e+00
2.469443373067916614e+00
2.126156908342495377e+00
2.328288437674313371e+00
1.244970157932943522e+00
1.321694099331475192e+00
2.203143714782687557e+00
1.741949826857906780e+00
1.371381547796204359e+00
2.340616321407965383e+00
1.988170777169456338e+00
2.597870623950882418e+00
2.424791056444728810e+00
2.358876973567916480e+00
1.284219579971711989e+00
2.400741401479949300e+00
1.508516221364597953e+00
1.490605018505769763e+00
2.053205684238555762e+00
1.616959224693077735e+00
1.846970379735988654e+00
1.624140104855801292e+00
2.206376371729470875e+00
2.591556202763502625e+00
2.600002780421664106e+00
1.525652950395607554e+00
2.068680224420394342e+00
2.630278180483874628e+00
2.509732950243123817e+00
1.893937160747207304e+00
1.871798601997874512e+00
2.017165175320780435e+00
1.705166913495275161e+00
1.391918333991666756e+00
2.071961491505299513e+00
1.897838149558775722e+00
2.057875097201524284e+00
1.493487752343594543e+00
2.756806713231742201e+00
1.375223490334343879e+00
2.137619021489047810e+00
1.794686385698989861e+00
1.861788633745433685e+00
2.247845206253318295e+00
1.939984853556283806e+00
2.368608934764994345e+00
1.772926379831808230e+00
1.888565718202297905e+00
2.387130596783645142e+00
1.696479236321617678e+00
2.910007692286171732e+00
1.198676570736713076e+00
2.045736466979916734e+00
2.066677855306873646e+00
2.276808964949067260e+00
1.995102657981790761e+00
2.030585130651616943e+00
2.359090215183742956e+00
1.522874836860892644e+00
1.821043817422452360e+00
1.222427770208072140e+00
2.235612307729967441e+00
2.025777229449215788e+00
2.424897648949253970e+00
2.422018164676017715e+00
2.147796260946190472e+00
1.836548200913950435e+00
1.693427716431807450e+00
2.403582777039691365e+00
2.531401491565846040e+00
1.888268599803855974e+00
1.912380834765391668e+00
1.543864895644288193e+00
1.948752596105778556e+00
1.844686601900646483e+00
1.600934201513610100e+00
1.960883075519889829e+00
1.505667975955369720e+00
2.673242641544466114e+00
2.101987026658109770e+00
1.416994156392261894e+00
1.123898239430126678e+00
2.047981859311788000e+00
1.959848643070702057e+00
2.591721382174579258e+00
2.518645448787779628e+00
1.730425857742448059e+00
1.298336669140353283e+00
1.330944324832531445e+00
2.109601961335557885e+00
2.166468773658677183e+00
2.675380086522955558e+00
2.530370053679559472e+00
1.889112466236376076e+00
2.417309923254468362e+00
1.745098448578525252e+00
1.214988786311225200e+00
2.337434610394144574e+00
2.025687715984013870e+00
1.783941673046587795e+00
1.999256733121574925e+00
1.475047594601008871e+00
2.025825644785935964e+00
1.963902142798512163e+00
2.413155049364133387e+00
2.191014725600950896e+00
1.671388785881412931e+00
1.837798114539333838e+00
2.138374333339945643e+00
2.535298945400489945e+00
2.455754158316624469e+00
2.746754107960454938e+00
2.094671282388921973e+00
1.855017921813100434e+00
2.539149361886777534e+00
2.316858180363241537e+00
1.454301435704397960e+00
2.177236406401086732e+00
2.280424374315799696e+00
2.125656638035670287e+00
1.970277581280537760e+00
1.989603051882789186e+00
1.446958465810948891e+00
1.554477377657148995e+00
2.814226270085520731e+00
2.106653851853683257e+00
2.240341716502722846e+00
2.032658807211989327e+00
1.971450577479025856e+00
1.710665269569921820e+00
1.455692148731454694e+00
1.479222831025111873e+00
1.723649900789427702e+00
2.179116064264420061e+00
1.646885331782130590e+00
1.653808115912611232e+00
2.118898094057796833e+00
2.089498202164000062e+00
1.993955251601817746e+00
2.093037365663066751e+00
2.460447659179562763e+00
1.864013068023589126e+00
1.615621625049759480e+00
1.964094950611909418e+00
1.296535854218692663e+00
2.710758377694967081e+00
1.610566028966073038e+00
2.645278241122344998e+00
2.014434233542027108e+00
1.501742926556193236e+00
1.841280500607977100e+00
2.129154197628907674e+00
2.143357769942874747e+00
2.353343785735540372e+00
2.230555542483545040e+00
1.898143702429399227e+00
1.562014580807298936e+00
1.417081018447224672e+00
1.181543249254520367e+00
2.162832921538704767e+00
2.015825078692880190e+00
2.113956184351452716e+00
2.514044552466350169e+00
2.279517191161694711e+00
1.895423597325878617e+00
1.601244863034343879e+00
1.784312359513435364e+00
1.215704336488274917e+00
1.659723420260458715e+00
2.277043003996079840e+00
2.576739233880501523e+00
1.831965205407047659e+00
1.523521288803757479e+00
2.362086188444561863e+00
2.110317568642306352e+00
2.703517987046668125e+00
2.356919176733950128e+00
2.455301924235173683e+00
1.377023370367008503e+00
1.781807181955191499e+00
1.327048138360913843e+00
2.029572635316442941e+00
1.172478089615272445e+00
2.040435505736883037e+00
2.352288084374624333e+00
1.842118952636313534e+00
1.323023575708435651e+00
2.550580479300744940e+00
1.495969266153446942e+00
2.411426264746686865e+00
1.525912976294576007e+00
2.095466056580622904e+00
1.423050527965492140e+00
1.380433205594570056e+00
1.670617854754249620e+00
2.461485200700732179e+00
2.437066737343370093e+00
1.511672761162071499e+00
1.215883293231911688e+00
1.895854305093964243e+00
1.522196584001339392e+00
2.103648039402344239e+00
1.751479037674370742e+00
2.538665635479647520e+00
1.799326258367379250e+00
2.589888465811202689e+00
2.639962841882296463e+00
1.386079930403941063e+00
2.003071106837694515e+00
1.760501733476597330e+00
2.602517565665793065e+00
1.417851565065069597e+00
2.458682574372265783e+00
2.260970465781185101e+00
1.574645595575358437e+00
1.926882316809183315e+00
1.703398670048972274e+00
2.150906614284206597e+00
2.000665826979331818e+00
2.139168520210288360e+00
2.488539741384085957e+00
2.061089684101546915e+00
1.373511048499669318e+00
2.137774258258705373e+00
