2.233625987540240665e+00
1.246781969819415581e+00
2.308966961513882143e+00
2.116162036870302465e+00
1.402601078256869860e+00
1.371494361027228326e+00
1.880167602929704529e+00
2.064314867942993459e+00
2.423899833284585803e+00
2.479425914068943193e+00
1.590575420959948527e+00
2.418731991306626306e+00
2.206578463836494919e+00
2.035838198816994016e+00
2.278182734348091820e+00
2.023627410609165622e+00
2.465382527800731527e+00
1.793576359449790214e+00
1.786440672338410529e+00
1.520540383619822578e+00
1.897613266035604207e+00
2.299975701991774812e+00
2.318718805791960325e+00
2.258072834189456479e+00
2.154381746966442357e+00
1.858518872886723017e+00
1.835982971912443862e+00
1.919864020884299860e+00
1.639084079389339310e+00
1.317485662368289123e+00
2.503448776354865402e+00
2.374374949082511232e+00
1.692762020239202192e+00
2.632029055361623016e+00
1.969685990586349966e+00
2.171499662555025800e+00
2.187727026063722047e+00
1.848008710522872633e+00
2.062328787174739553e+00
2.620134721117598708e+00
1.705151358201997702e+00
2.621467943806718548e+00
2.432926398729715167e+00
2.402074109148323089e+00
2.144826426179527346e+00
2.622287088477158967e+00
1.777159230710228854e+00
2.391755983516104855e+00
1.818277480235715782e+00
1.448529890677436871e+00
2.389877880815514111e+00
2.033483449049529490e+00
1.575322272147480662e+00
1.615112298062010288e+00
1.982336484533971710e+00
2.149505131365139654e+00
1.483525702335496632e+00
1.797899311979163528e+00
1.876659254530970156e+00
2.156826818166709181e+00
2.170007206620116591e+00
2.023417751062826841e+00
1.669348767005425227e+00
2.290426194362154888e+00
2.520136182047843398e+00
1.773123530340500853e+00
1.824348579599263775e+00
1.217437291709950076e+00
2.159243917363824039e+00
1.668465204967424231e+00
2.170011098082032852e+00
2.092623952619720118e+00
2.762402984716064935e+00
1.808403584046959889e+00
2.263444358741273810e+00
2.334785417340918379e+00
1.721200858109980469e+00
2.567888288845827205e+00
2.016245242759479694e+00
1.992216611455793540e+00
1.937412357826040044e+00
2.531869158230935390e+00
2.096179383632839954e+00
1.823464926471445979e+00
1.953300362804893275e+00
2.433085492453198384e+00
1.707831553251013768e+00
2.258512587868410026e+00
1.854867566430535852e+00
2.280945775852178059e+00
1.268920540659324692e+00
1.506417802634887559e+00
2.139999736467932401e+00
2.787582501960490955e+00
1.544382406472349034e+00
2.488222582251406134e+00
1.305961773612738241e+00
2.224547865796030699e+00
1.878075853105417803e+00
1.624716402441942709e+00
2.422061284178825158e+00
2.840774861583077904e+00
1.949317357227002834e+00
1.586103028890939015e+00
1.788155351093419165e+00
1.093144851421648633e+00
2.339421594349796685e+00
1.763577326160281400e+00
2.393930279823606178e+00
2.106167547340422441e+00
2.076310739468854916e+00
2.321907269835141285e+00
2.088425792968310990e+00
2.324906120429577783e+00
1.415100633923075391e+00
1.742841121247779679e+00
2.117824167190504259e+00
1.722299634839113081e+00
2.460296913288175347e+00
1.935160616101256448e+00
1.593680475884429182e+00
1.355179952538144494e+00
2.307160872840209542e+00
1.249218358452745425e+00
1.924936505386377616e+00
1.472799926026940875e+00
2.399824953916927406e+00
2.442557771304917580e+00
1.947877088967103987e+00
2.206821628167515925e+00
2.022631758603123497e+00
1.513218187363668310e+00
2.603593413612172558e+00
1.288595034809763895e+00
1.490425192966194690e+00
1.889177561506713676e+00
1.875631051842240549e+00
1.192441328998983918e+00
2.638902462920035941e+00
1.519904784728978164e+00
1.959168712605305895e+00
2.078021436683446410e+00
1.495259917811154748e+00
1.371370877439752167e+00
2.147709555926657465e+00
1.934685999132708556e+00
2.068468897772247406e+00
2.485016971673648989e+00
1.595019687940149034e+00
2.493809253438605822e+00
1.477225639123471490e+00
2.008950075672741420e+00
1.894118177123130131e+00
2.045659750211750172e+00
2.141933214484330605e+00
1.739017350879041635e+00
1.840605506768246524e+00
1.866787382622973057e+00
2.081484591988161714e+00
2.082740687575228122e+00
1.514912335010651923e+00
1.707712457980355758e+00
1.881053708873399177e+00
1.759930198219177733e+00
2.774358994326105332e+00
2.365150098432041492e+00
2.032763658619624714e+00
2.613544667399891885e+00
2.378065887528719280e+00
1.551742006185755196e+00
1.958835208937824479e+00
1.586564711826462748e+00
1.662257668646581976e+00
1.756624322057649623e+00
1.299504524001818595e+00
1.676873883013941580e+00
2.108197464044137881e+00
2.062809000260430459e+00
1.527641643255561732e+00
1.869112642255848389e+00
1.578881378890073517e+00
1.352265581023425423e+00
1.588044292890695708e+00
2.115000855722327433e+00
1.432799142504060708e+00
2.279394590819768140e+00
1.875599256186877506e+00
1.321797355306581823e+00
1.696224019523720372e+00
2.118488886083931710e+00
1.265632516024056686e+00
1.462953299444247124e+00
1.913528049113186302e+00
1.704305784321585637e+00
1.930760815819337228e+00
1.722418739065088911e+00
1.982668832679691295e+00
1.675078419182476797e+00
1.421278558037776030e+00
2.221643738666803092e+00
1.610978696117993270e+00
2.188100959028679071e+00
2.314130856123775004e+00
1.806328447111731794e+00
2.745013908370061095e+00
1.798882941304258853e+00
1.521259643402581130e+00
2.629766273567862633e+00
1.907582734760342458e+00
1.710133964913680416e+00
2.071868684482816469e+00
2.177404473793323358e+00
1.864730015436346200e+00
2.428460382733530487e+00
1.214189986964355317e+00
2.094261237040516921e+00
1.931623253541678409e+00
1.469331476474998066e+00
2.326936153172942667e+00
2.523665751952957947e+00
1.449304152598658302e+00
1.691139584177492328e+00
1.749832932775389871e+00
1.872124970746257500e+00
2.235607658602102532e+00
2.257187381165035589e+00
1.851012576193179271e+00
2.114808810163586905e+00
1.550365278304402850e+00
1.441202696156836494e+00
1.771746666279820026e+00
2.076885769528639791e+00
1.929401718201205984e+00
2.812409996950186120e+00
2.717953708362340848e+00
1.913979773386745187e+00
2.141183071710778041e+00
2.242970761840402005e+00
2.478177350966703330e+00
2.841386900986786035e+00
1.663520514734661226e+00
1.644880171471816421e+00
1.619873930821021268e+00
1.332027874134855461e+00
1.534028326255893804e+00
2.117077561906769212e+00
2.203103572573989144e+00
1.680099081670939132e+00
1.999045175778236150e+00
2.026596386922271176e+00
1.826095779988777368e+00
2.493683832421255353e+00
2.459725997146915866e+00
2.678523347444019098e+00
1.993389576175759181e+00
1.723565544291762119e+00
2.607722817934924997e+00
1.414742250613917340e+00
2.115962832837988916e+00
2.039840771652623896e+00
1.467186116835004661e+00
1.322384155097171332e+00
2.061612413509296360e+00
1.475005011761144180e+00
2.458955967481044169e+00
2.477793746744771930e+00
1.497210994295482323e+00
2.206712573481973028e+00
1.860197338480781504e+00
1.919874117527664126e+00
1.536408700688700613e+00
2.209375482202873719e+00
2.335481178560288029e+00
1.452153095837726671e+00
2.091117462216435463e+00
2.205339072538354372e+00
2.099196025028411405e+00
1.795623116038896017e+00
2.651770297772999996e+00
1.975981827690342918e+00
1.800445871066451931e+00
1.584312122697226100e+00
1.442221318197855595e+00
1.609127052090340015e+00
2.519731585700390131e+00
1.877713669223459059e+00
1.435619982161617125e+00
1.979197801555959924e+00
1.890288854336150681e+00
1.880861966026425858e+00
2.409149732879042105e+00
2.120070455202849757e+00
2.412321741660809593e+00
2.650196602778883914e+00
1.970980354219285191e+00
2.768204329900727068e+00
1.500254417021159803e+00
2.667431937740679437e+00
2.224566639818108094e+00
1.259538465666672602e+00
1.601680040706713104e+00
2.303840332449604844e+00
1.642327336647126490e+00
2.103243981172089772e+00
2.436425629056428122e+00
1.914060493455009393e+00
1.611755405936066143e+00
1.994559019850195902e+00
2.697798585624708867e+00
1.928279029625974195e+00
1.865429838504845783e+00
2.111682802775916912e+00
2.464399189827277681e+00
1.219496561530175383e+00
2.250485401860434109e+00
1.956229164983846136e+00
1.614287820149195696e+00
1.756088570493371526e+00
1.403889703107638498e+00
1.982485193154568837e+00
2.587292857206429986e+00
2.127239418744253374e+00
1.994182545248956551e+00
1.473405331491453474e+00
2.294589493534434865e+00
1.374472540541181287e+00
1.111699480153618191e+00
2.441368816399113406e+00
1.906414999655853038e+00
1.951269646917418665e+00
1.954802963640835944e+00
2.452261126566662064e+00
1.611130865069608564e+00
1.761359414763747910e+00
2.434767747598624688e+00
2.361976135869550575e+00
1.684587826283663547e+00
2.210520867415267432e+00
1.827067388772954271e+00
2.924746307217689356e+00
2.330944718308050057e+00
2.035812769602586947e+00
2.442877127848931629e+00
2.039045125595112751e+00
2.230566122685037733e+00
1.879999037627927638e+00
1.628822835217063503e+00
2.178940496451981623e+00
2.102026264637662401e+00
2.126016356982719291e+00
2.670889024013197055e+00
1.930276790788895802e+00
1.649919656655018496e+00
1.893575145919133229e+00
2.720273341104501696e+00
2.024057554050186614e+00
1.370572486836804993e+00
2.228789033282422949e+00
2.144767249293593192e+00
2.245920716993000443e+00
2.059414219442426308e+00
2.457190228370239371e+00
1.529286863575328059e+00
2.644413380754625731e+00
1.885704623912016320e+00
1.431596824147682856e+00
2.127663424208833476e+00
1.298352352385022446e+00
1.761190446568039025e+00
2.154308062281208525e+00
2.839057355083873357e+00
2.011892852687507727e+00
1.220890920605786079e+00
2.004079918764158474e+00
1.956252505773170114e+00
1.879190378965282404e+00
2.190427891311612640e+00
1.223509095398294999e+00
1.316633173455994621e+00
1.937402748914730299e+00
2.580254834809044162e+00
1.483758026317056222e+00
2.399257134146246528e+00
1.231827881293609206e+00
2.148359952558410058e+00
2.461652548256466844e+00
1.668610812452231862e+00
2.515401739505656487e+00
2.034742072425988368e+00
1.408787473606323282e+00
1.776452065853074469e+00
1.647226904185459695e+00
2.037505929347382505e+00
2.103681821867358082e+00
1.897398520638385655e+00
1.799562072340990859e+00
1.185740591743063232e+00
1.786266228307502368e+00
2.491066899497179854e+00
2.293212667789432224e+00
2.770948797786309648e+00
1.361946433321799210e+00
2.123458558607186575e+00
1.744667510937274457e+00
2.533398348030508895e+00
2.399499462698191365e+00
1.843250584412836846e+00
1.751708591622651134e+00
2.162916510000869152e+00
2.716218658436474698e+00
1.403678568481337541e+00
1.824345660124075730e+00
1.599091791372994065e+00
2.451309415282997062e+00
1.659425660091079280e+00
2.276940563666975947e+00
2.273292504255153723e+00
2.209886716506844984e+00
1.865847909758975076e+00
2.496551788399973937e+00
1.501343513442262800e+00
1.622338634084505182e+00
1.894448838424863890e+00
1.254127866604002106e+00
2.332203256190998442e+00
1.730836409735578396e+00
1.628095881676858259e+00
2.633254859622826238e+00
2.321297699231460676e+00
1.263732028958301612e+00
2.479158699914163044e+00
1.990214794777406926e+00
2.228419716135530582e+00
1.503023777357292090e+00
1.633636884910370846e+00
2.353134701421370600e+00
2.101068880497452440e+00
2.225831792923590235e+00
1.866354929063370749e+00
2.300377302810600710e+00
1.281293021400708332e+00
1.495869030193437421e+00
1.956884280263151865e+00
1.553881759215533620e+00
1.948452632263620643e+00
1.636795705635943232e+00
1.462104400437304941e+00
1.546568041279632322e+00
1.649415967076610423e+00
1.540955803716621109e+00
1.915289795772891157e+00
2.027918280988572519e+00
2.317305679292967824e+00
1.457359302740893536e+00
2.755973298145550920e+00
1.552457969210926159e+00
2.393305618315593186e+00
1.583769075283728345e+00
2.108973622942153625e+00
1.790854451952592186e+00
1.241402185760384747e+00
2.828822447065546086e+00
1.900641771114573331e+00
1.754538042102380402e+00
2.477963736179752630e+00
1.811345671251009204e+00
2.040951697984517033e+00
1.488710390969796071e+00
2.013625844951502764e+00
2.245127831623979553e+00
2.449882211811221566e+00
2.160582747505977785e+00
2.121783845304390681e+00
2.189380182512699058e+00
1.282197008049465126e+00
2.111221241497037937e+00
2.142475800779591211e+00
2.590441680548486225e+00
2.438467671222303679e+00
1.700860384993108099e+00
2.641018784268008623e+00
2.555642960183158507e+00
1.890703688977539709e+00
2.038896103397431325e+00
2.684258731593274661e+00
2.050885817446476800e+00
1.874785263476436370e+00
1.918312311226428868e+00
1.810078444375802231e+00
1.490258095836653585e+00
1.759603861591101381e+00
2.513164283225165718e+00
1.671664104352255986e+00
2.067082691353354207e+00
2.169684129020643226e+00
2.607835499540489099e+00
2.136121686795772412e+00
2.115488395167247848e+00
2.050365095593979170e+00
1.475059409016815870e+00
1.673451911991723051e+00
2.225277469705901900e+00
1.660301107257529107e+00
1.404364541398850141e+00
2.303239454001901443e+00
1.533777798872123288e+00
1.739072769146632780e+00
2.428699633630460930e+00
2.244468528542406638e+00
1.721651097616176962e+00
2.059396320702634675e+00
2.424577031972884100e+00
1.481636306338314668e+00
1.549078315365293612e+00
1.354740427823284632e+00
2.186253079894857621e+00
2.306933594908855856e+00
2.292656603021111295e+00
2.319122255166915281e+00
2.379624387644702299e+00
2.514532143971740741e+00
1.378281162497685397e+00
2.132794492279355580e+00
2.155893667309768169e+00
2.005843178486116152e+00
2.084743170613012175e+00
1.704184105067638511e+00
2.622063642803467598e+00
1.810654983261663853e+00
1.971260031891668874e+00
2.044639258516227631e+00
1.737274776938293019e+00
1.846905237308828607e+00
1.523885877090303431e+00
1.730028149185171227e+00
2.141479750460490550e+00
1.399606356380133310e+00
2.658174567871525618e+00
1.666863317088244756e+00
2.301665044722007725e+00
1.250009548188006248e+00
1.976222442648515543e+00
1.823137985131274785e+00
1.871355811478459419e+00
1.482331743267691904e+00
2.206907426692085838e+00
2.331059902652978799e+00
1.929613172291058554e+00
1.663160880316468138e+00
2.136936537963014970e+00
1.819104700622064641e+00
1.577510037912141616e+00
1.647353459948877941e+00
2.184917293938464233e+00
2.321958789709618109e+00
1.425342590177269608e+00
1.740839908018690263e+00
2.065595306820108057e+00
2.035260659575834907e+00
2.462936958959813794e+00
1.992679145615432912e+00
2.385324578807893836e+00
1.371305403364103670e+00
1.429872865264374182e+00
1.241178166689153040e+00
2.302221819775771117e+00
2.219653979235292063e+00
