1.465014287931374115e+00
2.239690912603061079e+00
2.845639980135802549e+00
2.386168000590416671e+00
1.966108140556019457e+00
1.597295572381895790e+00
2.068650311587040047e+00
1.890956401037263479e+00
1.949970509403681440e+00
2.871465160369310432e+00
1.751262734659625009e+00
1.841621294395629382e+00
1.809940664668141519e+00
2.586177142345689628e+00
2.188442357465307353e+00
1.952021698217404566e+00
2.355616592180396651e+00
1.417031211855277251e+00
1.853477472321003905e+00
1.589264277741385900e+00
2.117949447675350427e+00
2.390579428075858992e+00
2.117555397999367983e+00
2.173993657226782172e+00
2.517820819205264460e+00
1.920079950560333870e+00
2.509344264432904037e+00
2.307021534036320709e+00
1.920682953048128194e+00
2.114179537700291434e+00
2.338843135389232941e+00
1.690315487485932522e+00
2.125063483338657466e+00
2.043929304690146331e+00
1.973742044968402443e+00
1.604861399784118570e+00
1.760543158265970076e+00
2.361138741669433827e+00
2.098935599308290989e+00
2.551927646689767570e+00
1.666703784022246060e+00
2.572634020956198420e+00
2.825349743340586528e+00
1.493311671566406984e+00
2.242401310402516224e+00
2.065650020159140787e+00
1.548970165044544878e+00
2.459384936583513870e+00
1.600601738820385478e+00
2.420275497523264541e+00
1.632725695328104187e+00
2.048211328706961876e+00
1.308707150842687517e+00
2.180768355809886927e+00
2.494853083678091110e+00
2.805513749930751644e+00
1.681665406517243833e+00
1.905277114654505333e+00
2.420726071023948656e+00
1.665439558854265201e+00
1.541709982309909188e+00
1.455161857258649327e+00
2.255458534713590701e+00
1.848196834463416760e+00
2.214482194705748697e+00
1.548175815038989711e+00
1.814046152258892874e+00
1.248420392630072095e+00
2.250981561990755608e+00
2.486399529932330488e+00
1.757723860502766078e+00
2.570595826553497165e+00
2.051991675510348223e+00
1.867755692567282022e+00
1.516391636633108941e+00
1.707776276889685363e+00
1.811056023432624951e+00
1.721364656924786907e+00
2.650467427354633809e+00
2.324673184857809716e+00
2.180703782040410488e+00
2.079372636604752245e+00
2.093492946021077827e+00
2.457502282029187413e+00
1.572073334490973640e+00
1.459625717423174818e+00
2.418082691183187194e+00
2.066745962618200316e+00
1.482840476859633050e+00
2.104338428376367531e+00
1.299273335784095762e+00
2.598676523555667472e+00
2.058695111482001572e+00
1.398355672803629046e+00
1.852028246272158230e+00
1.460309906376227929e+00
2.270387515665880152e+00
1.601436988541409256e+00
2.262068717679909469e+00
1.789129848431891823e+00
2.074066593120860613e+00
1.460997730954650020e+00
1.523642440951082255e+00
1.434065967611446668e+00
1.718862225317871584e+00
1.752089219299091116e+00
2.672352100710393863e+00
2.488888976894004124e+00
1.361657729102413450e+00
1.632571658899734324e+00
1.378278279160225273e+00
1.571239291723426135e+00
2.459044135723481350e+00
1.363209369038995478e+00
1.346888024029378350e+00
1.746240887212849868e+00
1.809979861096152609e+00
1.498418115391383143e+00
2.070766591677962509e+00
1.775883239527061619e+00
2.007274581599142849e+00
1.871627980026812743e+00
1.918005346232907637e+00
2.612096760773356952e+00
2.046804420273364844e+00
1.978172313076415056e+00
1.123471511800985034e+00
2.099094268721374945e+00
1.900838176068329277e+00
2.638286199604836568e+00
2.617627008682912759e+00
2.051984875489563986e+00
2.437930091403776700e+00
2.287493137317810010e+00
2.254506784190066337e+00
1.939226341155324773e+00
1.704272359291017835e+00
2.384753543156626243e+00
1.324244752129545954e+00
1.997271564347848694e+00
1.667686984671174599e+00
1.731339108388624259e+00
2.671236283551531976e+00
2.085728704063954275e+00
2.503118319143720072e+00
1.923947701002941546e+00
2.506659396940492890e+00
1.428380510131169290e+00
2.550505421205802481e+00
2.759645216178397309e+00
1.885324155012585212e+00
2.785998869255639221e+00
2.284410758922434503e+00
2.208784610845981433e+00
2.019549809542538377e+00
1.951929881752364704e+00
1.789920943384615715e+00
2.185944383596066132e+00
2.202476627698344736e+00
1.975149785106701250e+00
2.262363586153106176e+00
1.701686577811177825e+00
1.767823528001978728e+00
2.799090606905468182e+00
2.264618800798981368e+00
1.305017140690020838e+00
2.171081720302775686e+00
2.196202490623361925e+00
2.156870615562378468e+00
2.566735183367292450e+00
1.665525475661233656e+00
1.552260623084031677e+00
2.206506366165003286e+00
1.643445268281609639e+00
2.127557874647815428e+00
2.612466941536181864e+00
2.062450194538412607e+00
2.103054203814040068e+00
2.239530650462014272e+00
2.000972238374764345e+00
2.788994804033607888e+00
2.258966455401612450e+00
1.735436970487552300e+00
2.035338987838222202e+00
1.841838334259302545e+00
2.593363999526025587e+00
1.144579726944679798e+00
2.034625536487773889e+00
1.978066033977260663e+00
2.084617303026619517e+00
2.112912019597896762e+00
1.747045307961318183e+00
2.241203099716666536e+00
1.982320546591860300e+00
2.305745959289560609e+00
2.733600267840808229e+00
1.584641874272292750e+00
2.773908822127931106e+00
1.694291006491723151e+00
2.250612823181624922e+00
2.207239778769160665e+00
2.952612506040013685e+00
2.066803583620298035e+00
1.510924209611944846e+00
2.036898599079902894e+00
2.328055861170336804e+00
2.351221469227083638e+00
1.841242801470728496e+00
2.264474276409890408e+00
2.255054697280785447e+00
1.492846107446064607e+00
2.372742131330543458e+00
1.572902720443769109e+00
2.541410562743645851e+00
2.061483970113390907e+00
1.571750833671215819e+00
2.551950117588939193e+00
1.748209048834519441e+00
2.706173180942419876e+00
2.566759726323104118e+00
1.361745972951122763e+00
2.346290714041422198e+00
2.369179155342614251e+00
1.478627668226102587e+00
2.587426585840192583e+00
2.624839566710795324e+00
2.235664763709481750e+00
2.310252915061472123e+00
2.460938243624536170e+00
1.207154659195321722e+00
2.195803183129120484e+00
1.042296005184055741e+00
2.307199228950760794e+00
1.786473600452935351e+00
2.302647705505275866e+00
1.815963190792664994e+00
1.892393061233834883e+00
2.287333999122559192e+00
2.132211678640607122e+00
2.234308391154645079e+00
2.128317566837942820e+00
1.567706846317132197e+00
2.573958414522988569e+00
2.125633916046184346e+00
2.502986265263657195e+00
2.675538485177714421e+00
1.888044199374336429e+00
2.293327329493122235e+00
1.943653370425156623e+00
2.327540399089539136e+00
1.503852966265586844e+00
1.466832657918643479e+00
1.851013253566116790e+00
1.291272815190959156e+00
1.831451146676756903e+00
1.863549496383406723e+00
1.772954554466034338e+00
1.992478737386709220e+00
2.581256409682321618e+00
1.416532301256577808e+00
2.117653184014217871e+00
2.140312032297230882e+00
2.162626286501715178e+00
2.019033030349686619e+00
1.704577212705904232e+00
1.781090719246290810e+00
1.959941942136281368e+00
2.164127607188981006e+00
2.689510876110196236e+00
2.175145938183034922e+00
2.623501820444039012e+00
1.902757605697068310e+00
2.398828203857418906e+00
2.666651503638578724e+00
2.083298946250485173e+00
1.917168656777749058e+00
1.208582259662505098e+00
2.880355978208842593e+00
1.353065585912505142e+00
2.007265191003337890e+00
2.058862258437462067e+00
2.532118278532113465e+00
2.138413873689814615e+00
2.485711572385861157e+00
2.404849487340935177e+00
1.975377887759756756e+00
1.647019175199812224e+00
2.279569313131916797e+00
2.507953442005495859e+00
2.009106251984055014e+00
1.794137237054753253e+00
1.333873555650253229e+00
2.064002094197353365e+00
2.098568497338510142e+00
1.320240919750911068e+00
2.161999588041199072e+00
2.054472538387370761e+00
2.516194684481409816e+00
2.263419035776935040e+00
2.354013634944538413e+00
1.224876354504892406e+00
1.195100886384857120e+00
1.912422386928336770e+00
1.644669223377905887e+00
2.388561920474958633e+00
1.285728568004735894e+00
2.625800231454746836e+00
1.965111575857461323e+00
2.491807792609822769e+00
1.687449478485299137e+00
2.343860037032878374e+00
1.626369246466542684e+00
2.611521424629722254e+00
2.061503419410926519e+00
2.457013863496479544e+00
1.386292440003136894e+00
2.121668255236926370e+00
2.494041535954194977e+00
2.118004672530340748e+00
2.117038241846006308e+00
2.529933904422882573e+00
1.948095556566299624e+00
2.349421523393451672e+00
1.585267076042302881e+00
2.217779239049145978e+00
2.377537874559346065e+00
1.510048764494684725e+00
1.731792216136700091e+00
2.049565814074111980e+00
2.453342256733066051e+00
2.026575024918352064e+00
2.336603488008861973e+00
2.001646310509769933e+00
2.647887536664049968e+00
2.141039765516954851e+00
1.875182235197263569e+00
2.091816866959655741e+00
2.154320279600215660e+00
2.195831046470011927e+00
1.464923188199572568e+00
1.473664127223681675e+00
2.389996217089051189e+00
1.609125903086648490e+00
2.156649381264651666e+00
2.719141397332711207e+00
1.972462329512978840e+00
1.863617773727957561e+00
1.991689896401599214e+00
1.513698984685957649e+00
1.936126954607180872e+00
1.921798624797206312e+00
2.497443889945935247e+00
1.626908581935781584e+00
1.449644843681700879e+00
1.979255016373645093e+00
2.581901319218984359e+00
1.259508440427305587e+00
2.433647138209984462e+00
1.352342014182719820e+00
2.036077430936006571e+00
1.985040215612458692e+00
2.130131463835057914e+00
1.361370012525518147e+00
1.198049948354066307e+00
1.845099343001971093e+00
1.814642386374876626e+00
1.563591472052451969e+00
2.563117268530867410e+00
1.776249912089775895e+00
2.266056768607894512e+00
1.810213226041690771e+00
1.975527558675993944e+00
2.377122094022537269e+00
1.922448188837513339e+00
2.450806957776741513e+00
1.901939689979101900e+00
1.917652653348073333e+00
2.876892963056215002e+00
1.872227619571859236e+00
1.972499872553053368e+00
1.305250660506659610e+00
1.936241202958737473e+00
1.769006674226898390e+00
2.160942170715732136e+00
1.983589695578662049e+00
1.992778951136591203e+00
2.449506476653004583e+00
1.586459243997826007e+00
1.724297480023088358e+00
1.669859491978732402e+00
2.412584436867521553e+00
2.791812526882756718e+00
2.343725572024433212e+00
1.931811383308904340e+00
2.274509798760092849e+00
2.467252533967745798e+00
1.992389046365819372e+00
1.720636726398870664e+00
2.163086194771916215e+00
2.548108015174957774e+00
1.636796500607353932e+00
2.007702537360972705e+00
2.151116464701357422e+00
1.814152416270630397e+00
2.267900628213428860e+00
1.921125023292519218e+00
1.750296509382283539e+00
1.658126886701803304e+00
1.635276391993937928e+00
1.538545818490417272e+00
1.482367402027915837e+00
1.744536321645196786e+00
2.458611441555204280e+00
2.297620871806978826e+00
1.592135779144953744e+00
2.044686426490856412e+00
2.351645884853370116e+00
1.809194924980992436e+00
2.326989050261599523e+00
1.952194989597622499e+00
2.364790275785740192e+00
1.923454407628958140e+00
2.594646411538622743e+00
1.619252016599118216e+00
2.508508526210104783e+00
1.673192706091699344e+00
2.470637206927178475e+00
1.617809470085947332e+00
2.293109255261573942e+00
1.453078620316993419e+00
1.612420936873194766e+00
1.792894231332136989e+00
2.238841357142251631e+00
2.149903770703127659e+00
1.288768226123455207e+00
1.634451058277749169e+00
2.524102690774041591e+00
2.783883831319808877e+00
1.937892889620827841e+00
2.088914399188252169e+00
1.815009556347902064e+00
2.340703851802876656e+00
1.923937283754699301e+00
2.197254280414028926e+00
1.406081670176392295e+00
1.608220728194263094e+00
2.256911145140596986e+00
1.719862723036482466e+00
2.871742664010600521e+00
2.402882997610058524e+00
2.092512492453055373e+00
1.494371271880010621e+00
2.359448275811207196e+00
1.051319887644283746e+00
1.671947586384372020e+00
2.236324011804077916e+00
2.482539795506968350e+00
2.742923258277355281e+00
1.842131756120958253e+00
1.676648448152008974e+00
1.210723101451484318e+00
2.303731692082369165e+00
2.015734618507417863e+00
2.102188344525655950e+00
1.834537304778847133e+00
1.765403561121028586e+00
1.874680389375713352e+00
1.347862316124353477e+00
2.167668766125175672e+00
2.074815470419352881e+00
1.318649430421282354e+00
2.337137664822582117e+00
1.977793706239900917e+00
1.844442080912458426e+00
2.730298185845620118e+00
1.795639199466255942e+00
2.341530157992280259e+00
1.706830206000387040e+00
2.863358691379163545e+00
2.262678910909506680e+00
1.382595847294529001e+00
2.030536919770216997e+00
2.314340472779503166e+00
1.281175430329959841e+00
1.266817256472734909e+00
1.490545932117292693e+00
2.267427212298533945e+00
1.278272321738358031e+00
2.393658458648515897e+00
1.485004948664223834e+00
1.959257628757750558e+00
1.855414678501992487e+00
2.444409410399595473e+00
1.967125462830301874e+00
2.804205512841372094e+00
1.687498949634703926e+00
1.588460203848665486e+00
1.790287164543176601e+00
1.813440691564282892e+00
1.983214161677408161e+00
1.703851101605629692e+00
2.054854724681979050e+00
2.265598414508660063e+00
2.210478274159212830e+00
2.249279978688125681e+00
1.687978415707700908e+00
1.591096280820374798e+00
1.793836630761471707e+00
2.353858402872335276e+00
1.921399061459967861e+00
2.724000811133106215e+00
2.281684362830759927e+00
2.330065882357406082e+00
1.160509855616148833e+00
2.363930413228873650e+00
2.471564205238398149e+00
1.605879991702584331e+00
1.457909741177535690e+00
2.287954196476649216e+00
2.446840679104671956e+00
1.460942578643737555e+00
1.571514773376429197e+00
1.987401257339681759e+00
2.651741631944066313e+00
2.168490783190843985e+00
1.108545581648581635e+00
2.593413134473534942e+00
1.952787593505542763e+00
1.609018392159854205e+00
2.087199481872490381e+00
2.328488955266055260e+00
1.867884968680755264e+00
1.571503973551515276e+00
1.279962439539248154e+00
1.548210295843398310e+00
2.434321836799836714e+00
2.143606727974298742e+00
1.960897107950686280e+00
2.013589239102899775e+00
2.368872311987622048e+00
2.583981234923673931e+00
2.020906223073606789e+00
2.146358743725711449e+00
2.483403413458459497e+00
1.533103426963277949e+00
1.900744720820750855e+00
2.625754742359757810e+00
1.499584971396368260e+00
1.392659204701133024e+00
2.492756810478333307e+00
2.303074362468009895e+00
2.631322110858382857e+00
2.313252771242219730e+00
2.279238669410398099e+00
2.371395350288144854e+00
2.323632238439909514e+00
2.051770521028728922e+00
1.892747961705665061e+00
2.379204983870711665e+00
1.394007017573168694e+00
1.316795763764905480e+00
1.608455261611752896e+00
1.818700759042525261e+00
2.270213190450016683e+00
1.498043548576452944e+00
1.919832840402899699e+00
1.828219062476482026e+00
