2.229016966904440622e+00
1.520456334078907012e+00
2.276173501151652623e+00
2.230710472983593373e+00
1.762318024840034525e+00
2.408061993767662834e+00
2.444639358706434784e+00
1.700247550398656937e+00
1.569101490189686032e+00
2.099704962614748371e+00
2.234510247109422920e+00
2.208031076718813157e+00
2.205912574996393261e+00
2.883795974830662523e+00
2.333935051350107592e+00
1.670177799999803092e+00
1.621931266592384402e+00
1.661924351131728761e+00
2.743510869325413548e+00
1.991188197886106792e+00
1.876922673600973202e+00
2.505952217404741944e+00
1.753265551965663471e+00
1.415778138179712098e+00
2.192967134712225707e+00
2.337475337464433700e+00
2.399616939389215275e+00
2.632542184313070521e+00
2.389680638806987112e+00
1.737007332561891992e+00
1.843361785826644894e+00
1.850855414865884896e+00
1.444562245119435984e+00
1.747395208291630642e+00
1.623096856084798034e+00
2.287191180233730581e+00
1.865032456058107080e+00
1.784702565804651808e+00
2.127295797656695520e+00
2.508870491755199161e+00
1.481603078405123508e+00
1.473740370776528419e+00
1.389312647435462678e+00
2.291611657132680335e+00
1.302514702677965985e+00
1.333894627242406816e+00
2.115722922009322104e+00
2.666816698270134900e+00
1.870214459471845503e+00
1.670634609740480947e+00
2.200290259219474187e+00
2.578242285397996270e+00
1.951982205379084512e+00
1.586710853720096015e+00
2.249293327755629068e+00
2.465043937385295258e+00
1.885171332670456223e+00
1.532077267808128473e+00
1.537904767667137351e+00
2.563984425972643866e+00
1.411631181771830335e+00
2.059974171296957923e+00
2.379851835092948065e+00
1.671459840404688535e+00
2.257510894172782834e+00
1.802408621833568425e+00
1.193042842795278835e+00
2.018973485803990719e+00
2.096991560123178555e+00
2.323953104221991417e+00
2.794039192361371882e+00
2.159947128316183740e+00
2.265549329734137807e+00
1.703600682957839618e+00
1.963986076544463888e+00
1.508614610223331542e+00
1.499270036772302861e+00
2.168192761954474079e+00
1.452246303356988566e+00
2.141755627434530851e+00
2.077784853785497710e+00
1.472208508056940701e+00
2.122530220642876220e+00
1.796839995967366432e+00
2.726099404288809591e+00
2.181692838178998173e+00
2.177978413208437658e+00
1.858750065837573295e+00
2.359547542627003391e+00
1.801314606441944743e+00
1.660145413726972663e+00
1.599234520032212004e+00
2.443546965739996857e+00
2.175416970920688087e+00
1.850886672303512226e+00
1.981291802074864439e+00
1.770951534355739376e+00
1.997490774613486231e+00
2.629157958358828484e+00
1.999916652742962597e+00
1.629916082914506736e+00
1.036643878590497003e+00
1.516074038354708442e+00
2.053816907187892227e+00
1.608413820500735447e+00
1.534415617275394883e+00
2.598633252501160840e+00
1.496505131491523422e+00
1.716297911763798201e+00
1.963666270913198675e+00
1.757731363431879412e+00
1.785638056114499328e+00
1.972938551918722805e+00
2.558562111511253789e+00
1.507830911757122472e+00
2.303592083028969562e+00
2.745798154561408300e+00
1.971436625046750768e+00
2.015038942964006541e+00
2.607917917718540757e+00
1.907595132978478158e+00
2.285730266951170986e+00
1.472557538634952756e+00
1.642077520270294411e+00
2.107408063156073652e+00
2.035643412145231146e+00
2.495937759339277306e+00
1.416610310552060215e+00
1.873825813759702141e+00
1.654325496274648311e+00
2.540290098502957505e+00
1.292927524682370821e+00
2.377912537634857770e+00
2.356106247990982006e+00
1.701774418401436728e+00
2.347384020693558337e+00
2.288790954064620742e+00
2.355940296530929956e+00
2.269188699591982328e+00
2.278263053955064343e+00
2.274903225368682946e+00
2.172156164544460921e+00
2.239296497293456589e+00
1.875721889444125878e+00
1.518236402530233731e+00
2.303719960904396125e+00
2.577941691579451966e+00
1.725733664130950862e+00
2.570297601674982779e+00
1.766438558918956847e+00
2.743373310480057725e+00
2.632313129808995900e+00
2.188181183150051723e+00
2.282678166263290898e+00
1.565913504552882252e+00
1.489318591802359038e+00
1.781777888553521816e+00
1.960080231456061695e+00
2.051456747671554837e+00
2.368759233471975811e+00
1.771631892219976745e+00
1.421609411820570434e+00
1.899035167960989368e+00
2.422983085884653498e+00
1.393733301016962134e+00
1.987834618930501618e+00
2.426793265670528221e+00
2.323738669023038383e+00
1.433807184715069294e+00
2.342673159070976396e+00
2.288996712286675450e+00
2.053348979001560881e+00
1.307185362418764152e+00
1.710804781800206342e+00
1.525472223137951389e+00
2.618181032180354695e+00
1.973702739569147990e+00
1.717188890762489262e+00
2.209164947881337770e+00
1.964747758790154286e+00
2.090286666809481275e+00
1.654716322686843766e+00
1.616685740888295086e+00
2.251781889600722231e+00
1.636250928622017042e+00
1.878031456172020164e+00
2.482299817465962288e+00
2.108832532605395826e+00
1.126121470835598437e+00
2.390976293433642930e+00
2.309250565247608300e+00
2.296050806287871282e+00
1.893422661352796910e+00
2.438015363578368344e+00
1.554938927864286002e+00
1.361399141539610280e+00
1.662705176443877608e+00
1.604564818997615383e+00
2.464474777806710648e+00
2.123633195116075179e+00
1.941098898191437438e+00
2.374449627564641396e+00
2.130034666231992446e+00
1.972713690195811997e+00
1.186161391507925877e+00
2.197585099255859209e+00
1.915328981828622545e+00
2.191320078928798765e+00
1.719336429464536575e+00
1.093419595287959512e+00
1.881127910288812766e+00
1.427952891340933617e+00
2.577349842268028546e+00
1.830134600718485993e+00
1.788058540348085090e+00
2.650108574657072502e+00
1.997821914530816478e+00
1.722918909753262895e+00
1.783965966370468781e+00
2.140033322788278625e+00
2.455087863754820354e+00
2.662277205371924360e+00
2.574221367525748150e+00
1.975516798519850514e+00
1.251120531695384397e+00
1.690537082300667571e+00
2.157661764348166589e+00
2.109789909293456667e+00
1.781503718442408291e+00
2.299740813441702336e+00
2.319455807328689723e+00
1.929887009595012248e+00
1.264235179809517273e+00
1.908060957056730622e+00
2.008544422684745534e+00
2.279795869297773336e+00
2.062471544993946360e+00
1.814156358780832701e+00
2.450210965474005853e+00
2.207082765599153618e+00
2.149691273364862099e+00
1.751287576808333135e+00
1.921912150480629133e+00
1.681419518826200221e+00
1.997208709061872423e+00
1.739674780972865431e+00
1.986355363150538622e+00
2.622698421028939464e+00
1.932032945192351470e+00
1.713084014728742055e+00
2.909860768261056663e+00
1.356385154502418811e+00
1.726580431280873462e+00
2.103416673598337283e+00
1.818704967814188667e+00
1.638151620520827079e+00
1.270387003761422440e+00
2.361796111004647258e+00
1.612673451110859579e+00
2.637948774619597092e+00
2.696274956801703482e+00
1.959198686798765188e+00
1.655009167311455975e+00
1.749562910600563903e+00
1.736807367537697377e+00
2.523669588634054328e+00
1.887633532349137777e+00
1.720048958812252504e+00
1.399231919325310436e+00
1.437523106663045391e+00
1.214849491567921103e+00
2.106055981559322721e+00
2.705643459183453281e+00
2.400368087704439102e+00
2.058112625123248218e+00
2.322704425996824362e+00
1.845292794369866041e+00
1.648486143251219005e+00
2.553334493087844770e+00
1.612709773898948651e+00
1.473611330096558758e+00
2.206037788326888460e+00
1.430916738168802826e+00
2.336237132017246587e+00
2.485066654444774592e+00
2.754996760533217071e+00
1.921626289278535848e+00
1.908880170724281511e+00
1.949744119698674449e+00
2.170756642648503210e+00
2.152191556195493405e+00
1.557949948356953662e+00
1.850816785216261806e+00
1.347402214962025058e+00
1.227424529871823600e+00
2.465572943697513342e+00
1.927983824587187200e+00
1.785779992741891586e+00
2.123714462146027770e+00
2.367389187985413201e+00
1.540099046335734911e+00
2.389441998631985697e+00
2.633324490960013087e+00
2.346853883602525226e+00
1.592426645257354556e+00
2.345713034621093485e+00
2.001027311901298678e+00
2.584006362249759547e+00
1.594635189745201798e+00
1.558376326407433732e+00
2.134038146287164928e+00
2.051230523236722725e+00
1.734907429355647457e+00
2.033491229405052003e+00
1.850988356483233011e+00
2.346863257492325161e+00
2.484633025131937512e+00
1.879078518053399982e+00
1.475635019691170502e+00
1.400759224384732660e+00
2.621384063499718309e+00
2.351899941830986052e+00
1.916943857301983689e+00
2.015684168733785420e+00
2.008378271721209529e+00
2.618144260382345045e+00
2.213929057804379319e+00
1.816640483064929423e+00
2.110906117693255979e+00
2.007756468002671824e+00
2.115085069520387329e+00
1.764208689177742873e+00
1.705720102137653793e+00
1.451317682645683504e+00
2.449344667599900660e+00
2.272719326982497901e+00
2.133413914563297986e+00
1.756801382635019504e+00
2.426606043965352733e+00
1.782110825830423906e+00
1.291429536263839051e+00
1.745962728671488717e+00
1.617877667594413538e+00
1.443646388550453574e+00
2.114967536820709704e+00
2.412160644819635102e+00
2.355147240340187409e+00
2.279823454624973156e+00
1.630795199526905881e+00
2.141604107737887119e+00
2.230912518920736609e+00
2.013022333320315216e+00
1.666462728296693729e+00
1.864759188876410345e+00
2.030299119754002568e+00
1.789173983990379302e+00
1.732137205770540866e+00
1.972704272555007021e+00
1.345549173882256699e+00
1.764217458439862662e+00
1.923309527039770650e+00
2.421469368844580750e+00
1.451586457952198650e+00
2.571805092862488706e+00
1.954617401681778555e+00
2.122870603430834446e+00
1.811363324465311342e+00
1.835820716977597300e+00
1.658903257868346026e+00
1.961612352377927415e+00
1.844585160474252028e+00
2.875142881611698620e+00
2.693418492020137833e+00
2.042594221001349908e+00
1.289573903929621235e+00
1.988516607956900328e+00
2.083940660189756766e+00
1.501262097793319983e+00
1.692372661917516563e+00
2.154344418713573184e+00
2.559899728592092139e+00
2.165327071279699922e+00
1.552284004037670417e+00
2.347601755262411771e+00
2.003992179061238943e+00
2.333961920374718169e+00
1.369381043005126530e+00
1.396783515084860205e+00
2.265047271324883482e+00
2.760893110059758904e+00
1.278788100396757166e+00
2.147087988266663139e+00
2.389636115295621810e+00
2.642230003596876209e+00
2.558738722724162251e+00
1.948191154164721661e+00
2.680905739289396461e+00
2.209807223395315212e+00
2.640158870182799600e+00
1.710369697737715855e+00
1.442972486828226319e+00
1.585085900182601204e+00
2.282952988012826090e+00
2.455878686843870007e+00
1.504264872742216319e+00
2.028217073553727268e+00
1.900515503975635845e+00
1.539264666676854354e+00
1.732259616507983324e+00
1.992998728784513673e+00
2.065108975662337087e+00
2.736719546909032630e+00
2.614675916457521510e+00
2.030050843941794803e+00
2.364518305406309473e+00
1.923371620596487253e+00
1.794297742880449409e+00
2.550264295706850870e+00
1.486596675314753702e+00
1.472864276816757911e+00
1.693179117833288228e+00
1.648408526488142511e+00
2.292593204777489291e+00
1.850200978005097641e+00
1.983894283753145693e+00
1.363115159813403254e+00
2.346106403518779970e+00
1.666445613974678164e+00
2.454409046102475678e+00
2.673724034642054104e+00
1.715444437448011783e+00
2.268041465124557732e+00
1.920504116086976687e+00
1.615107670666878104e+00
1.810086326731767947e+00
1.856385321083060980e+00
2.189806313643410274e+00
2.471012320885205504e+00
2.716724007565373356e+00
2.462844164558509963e+00
2.241013304469368528e+00
1.776270007129767681e+00
2.392152644688006813e+00
1.338613018050123227e+00
1.960951353562621069e+00
1.665594582515823152e+00
1.844630538646364393e+00
1.660167150606767450e+00
2.078421861312470753e+00
2.043949434158896405e+00
2.421376509299256963e+00
2.162601188042465594e+00
1.895932791372807014e+00
2.604020107383994365e+00
1.948462046804285031e+00
2.061597838200727395e+00
1.692013574601884507e+00
2.134751083333231048e+00
2.040830809598983997e+00
1.987947207524866977e+00
1.348135973169576340e+00
2.372359445159690328e+00
1.265959902851923502e+00
2.053047884718234961e+00
2.363854041698985498e+00
2.809369617161515897e+00
2.138208458735848971e+00
2.138374616644487691e+00
1.302542795583554458e+00
2.529068066010131233e+00
1.691885206792610674e+00
2.056636453722815006e+00
2.581045430272857821e+00
1.774522578327666800e+00
2.099106766768500165e+00
2.433919454667483606e+00
2.032722012397271349e+00
1.971077740185097182e+00
2.065359769785897193e+00
2.575490588201434949e+00
2.133229717990319685e+00
1.620086123232553632e+00
2.758917285426247368e+00
2.517981826448612459e+00
2.274554828595281464e+00
1.944669711712561977e+00
1.446540923791394428e+00
1.818475205075505308e+00
1.632707796521537524e+00
2.226880005343383928e+00
2.103111920693053527e+00
2.459560586949597116e+00
1.657825103493097751e+00
2.111954905871090915e+00
2.229820738539577185e+00
1.648740736655182726e+00
2.091406717227633827e+00
1.655307903834222216e+00
2.581010897629977929e+00
2.479799913710425407e+00
1.542330383594537224e+00
2.135950426566828320e+00
2.689448005242869755e+00
1.804994131014226344e+00
2.276736525384736698e+00
1.728195334376299686e+00
2.063459814531354297e+00
1.684914998609600811e+00
2.073316487960792820e+00
2.668920533918083038e+00
2.295653242984212472e+00
2.538192273535509802e+00
1.820396466485774578e+00
2.235437702514377012e+00
1.842141682247085743e+00
1.891771267384874999e+00
1.526238687510603098e+00
2.101233146942648844e+00
1.654207072778743903e+00
2.080487966430697000e+00
2.787819606387414773e+00
2.055693308027344290e+00
1.514833441907929457e+00
1.705388560717992830e+00
2.004519781870016892e+00
2.093773793449307252e+00
1.452611731761115799e+00
1.614375986759807313e+00
1.903462489498663590e+00
1.386840806776369117e+00
1.822380752510914803e+00
1.553339969727857817e+00
1.722736266693135176e+00
1.587218942315857140e+00
1.138806242899104815e+00
2.603414609456350171e+00
2.504099990701908141e+00
1.635757375681837544e+00
1.586076531849479831e+00
1.583181064303610386e+00
1.979667962315875052e+00
2.122020778375450778e+00
1.545294445410744011e+00
2.230827365028448916e+00
1.849395380553604085e+00
2.205124583920385462e+00
1.640958477466150534e+00
1.762951938283252584e+00
2.124501524422977461e+00
1.547400682889625845e+00
2.016966872903475760e+00
1.910251284678598616e+00
2.615670526505693871e+00
1.612409261855639375e+00
1.696546168424599266e+00
2.473707314007213220e+00
1.277585376401897843e+00
1.591380278751007404e+00
1.322452478287062361e+00
1.505478902400868790e+00
2.059900959613529814e+00
1.296095547409343407e+00
2.449207347382315270e+00
2.082255447626142342e+00
2.571612735572458064e+00
1.903352101935605223e+00
2.392498686677502207e+00
