1.985537518413224678e+00
1.901429712600493760e+00
2.562487997231863268e+00
1.796291754957970888e+00
2.152598401567845432e+00
2.018352471593106046e+00
1.721168080832278457e+00
1.555117644859934423e+00
1.790481239657164325e+00
1.939276596889687454e+00
2.471211329882660568e+00
1.632926000547703094e+00
2.283798929525814536e+00
2.151446371963865900e+00
2.322040099229458310e+00
2.324037074615713294e+00
1.800877978115070110e+00
1.090349078851095443e+00
2.047874605932663350e+00
2.299305628009466140e+00
1.856951749472973701e+00
2.576098038444444072e+00
2.495087139707448110e+00
2.577817431171266271e+00
2.537853553949422469e+00
2.041781765184589759e+00
2.101105559135375778e+00
2.457657244017927844e+00
1.737070181658521006e+00
2.394175073274562582e+00
1.664436803209650151e+00
1.588426380576953623e+00
2.401053964646076899e+00
1.618860815127183272e+00
2.521080879690121623e+00
1.798608004176765363e+00
2.042904389653364294e+00
1.645978756921934849e+00
1.717125686592455791e+00
2.724433154316715289e+00
2.251482087481299743e+00
1.678780275540059819e+00
1.505362747642033483e+00
1.510739084465065440e+00
2.611546301486853849e+00
2.131299588718364113e+00
1.625628821288241266e+00
2.726122140730881327e+00
2.751195115656560830e+00
2.527614164883848602e+00
1.682949138165715119e+00
2.083650141597211292e+00
1.500684744823117089e+00
2.335072168267918968e+00
1.655232248023955410e+00
1.955737269125503275e+00
2.422833882755317525e+00
2.542740945722603563e+00
1.217371597077369749e+00
1.446906088252549516e+00
2.563565615673717879e+00
1.710746804137080357e+00
1.452817651168673008e+00
1.266986781660630390e+00
1.229843254090996485e+00
1.422410491392796184e+00
1.787959163113601813e+00
1.886224839096235506e+00
1.836043343206118950e+00
1.233927234639278225e+00
2.097922694031128188e+00
1.901638298237471769e+00
1.958795960266004332e+00
1.886304220527353248e+00
1.711072984088330085e+00
2.397650177377677494e+00
1.560520255724170413e+00
2.602771079768690932e+00
2.197968773378175644e+00
2.057352804387273082e+00
1.800956182574970921e+00
2.816460827275705014e+00
2.102461852877422377e+00
2.141738286821625259e+00
1.928622590053374442e+00
1.982512556227405742e+00
1.638168326663318686e+00
2.490414989978861016e+00
2.026747834151492622e+00
2.594275772031660932e+00
1.876680219609081046e+00
2.081219060548718858e+00
2.261565380106127066e+00
1.284780777725340162e+00
1.953709978166456640e+00
1.246482941362112129e+00
2.320928005055007848e+00
1.946370913792411894e+00
2.114440009918016283e+00
2.340538320743863032e+00
2.503442198092464821e+00
1.619729677460278960e+00
1.455654924990660959e+00
2.261144492747113155e+00
2.285639023683379456e+00
1.644358260813548966e+00
2.069541501879847978e+00
1.607146773579731569e+00
1.609203492656420931e+00
2.535156696947529653e+00
2.563458846045195472e+00
1.999761208666321899e+00
2.507367637093788737e+00
1.578194086368720050e+00
2.389695092799454912e+00
1.490185283081107759e+00
2.593648699596612595e+00
1.368240642247372074e+00
2.080859003118371575e+00
2.467006812511848501e+00
2.412720044111437812e+00
1.873209435987349902e+00
2.627054191941834205e+00
2.328516635565656578e+00
1.339072636263036964e+00
2.275710155393403600e+00
1.954190482881893232e+00
2.200389401729463401e+00
2.502293126357266306e+00
2.276718481347844047e+00
2.368222665896094981e+00
2.125654906870561689e+00
2.259880481566277410e+00
1.314023537940289810e+00
2.042093628048763598e+00
1.647238342229092600e+00
1.956914081756701673e+00
2.204682078182019112e+00
2.320869082403299366e+00
1.733925216061727337e+00
2.107380035770369808e+00
1.401805790280559183e+00
1.725035701366642638e+00
1.754869870536894139e+00
1.645594504907530897e+00
2.473978450990199640e+00
1.523978814536437909e+00
1.709024042181852998e+00
1.396197091474883356e+00
2.014440316515864637e+00
2.129180580669503886e+00
2.308778968542700927e+00
1.612002412193421108e+00
2.162941584254290284e+00
2.616568458566828070e+00
1.899451947838589394e+00
1.412973998786610563e+00
2.072605151722378913e+00
1.640684745703935077e+00
2.890386509502425483e+00
2.081346045123101618e+00
2.041635768164045572e+00
1.407579438750644618e+00
1.943920761628511240e+00
2.227589391136142183e+00
2.453370894864125518e+00
1.488920959527071819e+00
2.236658302917489571e+00
1.405285042363215720e+00
1.775819572506915689e+00
1.716403175966835448e+00
2.544386615432849830e+00
1.923356050965367547e+00
2.025379988752750826e+00
1.773801453085032342e+00
2.338964816607442820e+00
2.722058088488440220e+00
2.537732825925182567e+00
1.975421659681734221e+00
1.769212234331482669e+00
2.041496806826517130e+00
1.601083424087570872e+00
2.391162838761470510e+00
1.836417746888192148e+00
2.816582463111249268e+00
1.410256667855786850e+00
1.840117467831992482e+00
2.330012968447483956e+00
2.298651300363021122e+00
1.563312540122615113e+00
2.719626920070915332e+00
1.904198211974500898e+00
1.352385456367024119e+00
2.335441124160310800e+00
1.531452678299094927e+00
2.250633997844683876e+00
2.277315663393492784e+00
1.888564451933870902e+00
2.282158510009156149e+00
2.740317742570670845e+00
2.320915300598064057e+00
1.812848367842958552e+00
1.675808023952738424e+00
2.423885682899285854e+00
1.854787655851913186e+00
1.497792303808244352e+00
1.871594315408056541e+00
2.426032910713410651e+00
1.463301306242541955e+00
2.218631761034774552e+00
2.819991869934344031e+00
2.240462970977783908e+00
2.220078013918170612e+00
2.296551673856756626e+00
1.350248842275592276e+00
1.801027529854326570e+00
2.893566290584002942e+00
2.656522839754460463e+00
1.815399860949902244e+00
2.230002146479199254e+00
1.696484055575439021e+00
1.833505967497030653e+00
2.237549704010880269e+00
1.763788311557117794e+00
1.361076166905330620e+00
2.349286893977336810e+00
1.876566215922374603e+00
1.978908734211159315e+00
1.586133295014125366e+00
2.688490637351609980e+00
1.793875314520473330e+00
2.357201189094390692e+00
1.420799073321522110e+00
2.169187121428942877e+00
1.826771567686367614e+00
2.286675989962319022e+00
2.500596593193102457e+00
2.172997967278869957e+00
2.573463419880871683e+00
2.172978111840183857e+00
2.446457746792856547e+00
1.835654177974127554e+00
2.473359993288852365e+00
1.799911678110040825e+00
2.746918638553258685e+00
2.472639078270106872e+00
2.014883087740138023e+00
2.433546516808316795e+00
1.690911515765960216e+00
1.825387763550199605e+00
1.466067652700077772e+00
2.082632559088929192e+00
2.194354296250586422e+00
1.838179070696772666e+00
1.923232212132282681e+00
1.423623334523079320e+00
2.170695954482350754e+00
1.946278240010074878e+00
1.172666725186755077e+00
1.193147448336405958e+00
2.157137211941351218e+00
1.883832499704304553e+00
1.937881961472073034e+00
2.240051791237619661e+00
1.656723195144025551e+00
1.986373126010712253e+00
1.588543905097860698e+00
1.734153085428312480e+00
2.128097049824426712e+00
1.888352684131186177e+00
1.883466889656931542e+00
2.170074314763824397e+00
1.706171836469633885e+00
2.774906549213243423e+00
2.352815123779270046e+00
2.227703791317947157e+00
1.599699167034909220e+00
1.716121771592118872e+00
2.117519825254782884e+00
1.090215233663047734e+00
1.924831374651017502e+00
2.048341131767526413e+00
1.434570115225989539e+00
1.805878493298255005e+00
1.994241811798995734e+00
2.296591324013439461e+00
1.918656810568188043e+00
1.496913162172529788e+00
1.644961412326223726e+00
1.715089616096285408e+00
2.244192193682870595e+00
1.470575938313090303e+00
2.019541971441791706e+00
1.443180089699922508e+00
2.708113614337143815e+00
2.411581795538993767e+00
2.339745399410234850e+00
2.397672458685184971e+00
1.847702724866511881e+00
1.633086497251416525e+00
1.742548331087607316e+00
1.244016578423913666e+00
1.392528031996147053e+00
2.325742074224017131e+00
1.879052176819053344e+00
2.491125901663651554e+00
2.123987072764250250e+00
1.580152995351227219e+00
2.439889337673671221e+00
2.359560006902322815e+00
2.317321755489990309e+00
2.008483020032135968e+00
2.401963212518091417e+00
2.486796650521811536e+00
2.042333621064592819e+00
1.814304159047957388e+00
2.349150545053637629e+00
2.048461401842126328e+00
1.913687190406999861e+00
2.667205726843510760e+00
2.572341478628571210e+00
1.371365862998569218e+00
2.014068050053122505e+00
1.235370315570298860e+00
2.238274795674362494e+00
1.076315411603069760e+00
1.731818639765664303e+00
1.912887398324311761e+00
2.166847006641013262e+00
1.685700009430762814e+00
1.847504262953810095e+00
1.877228686882361330e+00
2.700821602439024360e+00
2.170153024526589203e+00
2.436074320069159249e+00
1.724817654294016567e+00
1.264974889536615743e+00
1.748953914129289355e+00
1.479545297529766046e+00
1.789432692319367746e+00
1.821095257722095795e+00
1.976406725746544746e+00
1.899509343424606644e+00
2.365210447838475005e+00
2.252579016529215217e+00
2.539765270223961924e+00
1.919482446634019013e+00
1.511411478498431160e+00
2.491176580199816470e+00
2.476926408699282600e+00
2.142064508343856311e+00
2.424990650835198380e+00
2.693904303862268090e+00
2.372909854671394925e+00
2.382694706038199328e+00
2.044523761511322313e+00
2.030789928587517057e+00
1.987366827033619110e+00
2.190807958258178534e+00
2.125904458761930904e+00
2.167606415171382750e+00
1.959464928540373574e+00
2.354832365005774086e+00
2.480280400805221497e+00
2.100014949466577185e+00
1.880144383257120744e+00
2.415321835007462781e+00
2.062717059035942491e+00
1.505170810624120836e+00
2.096691111526540752e+00
1.809744910757750347e+00
1.994627289963132988e+00
2.806355610812111934e+00
1.509011800573241802e+00
1.586625075772860605e+00
1.710670825350759872e+00
2.209081127124898458e+00
1.696318588703686236e+00
1.329966288862540313e+00
2.278075778824644182e+00
1.541892255612157481e+00
1.990329295935575615e+00
2.017103857121566257e+00
2.637379211850462202e+00
2.534430861879192864e+00
1.680898828653350829e+00
2.394505838642363216e+00
1.878135343362713705e+00
2.013852792967874450e+00
2.651089821652881984e+00
1.728238852563344086e+00
2.813982733795359792e+00
2.146230363945542230e+00
2.113706599337874081e+00
1.789737952908864838e+00
1.452056070685723288e+00
2.025415342456164058e+00
1.299323483809050828e+00
2.066328573014813763e+00
2.252943056383982068e+00
1.662366470999598889e+00
2.423552525178086725e+00
1.888921753249261037e+00
1.951569041340504462e+00
2.055150594624523652e+00
2.390951236458019213e+00
1.665663111071246760e+00
1.326838937620276715e+00
2.106490178078416875e+00
1.415327235992353438e+00
2.457098626112133921e+00
1.293395364655212987e+00
1.725074410467856811e+00
2.217561568191316113e+00
2.901559848739557967e+00
2.045433619736155784e+00
2.257578813542836293e+00
1.849549008683373907e+00
1.898490840696659632e+00
2.107792141576613432e+00
2.239176052617523283e+00
2.069654578273386392e+00
2.188802137793228297e+00
1.278367100235886511e+00
1.266347049108252243e+00
1.945445345030658579e+00
1.920414331957352339e+00
2.962758638198566441e+00
2.082767523035489177e+00
1.879436780078799440e+00
1.415295390557789634e+00
1.507257644204321956e+00
2.301662383966132097e+00
1.662237572957017573e+00
2.073807175023461014e+00
1.893104864724457048e+00
1.314319607552612235e+00
2.454672817692889808e+00
1.547419844450652171e+00
2.469448326119668025e+00
1.607158740974465205e+00
2.454180799560297555e+00
2.049576404640617078e+00
2.142207597773774008e+00
1.779311582197952379e+00
1.553642677030491859e+00
1.794038703563486825e+00
2.518553378501311002e+00
2.411697466870648565e+00
1.810295479301987198e+00
1.656712684898855148e+00
2.160969651056117158e+00
1.921182425665910021e+00
2.130072952993820934e+00
2.602725438771479993e+00
1.650276583729660906e+00
1.253376527299397081e+00
2.014290013826332437e+00
2.614269770082362054e+00
1.599303762287734187e+00
2.106174600084917969e+00
2.371548969450097744e+00
1.760435735666028734e+00
1.995105364023791461e+00
1.974994382243275393e+00
2.461903276530509999e+00
1.774118296060570588e+00
1.353047659662858448e+00
1.755233121784585126e+00
1.466034015526847867e+00
1.849451853173456506e+00
1.437155384891016352e+00
2.559119783644888457e+00
2.159627047741701666e+00
2.291570785792121256e+00
1.810552697874140193e+00
1.459137420895149972e+00
2.221141971059329201e+00
2.746596223698733130e+00
2.391637732341734157e+00
1.203780733429472560e+00
2.439906638345854972e+00
1.967935380070334528e+00
2.361980300752729356e+00
1.696457286987437474e+00
1.737857650034014378e+00
1.184456502733995720e+00
1.673312064571456759e+00
1.579116418513292208e+00
1.524972627229989719e+00
2.095888327898628667e+00
2.630346188873640578e+00
1.781952508552156367e+00
1.921201770428485389e+00
2.332413977237695946e+00
2.501931633951094636e+00
1.393921730605018228e+00
2.016847307844556347e+00
1.807493754948494402e+00
1.906642574987187810e+00
2.101296876378756728e+00
2.203423430001393513e+00
1.994654245390381053e+00
1.446238255127025640e+00
2.021336708127021708e+00
2.482047218590292648e+00
1.714717397474580629e+00
2.312585340238209497e+00
1.552324221687359618e+00
2.010762129205616588e+00
2.076586812605004440e+00
2.093065057067521550e+00
1.914289545666167491e+00
1.726081501769105575e+00
2.125619651046443792e+00
2.204511871113012944e+00
1.835794684728383919e+00
2.037459162654815970e+00
2.475636989364433216e+00
1.848372846624851684e+00
1.933459101139966219e+00
1.761640281562964150e+00
1.872380879576793999e+00
1.551866298409606770e+00
2.091243330935494527e+00
2.004127273650012420e+00
2.211684754991083857e+00
1.220946982040134410e+00
2.438196885976536610e+00
2.296770753748191396e+00
2.043893331430747473e+00
2.422540995400386699e+00
1.859156538515728485e+00
1.864333835402581574e+00
1.548578492031672749e+00
2.708886233396715859e+00
2.198712656891232520e+00
1.832071310125842789e+00
2.885123977269475226e+00
2.730575951343713115e+00
1.622258099544507726e+00
1.774289435587693253e+00
1.564721631286099424e+00
2.076425211083770428e+00
2.226280783091535209e+00
1.623955221129331994e+00
2.591023962450436535e+00
1.764979474470373955e+00
2.030547612927823042e+00
1.729737257526177796e+00
1.443892602779731416e+00
1.950334629832712219e+00
2.063920615283327820e+00
1.906976781821789313e+00
2.434201478977821687e+00
1.902581595613691778e+00
1.249434645980997516e+00
1.842301185588159029e+00
1.714696269616303503e+00
2.228661692264918059e+00
2.219583389804443030e+00
1.749211125455689242e+00
1.913760904666754969e+00
2.383469368352036710e+00
1.550505877280053291e+00
1.365446037260332091e+00
2.096297878132643344e+00
