2.020002027714713932e+00
2.040294369561048704e+00
1.794994526324040329e+00
2.298169470255578162e+00
2.164041209184537795e+00
2.166890662397099376e+00
2.126689050478754783e+00
1.918152273116449757e+00
2.342831940848258743e+00
1.278925573730040677e+00
1.554900806845085803e+00
1.894530642506362383e+00
2.053916342696376240e+00
2.107899241739559670e+00
1.973809936105770824e+00
2.705033452946523198e+00
2.344483948756370673e+00
1.890214741517248331e+00
2.623293594534463757e+00
2.112731629217592833e+00
1.558147532433938665e+00
1.900791972839843691e+00
2.275006589841588323e+00
2.328772876954275262e+00
1.971893714420414945e+00
2.619465232360909113e+00
1.288342697206162013e+00
2.253685159252215797e+00
1.791697147663803058e+00
2.405848936518947490e+00
1.771059830283076675e+00
1.786050561269355574e+00
2.863282280802898594e+00
1.835643886080387421e+00
1.978167897434976119e+00
2.719009689837130317e+00
1.658378084778130646e+00
1.253957164568956006e+00
1.980896641835188099e+00
2.015759048964022249e+00
2.127638355534134273e+00
1.743495473615060964e+00
1.749626767661003335e+00
1.881476242024512135e+00
1.581604639848389393e+00
1.959496705525674010e+00
1.701204752429856804e+00
1.826984010422114668e+00
1.659601349242973534e+00
1.602910497277794555e+00
2.290949235869619738e+00
1.654973278014435500e+00
2.009540973302867517e+00
1.383644726993658924e+00
2.589306804100403259e+00
2.006800059217098919e+00
1.813740328313640626e+00
1.283855413640092813e+00
1.774032157446165936e+00
1.925767451184914325e+00
2.290437873719138651e+00
2.581464655989187840e+00
2.151317237003939731e+00
2.018060229207829348e+00
2.225693573509766487e+00
1.841776437024637225e+00
2.681572698130146204e+00
2.058352728700237222e+00
1.789594116749537278e+00
2.373823650249515360e+00
1.850457617952278255e+00
2.672366106234235872e+00
1.767416570287935418e+00
2.219477251231126047e+00
2.571152273984873560e+00
2.021103928355707069e+00
1.606044363451976542e+00
1.725672867942535049e+00
2.458843351381274189e+00
2.162110932857247203e+00
1.938739278796711263e+00
1.977739422067028574e+00
2.473091092056678875e+00
2.372097961974906521e+00
2.376237048664468610e+00
1.398740425390667896e+00
2.075578705356973419e+00
1.149411573783657436e+00
2.407954826771492307e+00
1.458554574931486325e+00
1.672424806625783411e+00
1.583437466314719266e+00
1.805889373942444198e+00
1.307601577042092122e+00
2.302177926892419624e+00
2.282179180488825843e+00
2.136918527454079175e+00
2.010175134253178175e+00
2.459505975433524227e+00
2.353318368394837101e+00
1.713043401255766263e+00
2.332270196663923212e+00
2.474609987296270575e+00
1.878471260915700158e+00
2.513693024893429495e+00
2.314840026832604369e+00
1.566089474011175042e+00
1.528757842250000554e+00
2.283929139851589518e+00
1.584698266772014197e+00
1.740462324285386053e+00
2.481416445311914742e+00
1.959357653003016342e+00
2.676075334912393355e+00
1.610243391581052563e+00
2.219674467329102896e+00
1.314787390248510324e+00
1.896987684831324961e+00
2.171786581020051177e+00
2.791034824750945553e+00
2.172104109515779591e+00
1.670952700585393247e+00
1.393698565864883054e+00
2.361365541894545395e+00
1.384545849236890280e+00
1.530574818616558197e+00
2.105423358959074953e+00
2.520480465819318283e+00
2.313951217362548718e+00
1.279014196739566511e+00
2.127292338206294708e+00
1.756063704651681157e+00
1.455831471495730778e+00
2.071632848932916993e+00
2.056319297982613037e+00
2.368510311602683771e+00
1.521093191768641883e+00
1.569953161457015689e+00
1.710348866824356495e+00
1.541564575958730199e+00
2.564950287858173805e+00
1.474138255002843012e+00
2.475508201846361445e+00
2.017279872503284111e+00
2.292921110191956657e+00
1.597899733268028477e+00
1.341783130216561704e+00
2.196301643199915610e+00
1.630828238970290833e+00
2.548591711381773095e+00
2.596351577742970651e+00
2.627576902524412006e+00
2.186758825388801952e+00
2.126417175932289183e+00
1.889423220046429153e+00
1.725360554551551129e+00
1.652017128159897208e+00
2.066212289262585600e+00
1.461389147274853917e+00
1.625213041905027467e+00
2.232259035783227930e+00
1.862924035438306758e+00
2.448919631316812673e+00
2.233232276675956918e+00
2.350712374411707994e+00
2.309089786950609735e+00
1.799860690485708403e+00
2.181609119857422119e+00
1.378731314991500811e+00
1.962861037460621905e+00
2.146278909662819867e+00
1.505139210190264309e+00
1.689754379642310012e+00
2.040665689902480651e+00
1.685106263667090598e+00
1.746002226795540180e+00
1.303059755327989677e+00
2.060058617778606216e+00
2.133226431516718868e+00
2.245399773053026848e+00
1.528498063540210339e+00
1.772298493574549827e+00
1.383403078674202424e+00
2.201435791208705695e+00
1.967094459922075878e+00
2.259878918957414662e+00
2.203623188256892185e+00
1.137692249957346968e+00
2.243515154079422480e+00
2.413142576249861726e+00
1.922320415652539749e+00
2.379256477899101441e+00
2.132562368869216129e+00
2.689862647077799984e+00
2.561240863462485695e+00
1.335711748101236385e+00
1.360793439269831095e+00
1.962849827831316452e+00
2.292903291382196507e+00
1.376477143887098187e+00
1.520961365753370265e+00
1.711924210589190753e+00
1.441329186028529108e+00
1.896481515031570364e+00
2.021374523937846668e+00
1.912552578551692584e+00
2.537211003374443496e+00
1.887770140662765161e+00
1.924395644495100477e+00
2.107466500923580899e+00
2.020382509226643641e+00
1.289428238099748381e+00
2.012873645194937389e+00
2.721113867625379434e+00
2.433175310596040752e+00
1.672029860682995750e+00
2.647509023683963569e+00
2.684952219198558865e+00
1.891966244074214210e+00
1.530356384291143179e+00
1.676960246045045899e+00
2.508114104590658311e+00
1.221448423502478509e+00
2.375979025586764326e+00
2.339346636630031284e+00
1.322372864355484623e+00
2.062210779087739532e+00
2.568538818100468024e+00
2.588117998417720944e+00
1.924612392453247889e+00
2.326310514530129936e+00
1.671734832585599184e+00
1.776384652183196522e+00
2.150485757504088102e+00
2.456929696823913822e+00
1.670333758290484472e+00
1.911728587297472526e+00
2.676394392234327402e+00
1.882311034660565596e+00
1.522400512643173665e+00
1.019654607024202519e+00
2.224877206621147074e+00
2.380356578369704046e+00
2.088306343781176633e+00
2.062093730430431204e+00
2.319707929021142867e+00
1.349345742354637334e+00
2.675260799980770265e+00
2.287236332312829745e+00
2.341481739490596681e+00
2.140549252804247793e+00
2.421646937599952754e+00
1.252726304140663327e+00
2.381552569841944855e+00
1.657863989706706231e+00
2.110061128918117479e+00
2.351832868168462376e+00
2.512887216679983382e+00
1.489445285303852451e+00
1.711577405341406344e+00
2.237282299037298472e+00
1.959052239246813709e+00
2.490086545589305089e+00
2.433418831619930778e+00
2.126958816373524463e+00
1.822685770928211824e+00
2.290667062019297706e+00
2.739988468239451080e+00
1.488038833185155507e+00
1.857803508749674037e+00
2.514396906983637159e+00
1.883011270683436766e+00
1.678426238693143224e+00
1.839895963472791607e+00
1.301466591176033916e+00
2.608070939089559115e+00
1.392690345457695100e+00
1.614328298826110508e+00
2.518614889762241127e+00
1.296076124785732864e+00
2.207148130237367667e+00
1.957614944084653530e+00
1.654009157038887068e+00
1.818295265423608864e+00
2.764709999103706739e+00
2.211313822356006931e+00
2.094641201956106258e+00
1.997444550536039198e+00
2.119917238523904235e+00
2.162224339069717338e+00
2.532109331250163464e+00
2.137073117634878283e+00
1.974808807298221280e+00
2.039345204598465244e+00
1.440402792528965303e+00
2.214035797142295703e+00
1.792926788146439021e+00
1.682333572711488090e+00
1.352131148416392925e+00
2.411928642761415276e+00
2.106568495566939703e+00
1.722238563756420149e+00
2.070559403639354645e+00
1.552222510153418167e+00
2.626105890098556550e+00
1.840327256832486658e+00
1.346554730624165197e+00
2.413138289273522918e+00
2.039951875490739308e+00
2.296163099052495049e+00
2.091062609903883818e+00
2.209455383771360637e+00
2.113217757942546626e+00
1.408708803910004859e+00
2.001287843879620887e+00
1.622853050634663230e+00
2.116941971553577773e+00
1.937560846190346631e+00
2.669454034530259534e+00
2.407553971378711744e+00
1.857756313731606213e+00
2.162117299127476855e+00
2.289412026551612023e+00
1.875172171791955389e+00
2.385792525305876488e+00
1.654808714507125966e+00
1.854687010703080619e+00
1.922174207030271864e+00
1.789606630761496842e+00
1.408810798083447224e+00
2.463254708047405650e+00
2.323396081552541403e+00
1.930498311017978752e+00
1.539779203804761964e+00
1.437560116956301259e+00
2.174249037314234023e+00
2.655740009378860123e+00
2.675200039041246036e+00
2.327974305487831685e+00
2.301126507171710855e+00
2.327023371960638798e+00
1.482214527878153776e+00
1.875860956513974109e+00
1.723794303606597245e+00
2.251674599262051935e+00
1.577144032635588555e+00
1.787409624059735913e+00
2.150307448405160748e+00
1.904615530201332785e+00
1.605744449899878745e+00
2.085909312793274850e+00
1.700401752418812418e+00
2.145229458246844079e+00
2.392414507180216532e+00
1.215183629519641872e+00
1.441331510485511114e+00
2.062221823800626019e+00
1.971324162494122456e+00
1.907702263441145796e+00
1.686755126162234442e+00
1.395361534718573049e+00
2.302339617718077491e+00
2.311268087916822367e+00
2.696442854209448292e+00
1.708920045065591031e+00
2.007598916265573852e+00
1.457558975197644102e+00
1.962690270593598463e+00
1.200652581239675554e+00
1.517918592471770189e+00
1.691553641922638462e+00
1.471722426186632404e+00
2.063588380863179861e+00
2.487957873291185784e+00
2.206540362353154983e+00
1.961067550028399609e+00
2.736669872062449382e+00
1.638446436515635263e+00
2.081602176396296855e+00
1.779156219505003911e+00
1.684744354039922287e+00
2.593809074801848080e+00
2.404952761459814070e+00
1.565264097133099774e+00
1.704393379562784805e+00
2.538780972819728809e+00
2.385749663486074201e+00
1.868182838155200809e+00
1.682908241490829626e+00
2.174239465565847240e+00
2.095080366650240222e+00
2.581268920589731231e+00
2.191655108426793674e+00
2.453221858598121585e+00
2.034562337725961623e+00
2.722620526528486629e+00
1.996896231972527858e+00
2.016122492493479079e+00
2.139820313681789710e+00
2.029637334549993621e+00
2.192434064638690838e+00
1.963940966310248504e+00
1.915960666118877054e+00
2.117575854917596256e+00
1.265048988442074585e+00
1.466858415295960061e+00
1.859277343575209018e+00
2.168853635544550240e+00
2.409509229161365340e+00
1.949567058795570240e+00
1.879321890453204968e+00
1.790307458395449913e+00
2.053431874586253869e+00
2.226760853142727647e+00
2.488647444672745124e+00
1.805242085239793903e+00
1.827993794425270879e+00
1.801465393065771137e+00
1.852238359219627650e+00
2.462928763297648871e+00
2.274359799787352365e+00
2.011587045352698944e+00
1.962291519171767806e+00
1.970324773672592844e+00
2.155108806070195726e+00
1.747609315087719439e+00
1.866217719085373261e+00
2.239433354085628380e+00
1.554475819830105632e+00
2.078767195119322508e+00
1.933640084812099813e+00
2.263475944114629268e+00
2.118699122533148405e+00
1.929786476628622571e+00
2.316310581662771817e+00
1.460525788473533648e+00
2.736632414492974341e+00
2.073202114771427240e+00
1.956225876239150008e+00
2.294887465408579352e+00
1.999087897410340542e+00
1.980725144854803110e+00
1.382954337080098739e+00
1.993874149263448636e+00
1.782403100472339075e+00
1.471221086752687146e+00
1.341432160194766521e+00
2.106760465964516271e+00
1.211938720023719052e+00
2.496726271989094137e+00
1.170153148931644793e+00
1.836352794057372062e+00
2.346185481197771150e+00
2.059446134343136503e+00
2.550350346245623179e+00
1.379048965307235530e+00
2.104738702833967690e+00
2.663902024022421600e+00
1.977607604984930934e+00
2.230935324508115158e+00
2.119513662951808097e+00
1.956541862434167722e+00
1.793974334203841892e+00
2.218699494892746316e+00
1.238114846171256334e+00
1.462812621369713906e+00
1.354041618665956292e+00
2.599073451065531337e+00
1.856546908821558262e+00
2.283708269767839028e+00
2.166778151732847046e+00
2.023219773271225819e+00
2.242255436879400765e+00
2.552243599277072228e+00
1.682957616202586770e+00
2.056244689958679928e+00
1.809662831356004586e+00
1.591191362515343100e+00
1.543839211395166444e+00
1.692828918002131200e+00
2.218124735731580532e+00
2.777552018613725693e+00
1.609226263679753632e+00
1.770328190282131509e+00
2.312199250662835937e+00
1.856998048365919640e+00
1.638061044611590633e+00
1.711805243999025006e+00
1.231569143024332069e+00
1.981065233633280354e+00
2.562149173976465910e+00
1.940585649953911140e+00
1.233561930843261489e+00
1.196636429454754680e+00
1.902691199408355072e+00
1.958593010870904205e+00
2.539322709759667340e+00
1.455821018907030862e+00
1.127581937350889518e+00
2.466899632132023790e+00
1.632484381362738102e+00
2.149946637477929912e+00
1.419837009845310360e+00
2.691390017970465287e+00
1.775659872280221041e+00
2.689133091349582116e+00
2.208655706582124623e+00
2.263539357879022162e+00
2.308926265840054892e+00
1.768365018249901111e+00
1.648212205091195814e+00
1.890316218215429833e+00
2.782367566982663742e+00
1.918481247349883567e+00
1.803674113773216625e+00
1.781424930783982230e+00
1.590908622551702400e+00
1.434278400005092990e+00
1.483574084994759401e+00
2.216731656061738498e+00
2.264044116015966779e+00
1.989145843503308919e+00
2.456926790201775290e+00
2.020509661361758802e+00
2.075275925303845526e+00
1.759669201545067896e+00
2.197474634073336652e+00
2.213904921438415219e+00
1.882466098534160359e+00
1.968178142786086493e+00
1.877360820340457703e+00
1.298213647711336183e+00
1.333763798945029944e+00
2.856288383050749502e+00
1.335245283489046697e+00
1.508949653450587958e+00
2.868263808187002883e+00
2.041464058663169379e+00
1.594549586346104331e+00
1.975190794767503588e+00
2.707554327728435961e+00
1.966841377495025078e+00
1.737120476093666932e+00
1.492034751958247751e+00
2.256412099281879691e+00
1.927461084256619550e+00
2.224235409405129982e+00
2.259583473612495119e+00
1.953266048435519542e+00
2.200383423265520833e+00
2.707000923467579145e+00
2.740002753847170069e+00
2.156714975532697309e+00
1.245711420563652361e+00
2.065352065956827410e+00
1.887128419357489761e+00
1.806407235071915141e+00
1.829706588002205425e+00
2.466696939114237708e+00
2.078746593771081397e+00
1.935220081147495552e+00
2.152530941926570129e+00
1.717051778296266651e+00
2.144848030961183039e+00
1.498646431588312788e+00
2.791902283370991444e+00
2.423545905492881403e+00
