2.199225667933843997e+00
1.785049067021113656e+00
1.711210522329245975e+00
1.949705199987580517e+00
1.180398367940605819e+00
1.612319703660358261e+00
1.978079863909419256e+00
1.566630895317504546e+00
2.094646935429203438e+00
1.270109083711765230e+00
2.149765107835673206e+00
1.543403185153091606e+00
1.895870188350323504e+00
1.822786394931894094e+00
2.477190757318673775e+00
2.140338170613669710e+00
2.029773583446822460e+00
1.374030476632273068e+00
2.100900710868843113e+00
1.487276581877410964e+00
2.257159481982066396e+00
1.647891209367981169e+00
1.895699709131756006e+00
1.690835385092543941e+00
1.948186741462390792e+00
2.094926475428498414e+00
1.683158810454949528e+00
1.401037629842497356e+00
2.122524701951723713e+00
2.611640620742483598e+00
2.439885217406167151e+00
1.986072806536711699e+00
2.088044227479803006e+00
2.096268203442890332e+00
1.407537320062116848e+00
1.949288418340529239e+00
2.501814965959374248e+00
1.556040180406189855e+00
2.885467432691336320e+00
2.123011408179912074e+00
2.050252422932935303e+00
2.512730019470907017e+00
1.822290561560932165e+00
1.457568994647134408e+00
2.590804339016154589e+00
2.516498106833055193e+00
1.561250866372838386e+00
2.325140242116461753e+00
2.807261917977245780e+00
2.233784807567746000e+00
2.292058085574386617e+00
2.563772118266431033e+00
1.792283336739779909e+00
1.806717808376832268e+00
1.520718905395945786e+00
1.599779279480256333e+00
1.797295800255117371e+00
2.394281226228039738e+00
1.228417216072262841e+00
1.887261914271961993e+00
2.476617566855246366e+00
1.920485780520022168e+00
1.437804169370558105e+00
1.221956993022808913e+00
2.303407614927816205e+00
1.907613974545620650e+00
2.186989697728979998e+00
1.865401704318401466e+00
2.067096344553772003e+00
2.305251200247738552e+00
1.991790487687504108e+00
1.725443863881553019e+00
1.799799597469366130e+00
2.638373469699671681e+00
2.265669565978073230e+00
1.996120903717987005e+00
1.969767323496250722e+00
2.653209688782675268e+00
2.120445497605166096e+00
1.532969633494083883e+00
2.338653596742001906e+00
1.835794219707478359e+00
2.508964528616488110e+00
2.040408845441580077e+00
1.827593556114326390e+00
1.494681678125287849e+00
2.420384661513678815e+00
1.964891076727490082e+00
1.752050110612572542e+00
2.552447906275913336e+00
1.229333967142943518e+00
1.551433282970727134e+00
2.587266003353303034e+00
2.526367656464125311e+00
2.006250169950291706e+00
1.784945556583241277e+00
1.600461692470083186e+00
1.192044210215009947e+00
1.647325586196408231e+00
1.928660798988807157e+00
1.059452617836284194e+00
2.535311535708870689e+00
1.437725413980268874e+00
2.017901638838603073e+00
1.514693718109474840e+00
1.220883555420773092e+00
2.331251797440031748e+00
2.067643704563268070e+00
1.643932107804864540e+00
2.202979306560805206e+00
1.428026219829850341e+00
1.774197269462585602e+00
1.618400192456051601e+00
1.106276244672440567e+00
2.321634947804913196e+00
2.347149979457223701e+00
1.865917502295001196e+00
2.519808795341339280e+00
1.677051491256914328e+00
2.048743512060601901e+00
1.650163832672299158e+00
1.687145327051199573e+00
1.615047840251583100e+00
1.832767031933219659e+00
2.273521172381353317e+00
2.880453985816549434e+00
1.402393048481230364e+00
2.258653999523946077e+00
2.621154400281218155e+00
2.295836472986553023e+00
1.577699780361143667e+00
1.323385246455714759e+00
2.168049950075618071e+00
2.328855676537435748e+00
1.509655196983567205e+00
2.216865886402717312e+00
2.004604263527584251e+00
2.663537343665852930e+00
1.590348271255496826e+00
2.433134055381334537e+00
1.455970495990168034e+00
2.747578024754810500e+00
2.811404142070196954e+00
2.382243329151632061e+00
2.298677552426839910e+00
1.788251422477505237e+00
1.517021195056408533e+00
1.878794970294145550e+00
1.597100035399565243e+00
1.787558744644197173e+00
2.925645715987964302e+00
1.821857378677506745e+00
2.027619704972342340e+00
2.113731535520159355e+00
1.822523313990037197e+00
1.916681989695479427e+00
2.450984523634962997e+00
1.327853157580080490e+00
2.384211126253752866e+00
1.767551985317858509e+00
2.392175446692770713e+00
2.136647795255606219e+00
2.305609583148940267e+00
2.121661032792383050e+00
1.449106791377372527e+00
1.874790118387959392e+00
1.294046428584372466e+00
1.678872619495232144e+00
1.733383510455895671e+00
2.202032370615085277e+00
1.341805268430475540e+00
1.600355876759849583e+00
1.931244265615168487e+00
1.997128361482819026e+00
1.678477487972201754e+00
2.499103728625843956e+00
2.437888091245220767e+00
2.678222158803405861e+00
1.082651794349550611e+00
2.035946389995420880e+00
2.100291607803549176e+00
2.232830107991596869e+00
2.389990171564417842e+00
2.207942136735614014e+00
1.744130403559382092e+00
1.603392348950658075e+00
2.462918791098441140e+00
1.743054041764517503e+00
2.237736042628077016e+00
2.334062916796930232e+00
2.208775719558977446e+00
2.087846714113735125e+00
2.326979020678568766e+00
1.839492916577692316e+00
1.920158644579371021e+00
1.706270610376086072e+00
1.338710203747808469e+00
1.442767822249316323e+00
1.987777428818143122e+00
2.195690896369191236e+00
2.643864090232816544e+00
2.385363046838563150e+00
2.954950323767851383e+00
2.166353836142138167e+00
1.374389794979210100e+00
2.341876712403508698e+00
1.879508819717432333e+00
2.644528298583246340e+00
1.730953033439180722e+00
2.480439056577737666e+00
1.807242419203963335e+00
1.981846849885132045e+00
1.564980628831820431e+00
1.859817721135808455e+00
1.895790969926930636e+00
2.790126001442212456e+00
2.121648898087504342e+00
1.458248885952884377e+00
1.686730241659203378e+00
1.695913119837501926e+00
2.342157133978536088e+00
2.397992921668968158e+00
1.726935877848541079e+00
2.305285720129940152e+00
1.938995186829391315e+00
2.106590124830288957e+00
2.230832157655779913e+00
1.964687647712381136e+00
1.340773104033014418e+00
2.434950565897256336e+00
1.316519997578544210e+00
1.399440561661002613e+00
2.783946561162705891e+00
2.213838772851065340e+00
1.781166996824665283e+00
2.478409768703505822e+00
1.994115025370589489e+00
2.379092424434836595e+00
1.685386233368278974e+00
2.522573206749178176e+00
2.426007053405122349e+00
2.203543897255296535e+00
1.759775072103334281e+00
1.642644581507041179e+00
1.836458566168682971e+00
2.153872206250482257e+00
2.462941046844287385e+00
1.740311684805593062e+00
2.248267375615083274e+00
2.237941024389602074e+00
1.869974073109904156e+00
1.985754594420619190e+00
2.663273916853776235e+00
2.063589284681542235e+00
2.226919885704879754e+00
2.434397329629991447e+00
2.289802165359365205e+00
1.576847112720955124e+00
2.607863863481370892e+00
2.199391301601075099e+00
2.337750432807926160e+00
2.783642684743078632e+00
1.418989465550670959e+00
2.167087460811555566e+00
1.436463768115884498e+00
2.201069774824774505e+00
1.411839824735717119e+00
2.153477389159164090e+00
2.090179030355948875e+00
1.384783331615893731e+00
1.806581622104883156e+00
1.248675184002624006e+00
1.221336355406533958e+00
2.394671744399365476e+00
1.720469513003115125e+00
2.489303522489772824e+00
2.016577388559158912e+00
1.966943797419747897e+00
1.972296061057335237e+00
2.260682004555812252e+00
2.673527816346565000e+00
1.997151452486155332e+00
1.985612537467001726e+00
2.606971627996126806e+00
1.458137670758770987e+00
2.281081620197351167e+00
2.242315621340384979e+00
1.801370025073014247e+00
2.395947460778493632e+00
2.023925955621939110e+00
1.736379611200836948e+00
2.158644144963174138e+00
1.903153011759988189e+00
2.359299220271708464e+00
1.321002848199816171e+00
1.717286529849672450e+00
2.167055598548571105e+00
1.960467462031100894e+00
2.491750013666401919e+00
1.894385818592176030e+00
1.465347757026828734e+00
1.438618121301923569e+00
1.518441307783267247e+00
1.735652625448158348e+00
2.159413328677564969e+00
2.408957442315727171e+00
2.099783875431368685e+00
2.427345117876818392e+00
2.324479050554119297e+00
1.975489855005996054e+00
2.072707640825941056e+00
1.980405935879144375e+00
1.735617739336608789e+00
1.696734353705714904e+00
2.232616891913542734e+00
1.713691283016297140e+00
2.243654172510540334e+00
1.761787713853181225e+00
1.575088634377010077e+00
1.515809478046835856e+00
2.425687550072006538e+00
1.399336312879499999e+00
1.602007362270053470e+00
1.702860974373892056e+00
1.500456918789669913e+00
2.002272854766462551e+00
1.406280923262900995e+00
2.267853587599291565e+00
1.626689594641828940e+00
1.923018086563194284e+00
2.595316193725464515e+00
2.505904844580641999e+00
1.737025090662783988e+00
2.178815692172083374e+00
2.482952688171788047e+00
2.384151325790353049e+00
2.332241365043960180e+00
1.872662913073622537e+00
2.695056743411959665e+00
2.628294261936122034e+00
1.605829831134117924e+00
1.974161709440255930e+00
1.952585508471129216e+00
1.885281423008329682e+00
1.565701893050328142e+00
2.561698249339574573e+00
1.265146316205817634e+00
1.521145950881084286e+00
1.620289819863304226e+00
2.483434844861795554e+00
2.244000229842742833e+00
2.204632926848069552e+00
1.669904685891060891e+00
2.075558120453165678e+00
2.311929741918568926e+00
2.093607739467066242e+00
1.626588565250774554e+00
2.181187215264607460e+00
1.340032934373192930e+00
1.167859230919700675e+00
1.670449752852826375e+00
1.859457768570873748e+00
2.017061234286971150e+00
1.231659346014158274e+00
2.323232549483424947e+00
2.023801320441889651e+00
2.540171102155909466e+00
2.634697772529758897e+00
2.365138078722620385e+00
1.868522200897695384e+00
2.909407622749052624e+00
1.693164689342691709e+00
1.657264815422930360e+00
2.118048998698866647e+00
2.600874222418266157e+00
2.285448028911309937e+00
1.509751428889642089e+00
1.216802400725660815e+00
2.410612736751941654e+00
1.453098237057694586e+00
2.023234949121400561e+00
2.263329085519754980e+00
1.859231612047425042e+00
1.197551903493627279e+00
1.668362917718814176e+00
2.626089693187804386e+00
1.880339029890009339e+00
1.626798729144062872e+00
1.731771081020829772e+00
1.362499029123821259e+00
2.367589497284268596e+00
2.011095845826313067e+00
1.470787137380675791e+00
2.703335330510445722e+00
2.273494203532992586e+00
1.282335724418199652e+00
2.278993712306787156e+00
2.343301102879802755e+00
2.077018677816714121e+00
2.151647434535181702e+00
1.464931263470762968e+00
2.071538850896644135e+00
2.515404883166405980e+00
1.536471166375804165e+00
2.437005501216424896e+00
1.332229448333824617e+00
1.501487402823916906e+00
2.456051888983960652e+00
1.687759335358155477e+00
2.287433244020535383e+00
1.569004239708947646e+00
1.777421932663307613e+00
2.254625827370642543e+00
1.920225816792115126e+00
1.869242498708413525e+00
1.691161373057164408e+00
2.314941260834472381e+00
1.506595425459483995e+00
2.070125343827746711e+00
1.657230051918146430e+00
2.319759647039483230e+00
2.852439259720307874e+00
1.530471542722921630e+00
2.375446424299373582e+00
1.922646431922830912e+00
2.800449805259077163e+00
2.374022801700294671e+00
2.493605902873760272e+00
2.584724663673902079e+00
2.186963137766800180e+00
2.229963933682693522e+00
2.084049412624120912e+00
2.402439525758516048e+00
2.084716620079571037e+00
2.234552644321510684e+00
1.760979885510152609e+00
2.386592286159319620e+00
1.666770070476519816e+00
1.663681559719497383e+00
2.378327691763069573e+00
2.320231376118252697e+00
1.698661953814143422e+00
1.479146308107510910e+00
2.182347298110377309e+00
2.131659797237010601e+00
2.310546801017160590e+00
2.038764683247464848e+00
1.533972329509635690e+00
1.234843258162487301e+00
1.837494921662296443e+00
1.828679872879266144e+00
1.887014591089137383e+00
1.804393503226107587e+00
2.364984495236556405e+00
1.710229273999183786e+00
2.028101285680452115e+00
1.463579998322256603e+00
1.506664042859239494e+00
1.299909509307167976e+00
1.752868360106827117e+00
1.450880592945293701e+00
2.142411494697775254e+00
1.610155274645502566e+00
1.900459811266896670e+00
2.068784207212358339e+00
1.108735600911595176e+00
2.654056997301729837e+00
1.608512648051461769e+00
2.223952526778058658e+00
1.795427525884794484e+00
2.277356824512387412e+00
2.081084648531446035e+00
2.503560191803599899e+00
2.233963313855852562e+00
2.314667281106693508e+00
1.584826047961942708e+00
1.950305061346720992e+00
2.826051216917034203e+00
1.613043644003771870e+00
1.972863787896361298e+00
1.297884475400257198e+00
1.833796018059524080e+00
2.262824105678871156e+00
1.817996204523077086e+00
1.937959425267111069e+00
1.851029790074222303e+00
2.320957761483128934e+00
1.560915180617930442e+00
2.198975934315750891e+00
1.171056413947570762e+00
2.670671987853436402e+00
2.369458734984792869e+00
2.668881020217970690e+00
2.465827258003674416e+00
1.978016653228407806e+00
2.163078787367018307e+00
2.310916358278334748e+00
2.228485958357421026e+00
2.187993195656018131e+00
1.721567302087988693e+00
1.237177308905490936e+00
2.541837069255636017e+00
2.616303988166047034e+00
1.510361248270032153e+00
2.273675588276448334e+00
1.935300559603352788e+00
2.010492875801668244e+00
1.993405061239362563e+00
1.862514625056941764e+00
2.615900543984238880e+00
1.915450182730337403e+00
2.494141295059765007e+00
1.366224751262317350e+00
2.465650295628614153e+00
2.074194020586424436e+00
2.348571419115981662e+00
1.320719048009685537e+00
1.909390770668438986e+00
2.184168276413074317e+00
2.402441034094349170e+00
2.198949512012442931e+00
2.464391529688233717e+00
2.639745996867189248e+00
2.209373130185923628e+00
1.934077140376148751e+00
2.101949601256744238e+00
1.702945709286376452e+00
2.342629615825905454e+00
2.134643528641411159e+00
1.528799986275718670e+00
1.914136055262892322e+00
2.169123586789568847e+00
1.561612641537390989e+00
1.477308617054257756e+00
1.875883882561912408e+00
1.464457756284362366e+00
1.840662377236365721e+00
1.795056536166101946e+00
1.570213780702162776e+00
1.338248967373143694e+00
2.385348171516066706e+00
1.437455295124584698e+00
2.010045293947962275e+00
1.824372114020057722e+00
1.639105105148646935e+00
1.861260278798686940e+00
2.137428909708940061e+00
1.633324206622266184e+00
2.391473298534588565e+00
2.362949724179600253e+00
1.703438585546251494e+00
2.061720637420056956e+00
1.759725467761398043e+00
2.180110223408981085e+00
1.581674595690937934e+00
1.812970899009498371e+00
2.582857841238321850e+00
1.686351944287463711e+00
1.778077882676136312e+00
1.760564676020792030e+00
1.671084040094189316e+00
2.133560056125717086e+00
1.806955191687399598e+00
1.787328637468098558e+00
1.793835572777223941e+00
2.884512352938260804e+00
1.634711158760325578e+00
