2.205764275736987301e+00
1.558580453482489414e+00
2.456130974921161503e+00
1.169861326415382985e+00
2.356655042008743983e+00
2.100305811130659617e+00
2.477696597280773627e+00
1.627316992946835628e+00
2.256105937682189033e+00
2.017363549360743136e+00
1.791021054974303306e+00
1.167099172050549916e+00
2.507100679569679968e+00
1.716878896175220603e+00
1.679338556769357060e+00
1.247754564180208359e+00
1.691996570375812414e+00
2.498969784503430436e+00
1.538877570993928856e+00
1.862011251192606576e+00
1.226195721759483437e+00
1.965145608124359455e+00
1.802076956143616515e+00
1.656894558983634802e+00
1.949458088137546508e+00
2.476457781946453718e+00
2.362546085664820161e+00
1.826207789130348758e+00
1.536726866108003575e+00
1.479098163444746872e+00
1.621954756545959775e+00
1.370223279642446501e+00
1.655125785046789311e+00
1.136150111397936424e+00
2.160592031623771447e+00
1.640403553711083706e+00
2.107996681615814882e+00
1.632596848631925113e+00
2.263583446816271660e+00
2.377002269338269080e+00
1.996639805257438782e+00
1.847807703498671739e+00
1.500531434821415377e+00
1.621631021016094021e+00
1.483908538971271618e+00
2.578638781169947158e+00
2.203714489850366220e+00
2.304883836913948159e+00
1.342282964652347976e+00
1.809118329223943444e+00
1.986488727120410580e+00
2.345863685799730369e+00
1.764382294951107877e+00
1.622002351064836478e+00
1.987886324400749416e+00
1.906502833461398927e+00
2.837951521816040490e+00
1.753329572324936692e+00
2.114943332701616718e+00
2.108418576541819967e+00
2.235445851744740864e+00
1.932894884417845072e+00
1.834529519273219833e+00
2.152836559591370325e+00
1.982647446703159844e+00
1.927525501291052601e+00
2.310882289449620153e+00
1.503242617945737436e+00
1.584426710574844854e+00
1.770665259333823904e+00
2.414812942108212290e+00
2.251085021799404728e+00
2.547209130789754639e+00
2.455801361269858596e+00
2.169086262312840852e+00
1.525769621152388122e+00
2.189936126299974362e+00
1.387372052360049013e+00
1.763118585007527495e+00
1.511381817786554560e+00
1.800675625107265532e+00
1.821977248425999285e+00
2.309536947756450687e+00
1.626718055434245747e+00
1.714531068926602675e+00
2.487747725943712851e+00
2.332272621170377036e+00
1.928990721915613271e+00
2.613615737528590444e+00
1.833675584539573133e+00
2.629522649117205457e+00
2.398694606432143495e+00
2.532605294154153697e+00
1.946293896985712646e+00
2.846389874571582990e+00
1.675902177827689465e+00
2.174697362846215842e+00
2.499464139813046160e+00
2.228794713269636851e+00
1.776756162189888411e+00
2.080211666256358782e+00
1.945409895473465767e+00
1.862399545542769985e+00
1.875674177953441379e+00
1.484744998522488313e+00
1.444176137218925904e+00
1.849041002178641868e+00
2.775705958051973177e+00
2.751222904719624829e+00
1.741869479707870205e+00
2.626797299247410233e+00
2.135831736392492353e+00
1.645578948260529861e+00
1.992112573763328731e+00
1.351227518371017400e+00
2.283639727753781656e+00
2.206398170522790636e+00
1.207327739744502137e+00
1.579193554193548010e+00
1.976506334172621671e+00
2.666729742352483612e+00
2.289191576428015296e+00
2.037357680720140340e+00
1.825321675559596679e+00
2.139857576569545117e+00
1.984401962688089327e+00
2.351399860281012444e+00
1.703308026858842084e+00
2.524193015247405469e+00
2.466771784544507184e+00
2.576683756926223978e+00
1.203049373006726874e+00
2.550406802492714231e+00
2.122706919773019507e+00
2.292456307937135840e+00
2.384430103279739921e+00
1.735799005741623047e+00
2.512852382122019446e+00
2.405893899729139918e+00
1.934607410642632752e+00
2.001248919994004893e+00
2.203061695530948327e+00
2.403814130073981925e+00
2.344454256523945457e+00
1.399690093218318054e+00
2.035966614289216992e+00
2.081343272547287349e+00
1.541689921556308018e+00
2.365603935003178560e+00
1.307652356936316096e+00
2.050234058245140378e+00
2.003095937606613752e+00
2.499666710632687305e+00
1.960148076857682664e+00
1.739157470490769075e+00
2.428997643136129980e+00
1.704481148589057860e+00
1.735386549814577073e+00
2.028612875854888031e+00
1.236294180728451098e+00
1.165225536908665926e+00
2.263313880173248194e+00
2.354831430969328565e+00
2.724580678757093644e+00
2.526370835707136830e+00
2.317030152472927540e+00
1.960204846815670310e+00
1.951517494677058595e+00
2.687735589528871039e+00
1.666806731464329783e+00
1.909222129380590438e+00
1.398295925488294289e+00
1.832067284060763246e+00
2.240602747699497854e+00
2.216275453607783774e+00
2.251581157071596007e+00
1.870668167380877156e+00
1.040804292104694273e+00
1.973309016631191071e+00
1.608564006538145463e+00
2.555632696525880210e+00
1.200192329785968015e+00
1.631780607217963919e+00
1.551311593163291924e+00
1.673272147004959631e+00
2.419540371138952040e+00
2.682972377476231962e+00
2.251861863328900704e+00
1.770479980957774258e+00
1.600804698963231854e+00
2.101155877436600594e+00
2.215573488156175941e+00
2.188802297546182274e+00
2.243786642380920959e+00
1.728591920235866386e+00
2.320844964124636256e+00
1.659914502517754187e+00
2.731324202968387294e+00
2.515766215258548932e+00
2.342599562654002376e+00
1.372346232706845859e+00
1.530977667752186022e+00
1.303040456828080673e+00
2.077157258458340650e+00
2.590362645513909712e+00
1.752093750350348866e+00
2.777287272754074277e+00
2.046369368348528894e+00
2.426476046192391323e+00
1.906723135628087373e+00
1.915163784014710213e+00
2.265257187600659972e+00
1.282976704864354556e+00
2.202423237820709367e+00
2.330312000407888107e+00
2.179917822336374655e+00
1.405284332975072603e+00
1.791949462602862475e+00
2.027500961163276827e+00
2.616456656142691628e+00
2.247952055144206707e+00
2.096808130418328364e+00
2.500430713927668691e+00
2.697426526076245779e+00
2.758586555851446853e+00
1.472114131391832448e+00
2.195136360885162841e+00
1.932684545161563072e+00
2.424301774063782666e+00
2.014913844122032671e+00
1.675004631343649297e+00
2.180956971750529938e+00
1.628949421794790187e+00
1.879146575348839665e+00
2.153238288082489404e+00
2.283773855420356380e+00
1.179824240495718879e+00
1.967127181385437407e+00
2.146105847618136497e+00
1.997117222835934403e+00
1.855142389098153322e+00
2.057241537826819844e+00
2.306670057020526077e+00
1.248972516991249115e+00
2.473122746432513619e+00
2.139358719779696827e+00
1.697300378834797119e+00
2.094946543658347871e+00
2.344214101124372895e+00
2.269114771416579579e+00
1.955911180309736430e+00
2.329180768512048250e+00
1.759120183161599016e+00
1.460930069283431498e+00
1.698327825165898641e+00
1.530818045032999120e+00
2.153174674336177041e+00
1.563411363636751261e+00
1.562815370337730103e+00
1.363617628196590825e+00
2.382180843607602849e+00
2.453560553132990929e+00
2.766044889967581799e+00
1.556341513717489411e+00
1.842078579199880828e+00
2.465544467873262757e+00
2.690704653327546492e+00
2.374469216204948552e+00
2.181068635898555819e+00
1.964167234637419268e+00
2.405156948645180925e+00
1.798501608768089399e+00
2.611694655402224008e+00
2.220464181942705117e+00
1.441513547995176836e+00
1.973779803451766846e+00
2.778408399888677494e+00
2.666918778968597081e+00
1.706884130586457715e+00
2.238032845960124639e+00
1.700407152457907412e+00
1.059028754304459419e+00
1.872870143720016145e+00
2.466508715953491304e+00
1.246907290656077860e+00
1.254290003874432458e+00
2.423251493553219227e+00
2.211483081870745160e+00
1.821961230492136430e+00
2.476702465817295362e+00
2.393395522626067695e+00
1.829759992476332364e+00
1.434101354608137147e+00
1.906101425864576759e+00
1.632300886860323708e+00
2.539070652303374587e+00
2.418482662291806751e+00
2.424608856635710019e+00
2.199296651599887298e+00
2.179670705772339900e+00
2.131284410503766491e+00
1.191318501174366107e+00
1.966639164351746238e+00
2.082131150191757651e+00
2.297296864268691063e+00
2.154653505996329876e+00
2.390384099228569870e+00
1.910930617125069730e+00
2.036005816600390261e+00
1.955008113332134201e+00
2.166549084843771844e+00
1.648513567407797531e+00
1.538374302431131824e+00
2.237653187012068834e+00
1.897540733107115241e+00
2.022957538741519734e+00
2.615371878032545006e+00
2.143765021722289443e+00
2.149177463656084086e+00
2.318178436108246476e+00
1.825456222158405861e+00
2.065885400526373594e+00
1.562544334173590066e+00
2.312682161941171266e+00
1.788065167505237252e+00
1.604738600161720097e+00
2.117654432645947882e+00
1.667230548079389418e+00
1.936495945260729545e+00
1.398371938765717193e+00
2.459343635883626256e+00
1.406510399489967700e+00
1.634965406790171327e+00
2.542432651980308211e+00
2.041125119091700579e+00
1.801633489296855517e+00
2.342908944015809070e+00
1.651995891023457119e+00
2.042696881523050845e+00
1.768660803170946316e+00
2.319148457580356926e+00
1.923210324952630668e+00
2.275538310726917590e+00
2.212217144696908111e+00
2.155531997659053012e+00
2.683118330252397321e+00
1.461436511456829068e+00
2.228158695001189571e+00
2.313814201709392115e+00
1.769840376195075837e+00
2.550911323940326714e+00
2.470024944637713382e+00
2.186758573772452419e+00
2.001355606915357299e+00
2.627182154404790637e+00
1.543939075490495139e+00
1.823369315359705034e+00
2.223369439356778887e+00
2.151039673887071402e+00
2.535824024491783568e+00
1.810917259443151295e+00
2.694279021942921570e+00
2.406241068067541455e+00
2.705616481070286738e+00
2.007608396035911014e+00
1.733965222828695918e+00
2.183009959437367087e+00
2.579530328616369772e+00
2.198970416790415605e+00
2.062820165798836314e+00
2.675084124811032193e+00
2.060752801737082418e+00
1.636633958517059728e+00
1.979405358257648517e+00
1.867772384000184305e+00
1.804783360647954638e+00
1.647602940120746151e+00
1.741761784749349173e+00
2.307405970918662064e+00
2.119439253195245065e+00
1.910623857216471322e+00
1.842303128319128680e+00
1.864428058616233841e+00
1.861295268409131953e+00
1.771747781633029373e+00
1.994398380248949554e+00
2.909871176124632974e+00
2.168612481967522321e+00
1.318307330940830857e+00
2.318441044699214082e+00
2.148634472373362136e+00
2.405461236478475762e+00
1.750550647749713917e+00
2.043933812083691848e+00
2.446510585052371400e+00
2.269912798192825321e+00
2.166857443506757797e+00
2.303365963015070683e+00
2.150368654371137556e+00
1.891168423228742679e+00
2.341431898007830803e+00
2.353582800166178934e+00
2.386232984384291544e+00
2.392847480159541629e+00
2.038096453594204327e+00
2.361005757596720489e+00
1.896905999946760346e+00
2.431396339777572635e+00
2.631865539777878737e+00
2.037780525443420920e+00
1.715188487785392235e+00
2.658700307539468177e+00
2.068632500965927434e+00
2.209527847259526112e+00
1.531191612571513705e+00
1.861557253995963945e+00
2.193003788091503647e+00
2.608520140716513502e+00
1.714981872882603620e+00
2.273835199112104632e+00
2.588754807154744597e+00
2.380846561816530205e+00
1.436326665208237152e+00
1.750062791457157152e+00
2.347789659501887893e+00
1.871290357632989565e+00
2.132681329732892372e+00
2.663688334187275686e+00
1.452933577043854729e+00
1.851044914749069958e+00
2.092193187171548008e+00
1.894527413744541366e+00
1.596602008275917584e+00
1.655942369978827156e+00
2.002065865159864622e+00
1.686544776591593520e+00
1.948488407597353422e+00
2.452329634779025991e+00
1.429283115751760480e+00
2.250900304258291129e+00
2.008687028690010035e+00
1.657382915245186661e+00
2.032480914135829320e+00
2.005794947210687962e+00
1.648420503354321554e+00
2.656720921443390449e+00
2.076245877650860550e+00
1.468947068662270095e+00
2.621268892949228047e+00
2.358989726401320652e+00
1.385004429024124128e+00
1.390139960047250600e+00
1.740496998484316826e+00
1.412390152941830346e+00
1.207055584818756300e+00
1.875889909935019473e+00
2.702802126299066465e+00
2.296736314148609015e+00
1.905831263097694572e+00
1.853997255417227041e+00
1.355232862691242657e+00
1.988422394903652135e+00
1.427183521367975327e+00
2.166096111843421212e+00
2.447839208993167759e+00
2.092501878216215694e+00
2.046831001301221420e+00
1.916308234865310656e+00
2.169767987468531611e+00
1.880326124833392676e+00
2.001009739751308025e+00
2.012161419103303039e+00
1.540578920615427894e+00
2.274493111912030407e+00
1.865054000114030774e+00
2.609845842245577696e+00
1.383688622035390337e+00
1.550027322998626556e+00
1.907384032005025043e+00
1.780216169747883548e+00
2.355517365756126580e+00
2.383798462700068121e+00
2.635134015080683234e+00
2.444323839149416422e+00
2.510500669032528887e+00
2.251149126527360433e+00
1.765953457107117597e+00
2.668182535043698067e+00
1.573475433704626836e+00
1.638645913074995519e+00
1.474305767394733513e+00
2.117704789875661575e+00
2.634003648335038861e+00
2.588520322779261029e+00
1.680002187903096189e+00
1.992890243126550942e+00
2.128700458820094177e+00
1.318865064304198143e+00
1.731502305978651846e+00
1.948841159152562286e+00
2.250604519037830986e+00
1.403556230990649745e+00
2.881783764817053672e+00
1.599651996580856661e+00
2.063747538723459840e+00
2.356277187902307446e+00
1.704799308424380211e+00
2.175504769553941564e+00
1.774460718199197373e+00
1.627070662662966516e+00
1.430130297443649390e+00
2.645498904055628930e+00
2.128046012745251403e+00
1.834577859810941014e+00
1.574260370834959177e+00
2.306224755976324481e+00
1.642168197523146578e+00
2.617284117940305244e+00
2.287399537687021756e+00
2.664436831202319667e+00
2.473484162177072676e+00
2.339069729933119568e+00
1.645461309024609964e+00
1.297916016230394209e+00
1.478491407544435088e+00
1.760120720363136382e+00
2.680839834889145568e+00
1.599518766297677974e+00
2.414496556320742116e+00
2.121847874097778863e+00
2.626421227293899818e+00
1.559689347548105953e+00
2.044267518588924304e+00
1.376540851158424505e+00
2.522968568353679331e+00
2.409284810202787064e+00
1.853892565889327715e+00
1.713897252698365126e+00
2.132690635420035452e+00
2.129176795381960030e+00
2.124243186725886190e+00
2.151573391674488356e+00
1.961185247513233199e+00
1.408599673142580944e+00
1.678999308172147931e+00
1.912615192479893533e+00
2.677295883069046756e+00
1.512659331822285402e+00
2.118575781644744360e+00
2.094333594072567806e+00
1.518745065326662091e+00
2.099434067307119900e+00
2.493713136805420838e+00
1.768815303845912013e+00
1.981422089804856013e+00
2.333510006270218540e+00
2.437678294564934234e+00
2.027368044872863706e+00
1.761223090454735907e+00
2.175669022973623079e+00
2.679029383799744757e+00
2.465490260405902134e+00
2.144664439868777528e+00
2.011565578779991981e+00
2.478622448005393331e+00
2.329778489095359895e+00
2.049027442966024459e+00
