1.886204073679312643e+00
1.866740395529926655e+00
1.846793824060217082e+00
1.865684337017411654e+00
2.629608776354883659e+00
1.741717177206328682e+00
2.121795834878937637e+00
1.723929208028843307e+00
2.375626563177004602e+00
1.863109829709510556e+00
1.898747693022694305e+00
2.162337971692926519e+00
2.001675237859871004e+00
2.359068079728278811e+00
1.417069029840683392e+00
2.389341309872196728e+00
2.560156307813691523e+00
2.071664449307681899e+00
2.204624520515829467e+00
1.304826106430073906e+00
1.728353098168943891e+00
2.240341000713982567e+00
2.285346464084899942e+00
1.925053805480580138e+00
1.448621520688567088e+00
2.871061005942147304e+00
1.940278794241157900e+00
2.237925344151598051e+00
2.115269114778079107e+00
1.857121548690872093e+00
1.269811432975632037e+00
2.436447071733253367e+00
2.779067347101649599e+00
2.357286577230322422e+00
1.225876373088985005e+00
1.188645723709910618e+00
2.452013502298673764e+00
2.218327340753873500e+00
2.345715896700316883e+00
1.610587779004426512e+00
2.115578870864619709e+00
1.541354813175922267e+00
2.474056378623123109e+00
1.833401973787512684e+00
1.029223664328391408e+00
1.601156322340647309e+00
1.886181913487066542e+00
2.185476948245087758e+00
2.410488475603600911e+00
1.675162385663862885e+00
1.415080580416923750e+00
1.852502509870797898e+00
2.566522799306270919e+00
1.925981715937292726e+00
2.852241197720803534e+00
1.304422190000192439e+00
2.022534346095359759e+00
2.234403489484709127e+00
1.368345499129322906e+00
1.447064457019045625e+00
2.369988173825114952e+00
2.352690960732796821e+00
2.052815829526096092e+00
1.913866963331821047e+00
2.728368254971659468e+00
1.271455331773876374e+00
2.357393378218103130e+00
1.628524943942564640e+00
1.992267452954194384e+00
1.917267350293922146e+00
1.683137747066718592e+00
2.644531443694561279e+00
2.002832880444207042e+00
1.389921453801586715e+00
2.560647775510895841e+00
1.704607969493135755e+00
1.651817825263803829e+00
2.596094176958686717e+00
2.242740401297222963e+00
1.543521757681463491e+00
2.259795780857016823e+00
2.075912993704797316e+00
2.584277794157952002e+00
2.563847870876309720e+00
2.323267661156598773e+00
2.219453803062690689e+00
1.752504727566195797e+00
2.339689475532257035e+00
1.744970523961147713e+00
1.380840531213918032e+00
2.345828194016085888e+00
1.845421378586266092e+00
1.131947759326323855e+00
1.373845137596880317e+00
1.084720088375099811e+00
2.589680286274411714e+00
1.613940205011335838e+00
2.143375878011680946e+00
2.616045227270059836e+00
1.777776709265656674e+00
1.382272343251449875e+00
2.377093428553993526e+00
2.103151145471109373e+00
2.362941739902769456e+00
1.989000795048333714e+00
1.674302556418378884e+00
2.063536936054025883e+00
1.863964704289411189e+00
1.982744315589213269e+00
1.695671579163695597e+00
1.672418067761200167e+00
2.382482126640531384e+00
2.163380537577917373e+00
1.175266459620778470e+00
2.603534415718458561e+00
1.689401950108388117e+00
2.687303999922433739e+00
1.324717959176004989e+00
1.441989558579715114e+00
1.866017712693837982e+00
2.159864085893572927e+00
1.910842565693207540e+00
1.891083321471688450e+00
1.963699402464806010e+00
2.304631519127999795e+00
1.440068251524786014e+00
1.733219223519371521e+00
1.961653292900034984e+00
1.260239720454932044e+00
2.364522001601341294e+00
1.709036765901496224e+00
1.805172161494011052e+00
2.190467460714007775e+00
1.625592918659532815e+00
2.308528113343426558e+00
2.598759007368110829e+00
2.185751629285325404e+00
2.335109419483398341e+00
1.442217796490691484e+00
1.681841240591298581e+00
2.691265816481709372e+00
2.285126458427548357e+00
1.681720964153353037e+00
2.149458198611795545e+00
1.478498800110024103e+00
2.573008239531906938e+00
1.470051560388449863e+00
1.741776673923166374e+00
2.809132919864576028e+00
2.015491448205182223e+00
2.303332979624778343e+00
1.907597935121928323e+00
2.028783828491589336e+00
2.538008612938684294e+00
1.832565032771887648e+00
1.450081824088910620e+00
1.906527890043502982e+00
2.891620113194962371e+00
1.774955917344799294e+00
2.111579212763328606e+00
2.776946365804978889e+00
1.815898667331511174e+00
1.356317125038696281e+00
2.005591815273401579e+00
2.035908485235979892e+00
1.424306625689669037e+00
1.457928686041651156e+00
1.915473277650186379e+00
1.599754321594629936e+00
1.887830089984888104e+00
2.207105258958169003e+00
2.729632770572418821e+00
2.232706308780257221e+00
2.152890483703715940e+00
2.308694055420017488e+00
2.242361284932960608e+00
1.971996107356138284e+00
2.502860411312868738e+00
2.118525007413530226e+00
1.443882449795238943e+00
2.364558986373610949e+00
1.782586894725973536e+00
1.492913511956166062e+00
1.246597627607885617e+00
1.993638267869563219e+00
2.443494535315986038e+00
2.285234747947336054e+00
1.937055965067010499e+00
2.048187561601547024e+00
1.379430105982847987e+00
2.540800157265704851e+00
2.369295167844956307e+00
1.788983577581893858e+00
1.547287534244135898e+00
2.503509999520566076e+00
2.315144243249034339e+00
1.900686659594638339e+00
1.610041493702387694e+00
2.062385481350005545e+00
1.434044049285669420e+00
2.159688904597791392e+00
1.344677145381371730e+00
2.826449872740375291e+00
1.733149945828903249e+00
1.898296281342718217e+00
1.799480510102032138e+00
2.129565839481793343e+00
1.559010242863673623e+00
1.588930168230738627e+00
2.753501138423132488e+00
2.272899666907324701e+00
1.901224874168961465e+00
1.541420785897825496e+00
1.515045830595468157e+00
1.861125390865433715e+00
1.662004494646683650e+00
2.047197342897240091e+00
2.369227788774902699e+00
1.788055486491739288e+00
2.460033560740712666e+00
2.398731360660950607e+00
1.455748620048453734e+00
1.397852016924332696e+00
1.735824741829620876e+00
1.825890135307244089e+00
2.325092742316971162e+00
1.627851995311790922e+00
1.805452085248737237e+00
2.820062591975193378e+00
2.369380175712658243e+00
2.387548145893446438e+00
1.683068589219541389e+00
1.611967455303100483e+00
1.893957714200712905e+00
1.777031003570884060e+00
1.981697146582076074e+00
2.257960747035002935e+00
1.398596158551170587e+00
1.396286287715925001e+00
1.783772457281436630e+00
2.744834767365199824e+00
1.109702764407198616e+00
1.491863573262329545e+00
2.379754115487405564e+00
2.333056650298923174e+00
1.332383103402055902e+00
1.615713945801835028e+00
2.264281623516009034e+00
1.760105452104647306e+00
1.789744083696362731e+00
1.873706151074135295e+00
1.897266374895060892e+00
2.147027917845186984e+00
1.946341373663064145e+00
2.068767750663467631e+00
1.696899107849193955e+00
1.872894351446175332e+00
1.944604517773028007e+00
1.375150882066292768e+00
1.699528588186313804e+00
2.519393063222326923e+00
2.351673394260109795e+00
1.187010365174907989e+00
1.564061067821073348e+00
2.022275827723483133e+00
2.220200106781723637e+00
2.009707388159857722e+00
2.388779262849858753e+00
2.098434168418279455e+00
1.937657573576516246e+00
1.952933787578400082e+00
1.792994584135639391e+00
1.996525711060149533e+00
1.834646804316488300e+00
2.351690969321594160e+00
2.361260926968814733e+00
2.324911646958976785e+00
2.508041096206094167e+00
2.240651364463551953e+00
2.350121637978823230e+00
1.737693131228404742e+00
2.234837076240815179e+00
2.090640538254572078e+00
1.213124702803886734e+00
1.725184159649562954e+00
1.864645364154848384e+00
2.274414096258924545e+00
2.280970573996684791e+00
1.856747035261446799e+00
1.684270347699631465e+00
2.760470672055150843e+00
2.346952620732798866e+00
2.444792546831830116e+00
2.795484649270255417e+00
1.348931143176310243e+00
1.543003834659801399e+00
1.928804305577124900e+00
2.428397365826141296e+00
2.501562105209518272e+00
1.824782157992377529e+00
1.342552291859312685e+00
1.445520998004637736e+00
2.223510966337172601e+00
1.713627511603260212e+00
1.762594528003967875e+00
1.940064776906753607e+00
1.650123299443754910e+00
1.690413771367170082e+00
2.420150136711442634e+00
1.940808532405958742e+00
2.126293522116519341e+00
1.527306590246874096e+00
1.502117446871592321e+00
2.182164239083918211e+00
1.450902795943325385e+00
1.779158757369753152e+00
2.424632603653247287e+00
1.887693289640576921e+00
2.529290477412168059e+00
2.501675433170856166e+00
2.841933996002526275e+00
1.516675163168336837e+00
1.533426318590665804e+00
2.003222704546026023e+00
1.471244590574515732e+00
1.619617192350498724e+00
2.158939822717144352e+00
2.446302783036276907e+00
1.895195916326893659e+00
1.484920733586557517e+00
2.369979246285880414e+00
2.029152591596942390e+00
1.379263963371009094e+00
2.029463016648330509e+00
1.938234328119023742e+00
2.053078061849324065e+00
1.891534089573958521e+00
1.763878781901946136e+00
2.056210776745987623e+00
2.178504339997544115e+00
1.673938540972349953e+00
2.212187792710277101e+00
2.397409835836116443e+00
2.566691228017817128e+00
2.270584108018242731e+00
2.901420235428833205e+00
2.084944149949242487e+00
1.940878737923368291e+00
1.765207308357013005e+00
1.829939177334240386e+00
2.053108550443674574e+00
2.613191064517713880e+00
2.104490027883299419e+00
2.497653973592967702e+00
2.242783611477008776e+00
1.822373030058723753e+00
1.920550391338541329e+00
2.815556223778167499e+00
1.895353187587129895e+00
2.232006180613348434e+00
2.448228202375496654e+00
2.012261994869374959e+00
2.693051642527588552e+00
1.668980121000060546e+00
2.077516192543375162e+00
1.590328936699243689e+00
2.068902044987611433e+00
1.953534896678433164e+00
2.558573061725066822e+00
2.371190873260988319e+00
1.295837256077738919e+00
1.553580057060861108e+00
2.078316427047206538e+00
1.840287199316783306e+00
2.491577751952268382e+00
2.124656427961606919e+00
1.547095384161329079e+00
1.249415947510447378e+00
2.229674890305027191e+00
1.246804348437848153e+00
2.065701682272520490e+00
2.851157981384023543e+00
2.466888602211428250e+00
2.774815201858094049e+00
2.289791333457421363e+00
1.713542902393784484e+00
2.574086625995976263e+00
1.588722149871400369e+00
2.009814938040837440e+00
2.377178783790735217e+00
2.274521461602459382e+00
1.788544796724829578e+00
1.800819185158346825e+00
2.148573938873666656e+00
2.551916288742519967e+00
2.596322041353065213e+00
2.503941632390667138e+00
1.852511338937641971e+00
1.633661876953186098e+00
2.483635171036764788e+00
2.028214435098944612e+00
1.891132910686600832e+00
2.449854169952955907e+00
1.655337921307413751e+00
2.381578784126554549e+00
1.389665632880136670e+00
1.288907781426190446e+00
2.044783729614930934e+00
1.652238025071935734e+00
2.152845123580890530e+00
1.252010217714072393e+00
2.466513643542088019e+00
2.047535106286122009e+00
2.367317884409396722e+00
2.615076257566908424e+00
2.271557654779564839e+00
1.699873383642419800e+00
2.521409361017814987e+00
1.728310807581770803e+00
2.071106755558553392e+00
2.117109441994453611e+00
1.702664503325518108e+00
1.585099859149641910e+00
2.582754209235266885e+00
1.385745668655871565e+00
1.902430369604849014e+00
2.599008810372860800e+00
1.857453235911438849e+00
2.268421999623904561e+00
2.491022246943629170e+00
1.916851523025239423e+00
1.873500391421300648e+00
2.327961209699432654e+00
1.515957405175362371e+00
1.329833338280864252e+00
1.565900351478878072e+00
1.939466086216362850e+00
1.764354902183272955e+00
1.901402169786470697e+00
2.086935502537619058e+00
1.797298830059711694e+00
1.616496118195664078e+00
2.506040277244700132e+00
2.155363987197906006e+00
1.661398552903516013e+00
1.912185976382984265e+00
2.019913377123621068e+00
1.753461445091636151e+00
2.244208220602670778e+00
1.786432278804421347e+00
1.905750112950426622e+00
1.777369386849429578e+00
1.873847404166459452e+00
1.937030358306259359e+00
1.695334288159537905e+00
1.335636026391533449e+00
1.385854044867729229e+00
1.966378016796737960e+00
1.868448986470381490e+00
2.785919391860208538e+00
2.038990235970643994e+00
1.464406199097985972e+00
2.214055062053612133e+00
1.940946170580585495e+00
2.470792872372407523e+00
1.803850784877618185e+00
1.411356360706587765e+00
2.572312891774597432e+00
1.944296294541176362e+00
2.387421918801000853e+00
2.322606712062137202e+00
2.088635972942600283e+00
2.406001112874983860e+00
2.010370533043464469e+00
2.113854684107578930e+00
1.955491893986384788e+00
2.591827190161592132e+00
2.876476818289537274e+00
2.394410504061233347e+00
1.710970208890685518e+00
1.907646854782428125e+00
1.936982391518259572e+00
1.658804931549792583e+00
2.217486464300215676e+00
2.170215493821699315e+00
1.279139871001251816e+00
2.513412527080623349e+00
2.499591413266835094e+00
1.598037967776554602e+00
2.377511220236760536e+00
1.136384006328233998e+00
2.406485628466132454e+00
1.664023567429572470e+00
2.038817554337625459e+00
2.243894893377196276e+00
1.355117003940734310e+00
2.690688605781586862e+00
2.063404200452987780e+00
1.881669592637086552e+00
2.035642854130815138e+00
2.351746922786277505e+00
1.951455848603448562e+00
1.907653662241212356e+00
2.058326894682362074e+00
2.228255824123408946e+00
1.590472388158837180e+00
2.159813500404203168e+00
1.332504160141306793e+00
1.947465669715872094e+00
1.452559934467660963e+00
1.833512482410210032e+00
1.775416386759535392e+00
2.082196514622728145e+00
2.719795079317885556e+00
2.559335537926071602e+00
1.427945924758651675e+00
2.320722736024809052e+00
2.314532725196079443e+00
1.314480094760705375e+00
2.053843615092029395e+00
2.118421059096645465e+00
1.323197752017992057e+00
2.693699910911560913e+00
2.210556304757670620e+00
2.516655399214466460e+00
1.432811871774249290e+00
1.845938605173264913e+00
1.716844948818027294e+00
2.691425213696662766e+00
1.236322740989332702e+00
1.965914934294308303e+00
1.370531023328086295e+00
1.313071918866697052e+00
2.819850419678713749e+00
2.904504943139225581e+00
1.943418484719464434e+00
2.295514189352040102e+00
1.558734626828676584e+00
2.506457859121215659e+00
1.419460226364855693e+00
1.601804766424534510e+00
1.829925991517682649e+00
2.123150354090149072e+00
2.140783330098285031e+00
2.137403390656011037e+00
1.857835271489600482e+00
1.603364046347514282e+00
1.465738873412417931e+00
2.511650988020404984e+00
2.473400287053478586e+00
1.795688779427644377e+00
2.611373819797365492e+00
1.709099431662558954e+00
2.258361717100799471e+00
2.411302706015586494e+00
1.544832384678907378e+00
1.339089948194606139e+00
1.874623660656804081e+00
2.533828667512167065e+00
2.520790717322524799e+00
2.420145777945199583e+00
1.638061208772929822e+00
1.552892545197453122e+00
2.893050256243090868e+00
1.714029615510306082e+00
2.701032627741669856e+00
2.613427857634034623e+00
