2.019610662697794545e+00
1.899824560058798184e+00
1.793527732123972207e+00
2.147885712628909705e+00
2.214594179495435800e+00
1.735840037371259248e+00
1.667383013148810988e+00
2.746969304851598181e+00
2.645045873588419028e+00
1.942749096617503834e+00
2.122858895501181564e+00
2.599933181638793389e+00
2.524038527740268822e+00
1.811347250786595975e+00
1.908802787849884997e+00
2.580216079513769856e+00
1.984598529675973166e+00
2.370229353345616019e+00
2.207166291273674030e+00
1.958570901946143472e+00
2.704043988375457452e+00
1.468889541697696810e+00
2.014453844015124062e+00
2.108203539316338748e+00
2.257218550743142593e+00
1.385730813407572315e+00
1.739426937643746562e+00
2.419606928772758181e+00
1.490467229156558604e+00
2.178324447164986299e+00
2.684671037158996132e+00
1.690095559884426057e+00
1.424461695228784741e+00
1.415798434483436452e+00
2.147666705372861529e+00
2.304150157242226271e+00
2.126327603909658137e+00
1.333941846134210740e+00
2.231593489989905699e+00
2.145877614435354630e+00
2.633686732175087641e+00
2.072823974158945148e+00
1.656453431421619715e+00
2.006816105166023601e+00
1.805335795475530691e+00
2.497637157421272569e+00
1.910774355008769465e+00
2.415812042603918908e+00
2.392186003889622548e+00
2.334635921038128004e+00
1.497141986489152865e+00
2.166118152861203683e+00
1.677545606083166385e+00
1.906596434037346910e+00
1.989787961738192168e+00
2.722334276257398322e+00
2.146106329124943812e+00
1.991033200504911616e+00
2.593492222194685226e+00
2.812890160810178841e+00
1.298552576851154994e+00
1.431054446144171655e+00
2.624538136970322011e+00
2.541116392323829132e+00
1.959151905343557099e+00
2.183673623887412152e+00
2.027673033089168797e+00
2.155000281653864924e+00
2.051899810257513224e+00
1.755812978251464873e+00
2.012095280708155798e+00
2.635932166688419898e+00
2.609664230630948545e+00
2.628968740282933148e+00
2.301623357448585594e+00
2.622515615177285930e+00
1.776550734884349003e+00
2.141737908489425912e+00
1.607515392487455896e+00
2.384670845845896725e+00
1.995835740961027227e+00
1.721789445123690143e+00
2.574828147803947420e+00
2.338480617346414991e+00
1.751942530278580490e+00
2.214188240389442619e+00
2.470213968775897939e+00
1.666961331463656215e+00
1.874248140929403839e+00
1.912754120239701150e+00
2.129705354334763712e+00
1.524998311828620778e+00
2.013960378564541465e+00
2.349620126311846136e+00
2.271653272666053880e+00
1.499928898703490221e+00
1.988919226322134248e+00
2.141740770019945561e+00
1.656599039605745727e+00
2.760592947035693356e+00
1.304038033756356629e+00
1.489200660044203373e+00
2.631021760374355090e+00
2.342731591246012712e+00
1.289427376713829343e+00
2.134628299967157972e+00
2.445848627741198378e+00
2.040310248047159103e+00
1.895362220982951040e+00
2.453077752639990727e+00
1.978874169735485689e+00
2.508331524295827286e+00
1.566073575385214856e+00
2.595431446769147499e+00
1.956275744332299782e+00
1.411245046457083596e+00
2.434713332044703193e+00
1.643770499368363947e+00
1.812801387106803830e+00
1.293478153876433945e+00
1.986530826401267991e+00
1.617247054759069824e+00
1.721760330968761465e+00
1.763771498406567773e+00
1.535302749144629608e+00
1.724086112352514188e+00
2.126253275732259418e+00
1.826911149784631538e+00
1.998113261362162607e+00
1.603636369280204921e+00
2.779798582926912509e+00
2.352513581837999190e+00
2.145418216940339740e+00
1.824500039062375567e+00
2.596916966545570027e+00
1.848739054026849349e+00
2.144398714093399771e+00
1.669177804188780812e+00
2.447655261951517502e+00
1.946412011620911597e+00
2.026170492192373551e+00
2.227034119964955927e+00
1.639569795252245221e+00
1.849380508244071297e+00
1.495053023825595462e+00
1.914732252163944937e+00
1.639278985975068270e+00
2.619164732852354405e+00
2.553813512517145057e+00
2.277208616051417334e+00
1.724549138178783636e+00
2.488863594394087109e+00
1.728753051842398136e+00
2.405128980794809301e+00
1.302696556377175519e+00
1.580903004674811374e+00
2.437288759034122343e+00
1.791757182152649452e+00
2.625130632132593789e+00
1.707106777241849560e+00
1.223534476956447570e+00
2.556858373707524112e+00
1.883859532431420902e+00
2.084552964539078346e+00
2.220065747136295009e+00
2.637231231747448668e+00
2.254344270749617518e+00
2.433278104343977510e+00
1.756586143188256788e+00
1.381294729311369096e+00
1.768329052699346704e+00
2.091504341701308611e+00
1.881879657644968784e+00
2.028607435858440944e+00
1.796372401742743152e+00
1.984551864055832393e+00
2.719261504102792770e+00
2.878876617145218031e+00
2.682717450429145778e+00
2.708996575613443980e+00
2.154190689156487704e+00
2.413219279816525287e+00
1.599320983081265801e+00
1.631717044671394223e+00
2.450148791527388958e+00
2.121148349931732735e+00
1.799442770715568019e+00
2.065159934452085011e+00
1.194825403441062139e+00
1.890642432011589325e+00
1.502430243322222747e+00
2.611286316979388289e+00
2.377899096242135357e+00
2.625615403482687960e+00
1.744720737200772920e+00
2.053243621780596939e+00
2.535991765878739201e+00
1.267363930990280441e+00
1.292098401302201660e+00
1.862082406441097460e+00
1.872997939183902893e+00
2.173383109172433159e+00
1.810716741793227502e+00
2.227470371819633588e+00
1.784688964017281609e+00
1.769814409408423383e+00
1.749336912943392441e+00
2.222447274872830114e+00
2.164137278542456411e+00
2.355316824503362660e+00
2.390818017066246082e+00
1.930513830812723874e+00
2.504290029582406873e+00
1.647367452145092948e+00
2.854580891080426674e+00
1.125091592970766108e+00
2.491633411167675671e+00
1.857660254783393139e+00
1.810772903028290859e+00
1.245091111213984636e+00
1.774622302721069467e+00
1.564612692018397588e+00
1.476448739802840082e+00
2.105660579667707033e+00
1.329402750532739041e+00
1.378484216702194898e+00
1.655657667062792271e+00
1.926615555612454234e+00
1.721812045421604598e+00
1.978866016130037542e+00
1.423760909140767250e+00
2.179415887784291073e+00
1.608070799969988141e+00
1.400746708499267079e+00
1.831122515871696610e+00
2.352513463439374508e+00
1.872106852509324515e+00
2.163247644351730781e+00
1.609160073752366360e+00
2.189447787781447552e+00
2.046178250089879302e+00
1.981629677621874475e+00
2.131937520569979316e+00
2.257107323589384151e+00
1.596593372215979967e+00
1.090303110145776522e+00
1.397035960511270991e+00
2.269804772098335199e+00
2.809636016761550614e+00
1.335610093190928716e+00
2.342549287276874725e+00
2.112473703683337867e+00
1.964920858621089117e+00
1.753891878552422234e+00
2.565357542854656003e+00
2.080016060310680981e+00
1.703612912091990061e+00
1.787794733616116183e+00
2.160148650836545503e+00
1.650878163601434689e+00
1.987401043569942072e+00
2.668082365394626621e+00
2.132377106606554662e+00
1.344397100089201436e+00
1.761764666279870273e+00
1.292748459679967654e+00
1.976998124003906732e+00
2.076254802117764253e+00
2.634007361856141038e+00
2.359565113456703500e+00
2.077837812713355881e+00
1.998528701112374240e+00
1.435159033388936356e+00
1.834973882545865909e+00
1.740758907841896796e+00
2.726984977246608377e+00
1.209811642944077503e+00
2.107500507571415049e+00
2.568015627902899389e+00
2.526294724330051977e+00
1.970348325582319760e+00
1.501771228818855608e+00
1.797407543438127808e+00
1.683939108494447723e+00
2.123386233255161848e+00
1.716906898405952342e+00
1.855220648930575589e+00
1.670942482541508678e+00
2.702040083591346509e+00
2.275819330752376857e+00
2.312019151690652308e+00
2.116249442315239371e+00
2.552545893421726220e+00
2.228657184522401913e+00
1.997826603014933422e+00
2.347946483386966765e+00
1.537580444785988876e+00
1.489620911462037123e+00
2.082486660401710044e+00
2.379455220465828358e+00
1.989769174003693131e+00
1.640284971868796404e+00
2.558283323537884790e+00
1.580438750877690701e+00
1.683319228303018722e+00
1.995722348364789678e+00
1.551448731241696688e+00
1.817799929489006594e+00
2.094227067632329131e+00
1.874831999305341057e+00
2.317283157295711327e+00
2.030110151589808343e+00
1.704265088399922634e+00
2.457884854446567235e+00
2.318241614619921620e+00
1.883851629733596766e+00
2.655399793736495262e+00
1.573559303685519328e+00
2.306620795129843415e+00
1.685218258976065808e+00
2.072184354732776068e+00
2.268600120077814530e+00
1.970501650496115698e+00
2.832195436276405687e+00
2.781074149322789069e+00
1.562713099807214068e+00
1.893968845099965437e+00
2.085125386033286787e+00
1.841495168136951577e+00
1.910972066423029192e+00
1.621134050352742939e+00
1.561447558669194047e+00
2.112477394969067390e+00
1.285264595208849281e+00
2.252288426629279083e+00
1.959076190284658292e+00
2.182939728346600106e+00
2.291043807948838662e+00
1.242589413006837784e+00
1.370081492286384872e+00
2.021909384037086532e+00
2.538906180497553677e+00
1.878957305703717662e+00
1.517551741473435634e+00
1.610075490336429382e+00
2.182712301225113727e+00
2.597966229020087781e+00
1.620389135636727707e+00
1.960012762447082224e+00
2.423285950522161780e+00
1.885620829549465860e+00
1.787026328057979452e+00
2.103403619172053318e+00
1.593104909817686154e+00
1.879720488707819159e+00
2.384213287130429570e+00
2.119932453032500330e+00
1.812540410320831796e+00
2.340790637916680517e+00
2.176115752568122730e+00
1.980324866693536467e+00
1.717928385062220453e+00
2.493829460613221194e+00
2.177967783100055232e+00
2.634092557294367865e+00
2.662135702133672233e+00
2.555337046949925028e+00
2.086953934379559783e+00
1.549921193399208974e+00
2.208034306076655184e+00
1.213161746958549170e+00
1.390243676128759986e+00
2.307954715835606407e+00
1.619843201086432982e+00
2.090575977229617521e+00
1.641470154151104088e+00
1.802846412045582492e+00
2.001768130759587372e+00
2.127641626838304489e+00
2.433772543719654902e+00
1.779323186301935422e+00
1.870236856263841174e+00
1.547231130252684883e+00
2.553161638656570531e+00
2.431873472935974778e+00
1.206477845247034830e+00
1.971415787352293059e+00
1.765748509958782186e+00
1.809338901946348166e+00
1.398957336183476396e+00
1.586779748058638084e+00
2.071016185800079512e+00
2.054370560003548007e+00
2.101979856265804525e+00
2.241193577834405204e+00
1.295597369425917966e+00
1.409491338639122571e+00
1.741429652812152673e+00
2.390264158595670985e+00
1.888183239779929634e+00
1.650076419959856100e+00
2.014759379476219081e+00
1.945889227312489034e+00
2.272412746249325544e+00
2.708633900274051154e+00
1.737891386809633509e+00
2.683441875430823131e+00
2.782309944489693265e+00
2.228359219780726264e+00
2.484377396014485040e+00
2.263307559796227331e+00
1.186556367798200951e+00
2.227886395183551915e+00
2.354433680211690305e+00
1.679928364498066262e+00
2.310318116843469660e+00
2.216061000501793998e+00
1.949606081517317957e+00
1.542516204674079017e+00
2.649530662089317534e+00
1.928867707050198721e+00
1.314524453965904893e+00
1.829534662578369275e+00
2.242013376471244435e+00
1.885826989252572972e+00
2.389520843508959658e+00
1.442220020767286615e+00
2.141447782459900750e+00
2.198547639237431461e+00
1.643365382984324885e+00
1.902166263468981544e+00
1.313998858868524522e+00
2.026893861876519765e+00
1.251783640005110332e+00
1.841525445118198157e+00
2.531747922506427440e+00
1.715636977623507420e+00
1.403918119410724863e+00
1.568252566574534601e+00
1.761530510032630836e+00
1.402408978993275213e+00
1.499382754430985454e+00
1.800253488794111734e+00
2.519964214589252460e+00
1.933951833491694305e+00
2.887318083274291958e+00
1.450936272217588918e+00
2.551533837448745068e+00
2.288168182213564439e+00
1.745406436091477165e+00
2.256556686776609588e+00
1.736315663814746557e+00
2.102975764323722796e+00
1.414688566772655864e+00
2.482588289886813904e+00
2.415661131900010972e+00
2.374873308319416232e+00
2.241835530255091413e+00
2.149510117689892752e+00
1.738975727094003165e+00
1.820944625608936107e+00
2.445024489309560067e+00
2.248804137272414572e+00
1.417469895165093252e+00
1.532108439311656412e+00
2.333670543318269175e+00
1.830686121031312119e+00
1.944040462467348629e+00
1.841311489874688068e+00
2.618123439836377742e+00
2.547176750576950255e+00
2.146493835463379796e+00
1.977316373228625856e+00
2.220162456657733596e+00
2.622424541028084199e+00
1.733869436064605640e+00
2.173198657385245980e+00
1.514901947791607029e+00
2.203416478150803215e+00
1.919964837639823951e+00
2.668546570503182558e+00
1.372140934305270843e+00
1.274632285956959432e+00
2.121833488368955578e+00
2.368707834054808004e+00
2.103528015198062207e+00
1.772458363969939388e+00
1.338765436168308565e+00
2.388801594608743528e+00
1.945189389776222466e+00
2.610301316130382965e+00
1.833165700419791211e+00
1.785746468149925104e+00
2.314437232323523830e+00
2.095008545663838539e+00
1.748102820078179631e+00
2.660395956888399027e+00
2.375930717881579834e+00
2.288266275583919374e+00
1.344484297796313177e+00
2.220229925992296849e+00
1.979324974562714834e+00
1.733035708730572111e+00
1.652596317733218578e+00
2.482993141817381400e+00
2.127731989971165305e+00
1.345848057881001925e+00
1.539995434291324905e+00
2.419467994389844279e+00
1.861409841639315221e+00
2.556038244978060092e+00
1.982138062540634627e+00
1.943898410972374702e+00
1.848788795348052183e+00
2.251428235192033611e+00
1.700862214651590376e+00
2.552626357721034633e+00
1.867057041751056135e+00
2.442617189342541018e+00
2.488525160847220974e+00
1.790757917110746611e+00
2.451268965859603632e+00
1.958218386584424486e+00
2.552976557864212737e+00
2.002182566673659903e+00
1.330598032638802275e+00
2.260591625062998489e+00
2.532283747794916273e+00
1.834749449292825130e+00
1.896783014489407559e+00
2.261283342935468177e+00
1.642487498961004988e+00
2.067766324605284645e+00
2.002496463117350523e+00
1.512378448237003070e+00
2.024846462568067551e+00
2.263428046790099124e+00
2.913483405051203512e+00
1.798831753488161711e+00
2.070615890732901754e+00
2.049683656440737689e+00
1.730363135030782207e+00
1.757067208185926432e+00
2.705056438014826981e+00
2.083985623226809025e+00
1.829776654041469719e+00
2.323235254225138213e+00
1.508219620996596344e+00
2.416661652898770996e+00
2.323105990571901813e+00
1.602582427948446853e+00
1.565690302997231775e+00
2.434808686124982025e+00
2.630940198821313913e+00
2.345039056931032206e+00
1.745031427918283029e+00
2.338761062587371597e+00
2.359662607588035144e+00
1.826808146610137573e+00
1.500714507012810950e+00
1.563581438439611837e+00
2.231644248714040657e+00
1.166810003534286100e+00
1.609170521079537952e+00
2.457668821790550240e+00
2.167194247564292464e+00
2.068651760103732862e+00
