1.447811149851364165e+00
1.368269891802766036e+00
2.069305597933747798e+00
2.077244321240618419e+00
1.574854486930189035e+00
2.498804706273482168e+00
1.934481897663104855e+00
1.462053504743995314e+00
2.522542154615808663e+00
2.321924208465672823e+00
2.143130987701665546e+00
1.990278385244562465e+00
2.460807730791440662e+00
2.440601462170948643e+00
1.557298785126961960e+00
2.316262564432920890e+00
2.301317626130904515e+00
2.689205643918019639e+00
1.983334936457252340e+00
2.743284365812509229e+00
2.011575694724097918e+00
2.004715133304218799e+00
2.021308419667251055e+00
1.927735411513429975e+00
2.544686659251203409e+00
2.097606148009347748e+00
2.247124864625163809e+00
1.701702841752351425e+00
1.975560621803919226e+00
2.651175257808362495e+00
2.822527249398706140e+00
2.718345809488516451e+00
1.251342762374404227e+00
2.108284203312468463e+00
2.232924328024170180e+00
2.193012087786383013e+00
1.956700836071624039e+00
2.132907083771807599e+00
2.095333302492629279e+00
1.602888537159584015e+00
1.460319982364579161e+00
2.150178888660690291e+00
2.099315189805292192e+00
1.693460264819972583e+00
1.682873473726394842e+00
2.070954219031533317e+00
2.122476666421292180e+00
1.339721943468532572e+00
1.667336105204866303e+00
2.107973048816003114e+00
1.642244515246367609e+00
2.147436669688374877e+00
1.993945823099981585e+00
1.519572789353922815e+00
2.194704335243639282e+00
1.726914302109707755e+00
2.319241108476846946e+00
1.660734608404787149e+00
1.316181239588497531e+00
1.526334512666601473e+00
2.107424323475226124e+00
1.814673603432893634e+00
2.418443322265395601e+00
2.533130454216917737e+00
2.052749050633115857e+00
2.321948204495188239e+00
1.942393040999282672e+00
2.702951244064754288e+00
2.633610774843660352e+00
2.780846680049616992e+00
2.196070062415419244e+00
2.709405874165108585e+00
1.784282262375467054e+00
1.905365190864193536e+00
1.845978889717907911e+00
2.338553202099744599e+00
2.288253901966500692e+00
2.945036229584355958e+00
1.983829162853398831e+00
2.664027339462611277e+00
1.447686879550512451e+00
1.834490826333755376e+00
2.294109294173647839e+00
1.683853244694501816e+00
2.481631685657308850e+00
2.013428646549759282e+00
1.914861819644744889e+00
2.263665886970763097e+00
2.372522489676941237e+00
2.245824323316585769e+00
1.362202720414292356e+00
1.873677981088196054e+00
2.170780967414920770e+00
2.486170997290646945e+00
2.799069190687818676e+00
2.606588819510088584e+00
1.806187031152065803e+00
1.718937841367678576e+00
2.310326901785974218e+00
1.677609263739780587e+00
2.563161978847924516e+00
2.368247403676376095e+00
1.767197056628055485e+00
1.968515608291910413e+00
2.319067488560431656e+00
2.227136891441056754e+00
2.683497606828936899e+00
1.579762055663473497e+00
2.465864799513589389e+00
1.215053898106706276e+00
1.842321385784969401e+00
1.797368559419307843e+00
1.720957835756487642e+00
2.398892790503459160e+00
1.327859421814100660e+00
2.475977815920182401e+00
2.780045763452714702e+00
1.551620411745623596e+00
1.705969761553421282e+00
1.750753900575360955e+00
1.436343166077854505e+00
2.309811278176209015e+00
2.008224925812233330e+00
2.650164812934823644e+00
1.895303663614062550e+00
1.922968708069681787e+00
1.540686736876057061e+00
1.522246933502141575e+00
1.244214759509304269e+00
2.167287033944365504e+00
2.276838633523254884e+00
1.789138314983012679e+00
1.673236897356309871e+00
2.094624903981178399e+00
1.917145174158254584e+00
1.280321600771063606e+00
2.384542977397195784e+00
2.473676556923717129e+00
1.660280189887268998e+00
1.890895197247389969e+00
1.812381877783547202e+00
1.615416984837346526e+00
2.054103421810459906e+00
1.667260861107358938e+00
1.908211092138540454e+00
1.701320995509996159e+00
2.034692738992260885e+00
1.934544881861938848e+00
1.228834804422294757e+00
2.158514820547055457e+00
2.001335591867993813e+00
1.748781863295310490e+00
1.205591345520223623e+00
2.635206289824338910e+00
2.695763915524069354e+00
1.473929542349575517e+00
2.420921098133882232e+00
1.682604523764150262e+00
2.017527676178011653e+00
1.966872911784186106e+00
2.123676959777913265e+00
2.135053336475770891e+00
1.905521576982446286e+00
2.334626815606990924e+00
1.997535095842168484e+00
1.426164860064164763e+00
1.634405728033181848e+00
2.337375148500841604e+00
2.686360778308760189e+00
1.930609655881721176e+00
1.565669222931211024e+00
1.516899487182650441e+00
2.153852074869988531e+00
2.345338139445987125e+00
1.762145260635675337e+00
2.802528805029375292e+00
1.913771894850724742e+00
1.563043232114950554e+00
2.096279410674910970e+00
1.727481117404628286e+00
2.746003977599219326e+00
1.957295851681814636e+00
1.386047209653359813e+00
2.119637541180737106e+00
1.418306943730257785e+00
2.299267459329856322e+00
1.877595739519565932e+00
2.150157355905273349e+00
1.912076276792596063e+00
1.721519121809402364e+00
2.443190437834977136e+00
1.692993197164428310e+00
1.649405754693211046e+00
2.053026387580619172e+00
2.480809902234943465e+00
1.171876167347668751e+00
2.389518159237319583e+00
2.354765751216510328e+00
2.031762027659523184e+00
1.651615883253489070e+00
2.226555182194712046e+00
1.416189236394199025e+00
1.210829549737572064e+00
1.723613171717912618e+00
1.323861604125143865e+00
1.654216280877542022e+00
2.269593058238140060e+00
2.180698924329750987e+00
1.351793457619698380e+00
1.804720647709657122e+00
2.598725522023419554e+00
1.657006115075990493e+00
1.361849268693181791e+00
1.952625061280264473e+00
2.377773894983646663e+00
2.002752864841625957e+00
1.588844119230581331e+00
2.139829246238985849e+00
2.369462581818897462e+00
1.786097092046915691e+00
1.300506550947146511e+00
1.926815288554416972e+00
2.474162228641003214e+00
2.261491021624876474e+00
1.335639133974692916e+00
1.840684830844803610e+00
1.768866930273789162e+00
2.560291462873516721e+00
1.395753936686678021e+00
1.896072825155411978e+00
1.627428830785156322e+00
2.001601576892072742e+00
1.718988918999810878e+00
1.714907624344196524e+00
2.818659637453497790e+00
1.557289247265732923e+00
1.731299485265171079e+00
1.559958315395068240e+00
2.381285026751496225e+00
2.411727395638231464e+00
1.263498256465815262e+00
2.207245759996831147e+00
2.377453395170921802e+00
1.948003758150506748e+00
2.035532996101170333e+00
1.746665123160964228e+00
2.214465221117547067e+00
2.010182288056042932e+00
1.770897269167219790e+00
2.043189475593154114e+00
1.973626157647897505e+00
2.048743608619638223e+00
1.676329675949246756e+00
1.731303427294581088e+00
2.030049225860151907e+00
1.755716870240448202e+00
1.789618505890348654e+00
2.273221412725222823e+00
1.841323820346033813e+00
2.136058252069824803e+00
2.610921721848062926e+00
2.184420591134187184e+00
1.887895131678690275e+00
2.461032512091374080e+00
1.896742239979404276e+00
2.019556482949424137e+00
1.887905832359126235e+00
1.475303331859598943e+00
1.749160795702020765e+00
2.306497573421783187e+00
2.294071373102442912e+00
1.986168693507287086e+00
1.784688333021537732e+00
2.765878330998784218e+00
1.587840207104873613e+00
1.404724770369599307e+00
1.936981601811757381e+00
1.202588481898845929e+00
2.429018882049288841e+00
2.410337279018812229e+00
2.101187983974400986e+00
1.945391891185762390e+00
2.521834558702182427e+00
1.530111969911920999e+00
1.771843023090007296e+00
2.026763552151353842e+00
2.725210971329375287e+00
2.129148200831619597e+00
1.436633428406225210e+00
2.394586494391426346e+00
2.013472014155306411e+00
1.666338412132644997e+00
2.236771515541419397e+00
1.932378863551207582e+00
2.571778557810561860e+00
2.476871850656101604e+00
2.250896974115191185e+00
1.882098940400229070e+00
1.596051049170510661e+00
2.022994795510693500e+00
2.214308031902993523e+00
2.310534742901764194e+00
1.668798755036856818e+00
2.355321587628497859e+00
2.149222464292897428e+00
1.984715446224714963e+00
2.144331041399015980e+00
2.509111813422510995e+00
2.360939429794385980e+00
2.106490556947054671e+00
1.279278936843043502e+00
2.269138855037269309e+00
2.455034762469953336e+00
1.753531235898667440e+00
1.983135571380902018e+00
1.078154655696348163e+00
1.953846949512414666e+00
1.967588769680040262e+00
1.724421679649985162e+00
1.365952441890793789e+00
1.578500638979012605e+00
1.489109733552696824e+00
1.880062437926593777e+00
2.471124905132882521e+00
1.388076871340254481e+00
1.635056478175022532e+00
2.847087499432118474e+00
2.523876117488240922e+00
1.624585488067576300e+00
2.704235461334591584e+00
1.756542843394883535e+00
2.197403513156337418e+00
1.586620336109899831e+00
1.625405369881014472e+00
1.912802749696200344e+00
2.731936892748827894e+00
1.475594969334322437e+00
1.736801310932295284e+00
2.094607361329858364e+00
1.990866152848854265e+00
2.222529833822417977e+00
2.001442542340310826e+00
1.997167231407132704e+00
1.606750997697783845e+00
2.430055532413391006e+00
1.686594523160030779e+00
2.003123442902491558e+00
2.430722697074020999e+00
1.888511174198713949e+00
1.784788012985418559e+00
2.246965453984663075e+00
2.254936441781961953e+00
2.624537116362487765e+00
2.323142754499320173e+00
2.670766408016288729e+00
2.107491216381433219e+00
2.605038713659039828e+00
1.298432445644687849e+00
1.695866920390697086e+00
2.026618591898055932e+00
2.085747460699412414e+00
1.443704646534403002e+00
2.126061296719952587e+00
2.585934248755683562e+00
1.511435058965033829e+00
2.292344175282310381e+00
2.500196189198735652e+00
2.616940773505551654e+00
1.199253958235868778e+00
2.386736391714568306e+00
2.552687120137282939e+00
1.726942156927827376e+00
1.874321621992187215e+00
2.090226193572570335e+00
2.009636727023245584e+00
2.697117666556320792e+00
1.283165004317125657e+00
2.210617305087993589e+00
2.202608550454036695e+00
2.583454508693554530e+00
1.756991009085885569e+00
1.695375169259758286e+00
1.529067192450413337e+00
1.668108787709940533e+00
2.303773996658928347e+00
1.867156657932870445e+00
2.158930914744264129e+00
1.345747203693071992e+00
2.462565915735935640e+00
2.898684468673272008e+00
1.839497783487884508e+00
2.314546669462370865e+00
2.020478513476190674e+00
1.748173840563982395e+00
2.106948046807890940e+00
2.619348054390319369e+00
1.084467383689711184e+00
2.336583429450875826e+00
1.882306109142821038e+00
1.564688627418278299e+00
1.905827426365668043e+00
2.099693743660219880e+00
2.817354751163613447e+00
2.176970559418664131e+00
1.565176073654005462e+00
1.467763664014304359e+00
1.780309969840431883e+00
1.516814275238082210e+00
2.845299119260093157e+00
1.482470252490765805e+00
1.839070970420495943e+00
2.049826663086957268e+00
2.347951542907359190e+00
2.019998881832738569e+00
1.982247178198863313e+00
1.729699345206509253e+00
1.171935718164763163e+00
1.529547276322865024e+00
2.257460947950485242e+00
2.565900480294851960e+00
2.228790635381806329e+00
2.142997344015529659e+00
1.866316042250272478e+00
1.506488808871329521e+00
1.962520681045956561e+00
1.721345328017505061e+00
2.614286381971827389e+00
2.709283472717640251e+00
2.077952843647972614e+00
1.703073401651294283e+00
2.338461631278444752e+00
1.995836140674883907e+00
1.964338383586496484e+00
2.576773175982227215e+00
2.018527678888144550e+00
2.302520438938322034e+00
1.895804444592359639e+00
1.174656061334852897e+00
2.849826897404756920e+00
2.559474621331625954e+00
1.950042511069172146e+00
2.623415558079541299e+00
1.911656704703110998e+00
2.682015885544856815e+00
1.946286523534735746e+00
2.382030409510700775e+00
1.682554985013710258e+00
2.211041456591635423e+00
2.681316897178783965e+00
1.990990766822581914e+00
2.151129003257610250e+00
2.144855689382581865e+00
1.794956938125689350e+00
2.291920449021530359e+00
1.718912492492223221e+00
2.262830263883048865e+00
2.120172002444213000e+00
1.540912496572213186e+00
2.096713811373672520e+00
2.622186989628639608e+00
2.058579970163371797e+00
1.747665139910591359e+00
1.754594150198535374e+00
2.481382176507851423e+00
1.632215501412981329e+00
1.220745536280477328e+00
2.170060628243833278e+00
1.891041895706422116e+00
2.710748212183230699e+00
1.840418189950431938e+00
2.401055995008912536e+00
1.826673750866062873e+00
1.269198564408634988e+00
1.739574087121353418e+00
2.637366762684456134e+00
1.788965544032284027e+00
2.269093922022484833e+00
1.880746862769596905e+00
1.881451094409274605e+00
1.611944182881801524e+00
2.036296576697204319e+00
2.264039584399871075e+00
1.288224584241233206e+00
2.120573974939787387e+00
2.076788127250741134e+00
1.764925628710124705e+00
1.593940108923762589e+00
2.538594292534453789e+00
2.515561626326032307e+00
1.313895167119358831e+00
2.407973521978195031e+00
1.538954516701612985e+00
1.064644293247034579e+00
2.224855327847533371e+00
2.299709302892857021e+00
2.317475776379993579e+00
2.464345810960893335e+00
1.701827909350410950e+00
2.257586661378925275e+00
2.462330674756599169e+00
2.190264807641681966e+00
1.716999434608460273e+00
2.016141781119957788e+00
1.988503665377707286e+00
2.176329319705911480e+00
2.194020353069733531e+00
1.628091115710858183e+00
1.417428631801922245e+00
2.587194867815390875e+00
1.399233273798551114e+00
1.315284269181302257e+00
1.621006901523810440e+00
1.967187697120745593e+00
2.015836648083984883e+00
1.578945229346069290e+00
2.250875684399690435e+00
1.744304270109689803e+00
2.386809723719037990e+00
1.974707816845512331e+00
2.139535014808144453e+00
2.249406490378346390e+00
2.250712979105863099e+00
1.322826277154109054e+00
2.454960311810369777e+00
2.548341350824724127e+00
1.940628757039315699e+00
1.727373195105891712e+00
1.664382670021518518e+00
2.141916849514980292e+00
1.400650534388694357e+00
1.950303932366883153e+00
1.313512353078903683e+00
2.063844444179053106e+00
1.732497072950156758e+00
2.771237110365109668e+00
2.282032660627632659e+00
2.322872630510600445e+00
1.835657837005627790e+00
2.212270766786221809e+00
2.180841487133322154e+00
2.193548253236581314e+00
2.018800508980130193e+00
2.283614563583354240e+00
2.265961823126930064e+00
1.256255049184320294e+00
2.014033446371287894e+00
2.244982221735435601e+00
1.713130749960967592e+00
1.858251788888731326e+00
2.539841146628547541e+00
2.009667416162342235e+00
1.672868102125107059e+00
2.027903962284196560e+00
1.531592425920196288e+00
1.344596260005752386e+00
2.237968197419067717e+00
2.092416305340066174e+00
2.100719101279322043e+00
1.572975186842929141e+00
2.015137914110349371e+00
1.457017031476458113e+00
2.539638559786446592e+00
2.381667861371257189e+00
2.048534592169482416e+00
1.807941538279367100e+00
1.994929297619746134e+00
1.852848260931757363e+00
