2.322185217775728283e+00
2.082087366230090719e+00
1.690746420991007470e+00
1.749655807019668163e+00
2.004418548097207875e+00
2.618088235598822422e+00
2.005073730054770298e+00
2.483665594435501056e+00
1.792508355713545276e+00
2.162476616839386523e+00
2.309345375532457112e+00
2.253041440651556204e+00
2.814447276265220843e+00
1.363573300782590314e+00
1.648553340613970519e+00
2.233974984283722875e+00
2.275465060247341853e+00
1.834521481920136976e+00
2.433425653941486466e+00
2.670501337693706567e+00
1.651723250725703807e+00
1.950838284018591162e+00
1.749276962917961864e+00
2.141454670125303217e+00
1.764961197612998411e+00
2.293603044362361842e+00
2.506639977950282816e+00
2.735058299917498381e+00
1.427554479277967081e+00
1.925926444719966657e+00
1.414016352552625699e+00
2.735340139084012634e+00
1.662667257676819554e+00
1.869604881024536258e+00
2.554226400202631808e+00
2.319587748663889393e+00
2.295362214094970099e+00
1.246609139962707946e+00
2.244122790059947192e+00
1.778597857145327588e+00
1.914244739411003149e+00
1.993330499078633133e+00
1.966910323535919769e+00
1.769106233110671056e+00
1.843795665460881583e+00
1.483190424285470543e+00
1.939578461025775802e+00
2.061293901100344605e+00
1.266055247789448668e+00
1.786046436221164990e+00
1.388551233068526569e+00
1.577031000504493186e+00
2.439030030772030955e+00
2.197993451162222556e+00
2.679741562193016957e+00
2.554948454021944926e+00
2.711071736336628124e+00
1.784151828733033573e+00
2.030713212303060011e+00
2.374999863597910377e+00
1.674564507776525879e+00
2.862617398508040978e+00
2.686012014990185826e+00
2.432699126638387277e+00
2.401034516827321053e+00
2.190527756759141909e+00
2.005235745346532816e+00
1.435949304954850403e+00
2.490155438906048069e+00
2.057681630968077435e+00
2.368098243346103082e+00
1.800768269967620849e+00
1.904734816838726363e+00
1.944081079699273573e+00
2.242076772181012423e+00
2.638371288635891432e+00
2.072181827531528686e+00
2.257397078164866677e+00
1.382794651188078650e+00
2.797236494093762182e+00
1.905813789180478945e+00
2.079573526089602442e+00
1.971559806521069769e+00
1.933062186657134252e+00
1.684370365582608331e+00
2.451730691703188469e+00
2.016701041113087012e+00
2.041901992159221635e+00
2.167158978140678371e+00
2.532028931203703870e+00
1.995637539791423221e+00
2.127348159850754428e+00
2.044302853092693883e+00
2.022104779329522373e+00
1.514289437195457610e+00
2.392644423595715608e+00
2.099697620929919406e+00
2.185209624193398703e+00
1.623308176536836012e+00
1.988701049890045036e+00
2.121059216633021549e+00
1.595081744198545426e+00
2.680510249928586664e+00
2.798254987631810575e+00
2.333608151720421908e+00
2.133005909284434232e+00
1.337399746661757760e+00
1.909148114465587298e+00
1.776410648446689278e+00
1.871357563220219733e+00
2.423098838644344610e+00
2.028268154173611837e+00
1.787891708060455720e+00
1.808805819945113136e+00
2.566885688014359790e+00
2.160906364377028765e+00
2.641504762630580316e+00
2.000512643560797610e+00
1.905196104566743376e+00
1.928777916112458968e+00
1.976942294077085105e+00
1.286891418845717672e+00
1.989338908053187360e+00
1.656575866297436361e+00
2.212781030754778833e+00
1.461276528216335580e+00
1.970740200917771467e+00
2.440261379992171520e+00
1.769602861939690630e+00
2.474252633326674555e+00
1.994357520857651611e+00
2.403548051236003236e+00
1.708165014721958030e+00
2.064227178432713306e+00
2.523412978792776595e+00
1.712360536257844679e+00
1.850710581012452671e+00
2.416894915510154007e+00
1.584589692050048848e+00
1.212925626870509532e+00
1.805358598657614388e+00
1.506437633145284671e+00
1.886786666877531493e+00
2.107324701453258342e+00
2.247103874380377064e+00
2.572576386231191670e+00
2.412324347594133833e+00
2.824186957719892810e+00
2.361552107980543713e+00
1.626732985142380183e+00
1.471194088435035408e+00
1.911966207240413107e+00
1.597902917957403357e+00
1.466147035555654954e+00
1.987567225822747918e+00
2.643704600320344156e+00
1.899939601970178416e+00
1.749370852572746493e+00
2.448857966357085303e+00
2.125239051062787876e+00
1.269879073598229269e+00
2.182604262683068619e+00
1.560496355703177462e+00
1.333254872886095121e+00
1.189457522323646765e+00
1.775802493928290815e+00
2.438837824790512698e+00
2.020570577845200333e+00
2.120033108385456444e+00
1.930002442151800501e+00
1.465937076656689930e+00
2.187532479572954713e+00
2.107675521907394156e+00
2.114533625157749341e+00
1.875739781581716503e+00
2.011948480496633884e+00
1.460125460150148768e+00
2.030289892157509435e+00
1.869118240266409270e+00
2.577297497585754549e+00
2.309918498457749436e+00
1.764524149361223593e+00
2.753554187355423899e+00
1.521748099232675955e+00
1.984690021281797723e+00
2.002961334547695316e+00
1.710993177995673964e+00
1.353924184580011403e+00
2.443610595387621487e+00
1.648318671544475089e+00
1.745617560257061829e+00
2.852221542940561072e+00
1.437577020202483569e+00
2.393901956957881438e+00
1.808458600583590981e+00
1.229392754689872413e+00
1.130979735321214097e+00
2.563159153132690271e+00
2.038413311729060151e+00
1.738544788884918368e+00
2.060885183451770075e+00
2.695536732403480684e+00
2.479779281897423360e+00
1.628266618186007264e+00
2.105979589852654765e+00
2.156594648928479074e+00
2.007685570660109775e+00
1.855277062894651108e+00
2.132756665329576862e+00
1.770913951100062889e+00
2.304550427265260382e+00
1.808605718888569580e+00
2.608083554802387738e+00
1.452193070956826926e+00
1.162343434641166962e+00
2.263409219196450106e+00
1.402774407554107761e+00
2.600863414277507335e+00
2.124161652571286751e+00
2.542076438202753863e+00
1.425798109714784268e+00
1.556362955493912459e+00
2.233019969727968679e+00
1.506030477315658755e+00
2.306485776755628603e+00
2.550982506500725222e+00
2.670113401938129627e+00
1.411499588088839907e+00
2.399409018193388476e+00
2.670506203771789711e+00
2.247657821027073677e+00
2.471057166673342298e+00
1.790586001479610445e+00
1.356183341288365041e+00
2.642879584600454024e+00
2.420231009351974549e+00
1.626577715304119209e+00
1.450417941419037904e+00
2.334288296605452562e+00
1.851751852215425931e+00
1.557542884735128030e+00
2.483057088421876557e+00
2.610496605291277028e+00
2.625360562631631645e+00
2.531556787806184872e+00
1.718359613948280185e+00
2.206212289566486184e+00
2.224503900708108883e+00
2.048245302915678856e+00
2.380515452483045635e+00
1.869437319950620013e+00
2.813412556057958369e+00
1.790312876357349925e+00
2.228390614740346720e+00
1.798236549599071310e+00
2.070947527236493002e+00
2.033010421075408303e+00
2.063039205776493912e+00
2.080417890177826301e+00
1.581744239117614637e+00
1.809547255625343798e+00
2.461037483229952638e+00
1.573890076374330427e+00
2.028353022378153625e+00
2.448767848920314183e+00
2.675335127225597631e+00
2.210558926800346935e+00
1.561448613422952825e+00
1.597848766521638320e+00
2.027483962944583773e+00
1.824410717528946346e+00
2.641365260648893987e+00
1.700283802246667308e+00
2.339424686082476335e+00
2.236540431436456089e+00
2.510350606242990334e+00
2.192060616318974198e+00
1.958928752182249600e+00
1.473081849423563572e+00
1.875446497813881619e+00
2.423229598387381056e+00
2.284757756642562754e+00
1.518388217707607346e+00
2.035995920530298431e+00
2.233057143003366551e+00
1.820051560516140254e+00
2.789672210298010491e+00
2.124005617979538130e+00
1.499051084557484259e+00
1.812447488625562375e+00
1.886763430579410095e+00
1.205975634532933327e+00
1.389176936231994564e+00
1.534150428515144826e+00
1.991028917402789311e+00
2.660802049034845407e+00
2.818935040231276279e+00
1.870636981856545145e+00
1.619792720220235349e+00
1.769651711278876105e+00
1.479109067322077919e+00
1.866921099523280114e+00
1.656208377546402044e+00
1.919097540923548451e+00
2.273232060660859588e+00
2.230021037496801917e+00
2.490662322561120412e+00
2.106405917984446319e+00
1.954823629502241200e+00
1.852606945810353789e+00
1.566138205290748875e+00
1.878126584733670335e+00
2.259930751296039375e+00
1.820497001732797049e+00
2.211172608491878577e+00
1.448934963303565970e+00
2.668143333144326501e+00
2.528618048347381020e+00
2.191477943847237153e+00
2.143976961140405813e+00
1.773360430209767635e+00
2.301457250046992087e+00
2.455702574581349662e+00
1.562947488150988384e+00
1.883265379974987663e+00
1.692539508766580214e+00
1.963978605357048046e+00
1.836312163668833985e+00
1.948302411447905058e+00
2.008630173749835990e+00
2.035687073232197442e+00
1.788585887666581442e+00
2.398644076583505758e+00
2.440343965953072569e+00
2.076873820284136585e+00
1.637204252370621838e+00
2.033114337623450396e+00
2.680097846567739417e+00
2.617397782120272964e+00
2.056909203675946429e+00
2.098877518407274323e+00
2.376878884211726550e+00
1.609611024623900377e+00
2.171239113999185122e+00
1.431179668283093731e+00
2.264606222527571155e+00
2.728035913817432601e+00
2.628491696456348947e+00
2.280410839864474681e+00
2.621361600772579514e+00
1.376343669313090157e+00
2.242681940717948130e+00
2.299846382492826358e+00
1.795303061741866824e+00
1.675138713677005953e+00
2.017397840179619095e+00
1.827025136437835595e+00
1.968093071851396481e+00
2.115177129250716437e+00
1.282131403364505928e+00
2.223454629541179450e+00
1.741041709395167114e+00
1.832519134272941663e+00
1.393228802094654828e+00
1.923898080929106191e+00
2.038866040437328220e+00
1.372326146380693057e+00
1.721358125838436948e+00
2.801960826324934040e+00
2.170728690683077833e+00
1.460085926244636845e+00
1.503986162700238438e+00
1.181899117057495729e+00
1.421743203130867883e+00
1.870184594367763076e+00
2.221117883272667903e+00
2.592516073964139522e+00
2.099556377912052518e+00
2.330986197343625221e+00
1.963853420593154375e+00
1.681423796508806578e+00
1.109760276293983994e+00
2.259061748390044144e+00
2.425398361704230066e+00
1.387724374308130226e+00
2.621781753885386923e+00
2.638166955010403658e+00
2.178081689361074602e+00
2.546133569653318052e+00
2.204126334367208173e+00
2.370168693576268026e+00
1.619370881817705499e+00
2.167374077654875997e+00
1.966299803213229280e+00
1.501871266313224318e+00
1.543344424881412547e+00
2.580301429210315689e+00
1.812754281112999077e+00
2.008140912091928687e+00
1.783727005999838022e+00
2.317260329676765096e+00
1.539134900016591034e+00
1.953920118985162491e+00
2.545687819824865361e+00
1.875133384867582631e+00
2.369119866109223871e+00
1.757017973014600054e+00
1.763747475530312858e+00
2.296428163664935518e+00
2.480021129858827500e+00
2.845076857280779414e+00
1.965303816709733420e+00
1.563073653656051665e+00
2.161588565033276677e+00
2.864835256941191677e+00
2.172027071904722550e+00
2.415265989782786171e+00
2.281587906653682385e+00
2.127522826413177803e+00
1.780488946625060187e+00
2.525358234085025799e+00
1.810043098482176482e+00
2.498787877406863256e+00
2.057695489474151707e+00
2.052777984942406597e+00
2.641419778981815014e+00
1.404853614685484864e+00
2.594245653305303101e+00
1.778874518339217836e+00
2.371069303778778448e+00
1.941263117900440482e+00
1.741802137273794626e+00
2.419450110288232647e+00
1.245173731979991372e+00
2.732547305512674107e+00
1.549363444238358589e+00
2.328865152460601884e+00
2.314784212114789241e+00
1.931574339686599640e+00
1.072530363123235020e+00
2.793775677456212136e+00
1.922999158561994992e+00
1.677099703029783839e+00
1.761568410529183559e+00
2.812556267918510322e+00
1.882446107337934160e+00
1.439177417639950995e+00
2.659851340578965662e+00
1.883591768100045361e+00
2.387908980163461869e+00
2.628731728046836302e+00
1.837100873480904006e+00
1.706571703707366661e+00
1.586200587122761796e+00
1.892453210102327699e+00
1.761265610298962558e+00
1.202987214247086767e+00
1.344894872932831165e+00
1.971822685040705903e+00
1.652001202240213296e+00
1.887093221592131220e+00
1.776252591922125923e+00
1.661369697798172007e+00
1.621741071272082557e+00
2.211933459693876003e+00
1.598772440470910716e+00
2.603697237917111273e+00
2.479606854994459209e+00
1.707544098888316819e+00
2.851640719658942835e+00
1.819061789820327846e+00
1.954838419544690176e+00
1.615741197737772250e+00
1.895740051678481253e+00
1.395864452528400523e+00
2.159204940955369523e+00
2.089450575679657973e+00
2.322535658698598127e+00
1.447135422811620220e+00
1.169365312081118269e+00
1.820438168049259842e+00
1.754938128724869983e+00
2.742709708864708773e+00
2.442971440244407599e+00
1.132665589063376999e+00
1.605897992685402453e+00
2.740060338158492037e+00
1.656925775398410128e+00
1.627783190024917781e+00
1.839629028215377549e+00
2.329644922737794666e+00
2.094613404416660440e+00
1.581372366858698975e+00
1.317979480113086188e+00
1.518822018753980041e+00
2.368920399597508997e+00
2.168991606083738866e+00
2.109186679035961909e+00
1.885802510954545763e+00
2.738346449377868641e+00
1.783857842424829254e+00
2.619842942873067404e+00
2.285924160033208530e+00
2.256845572498435537e+00
2.071134171958266545e+00
2.331758648919525445e+00
2.337504131011224562e+00
2.145411489748999312e+00
1.722496539860544296e+00
1.478607569795893806e+00
2.097008766754735909e+00
1.988452503257642334e+00
2.129275853744244884e+00
2.259225058040732925e+00
1.425965860158858511e+00
1.325405690613787435e+00
2.364803318920936981e+00
2.461624292924054380e+00
2.572431946163090899e+00
1.471012367753031791e+00
1.611919143665360821e+00
1.677118932990603106e+00
1.852395028080443318e+00
1.757705713572311534e+00
1.825982687642699887e+00
1.681945855566293169e+00
1.698438404783454203e+00
1.655080850613749099e+00
2.202175461472203111e+00
2.483310355732506913e+00
2.082044272863894818e+00
2.406604463666492499e+00
2.070819854262285098e+00
2.458215752284072408e+00
1.772371563730855248e+00
1.512138946319104171e+00
1.546578881970827268e+00
2.097349599134346043e+00
1.417867055553865718e+00
2.367256019998547956e+00
1.970619872099000469e+00
2.257243949277405015e+00
2.745180678103175786e+00
1.710944416860076034e+00
1.733252327956193550e+00
2.089210778173910654e+00
1.701782415965486406e+00
1.272074427593326451e+00
1.976088267142829036e+00
1.452078831549920013e+00
2.506767209598365298e+00
2.206548290925221423e+00
1.931277392602803511e+00
2.217332403871492552e+00
1.610655656212232945e+00
2.068400713643131272e+00
1.789869084715491443e+00
2.272488786772199010e+00
2.404889774448360384e+00
1.574321190951393890e+00
1.781746912461897869e+00
2.501540925689119454e+00
2.497702842157267344e+00
1.251902574183817007e+00
2.585621995195925837e+00
2.073999379694019041e+00
2.052028391491421466e+00
