2.031617661434598432e+00
2.124381691175565301e+00
1.351241086179363116e+00
1.503326608186979829e+00
1.511635938814123836e+00
1.793528508040966418e+00
2.214904431461655498e+00
2.543601252804014834e+00
1.731041229656901548e+00
1.719826594870397907e+00
1.658222295684244507e+00
2.335171806805299788e+00
1.880533266357597544e+00
1.710648789650710322e+00
2.335966318587939128e+00
1.785679726679921364e+00
2.445990611684541349e+00
1.543724015165185204e+00
1.928840730192628250e+00
1.956450154621323101e+00
1.865137903558081289e+00
1.463342097207620762e+00
1.386411638518584510e+00
2.468433840139778290e+00
1.922654724843461338e+00
2.191437136300617539e+00
2.070060414275871175e+00
1.195292584093221588e+00
1.900597679250501493e+00
2.371748541831285806e+00
2.190711145404878213e+00
2.063219132006826051e+00
1.466621509075295204e+00
1.750086191230243671e+00
1.973659026830933527e+00
1.916115745915737634e+00
1.980300522077702574e+00
1.837206491931111962e+00
1.629579452471380918e+00
1.775514184002978002e+00
1.250267099820572048e+00
1.869889721720460196e+00
1.755885892061047837e+00
2.406063074949941871e+00
1.867408334826495153e+00
1.508826891328715281e+00
2.218090415295519868e+00
1.781820853924747317e+00
2.530476852315878489e+00
1.632775637460007534e+00
1.978364477859736459e+00
2.317899266307084538e+00
1.680366799697071922e+00
2.402247990984007764e+00
2.295453344618290537e+00
1.223267451433759367e+00
2.651892803984954305e+00
2.048856483934609507e+00
2.648916980105729735e+00
2.575910207586096234e+00
1.322253753755966876e+00
1.430163445751536644e+00
2.164953022201799193e+00
1.718331019209915933e+00
1.561565446115270150e+00
2.021883985921732130e+00
2.096048603881294881e+00
1.953928281271006151e+00
2.124919411958145155e+00
1.426299124035588228e+00
1.409450007055841780e+00
2.255561785583175105e+00
1.639267641248131735e+00
1.221517919195020063e+00
1.976268960653912110e+00
2.458778897752524895e+00
2.328148731772587077e+00
2.409284701624699210e+00
1.943901714826170357e+00
1.407653067414097903e+00
2.686794509206850812e+00
1.507719490593854239e+00
2.458940710300690835e+00
2.128899462472104709e+00
1.427574174452352906e+00
2.031825144217696000e+00
2.622110158587406481e+00
2.313238205762838895e+00
1.703987144418164235e+00
2.495607420856465808e+00
1.816864140300222807e+00
1.950685658505473929e+00
1.768712290531266884e+00
1.432768935224099982e+00
2.253033488978378518e+00
1.850678698630093155e+00
2.024338993887205618e+00
2.262375577037717633e+00
1.292846904964063626e+00
1.150685176769570273e+00
2.139359759437846620e+00
1.700705732741123466e+00
1.739448050053515438e+00
1.714098247631548277e+00
1.748501460408835584e+00
1.437098511407529866e+00
1.990894417658744864e+00
2.080919539732594359e+00
2.546986677816247102e+00
1.711965847176234234e+00
2.145644932372151814e+00
2.170275991677898197e+00
1.888348070954848357e+00
2.680705288687063703e+00
1.917591694807498470e+00
1.983872923472437710e+00
1.799044879935734809e+00
2.089580786365606180e+00
2.123794061585511539e+00
1.953877243618618031e+00
2.258924687550113219e+00
2.439330545096630942e+00
1.927006583478398261e+00
1.340020481027890398e+00
1.434445972147182502e+00
1.713034298292742230e+00
1.793764101366044583e+00
1.774240625850800779e+00
2.597126093715795392e+00
2.609241960337311816e+00
1.880470561074946811e+00
2.326395053790061063e+00
1.716905469635350068e+00
1.483410445337678185e+00
1.718379960768813941e+00
1.968284691263856967e+00
2.320262993566511334e+00
2.118393836664661745e+00
1.652233772249350308e+00
1.199170569258940500e+00
2.276683133282908056e+00
1.605615306619744276e+00
2.675487108786648971e+00
1.411540404343652133e+00
1.936965439046519855e+00
2.222642248996383074e+00
2.540939792637380457e+00
2.126870910705485507e+00
1.827410377087157700e+00
2.374244509332322117e+00
2.161318620554061987e+00
2.466215423710370835e+00
1.792830136662574514e+00
2.459087174478402638e+00
1.804505169333463499e+00
2.573422808532600747e+00
1.836607668647235458e+00
2.601049715067023982e+00
1.582175209678950534e+00
1.954672567829803809e+00
1.652705503484806382e+00
2.071894429060798348e+00
2.381305945576289496e+00
1.761130262568379123e+00
1.402037756759098475e+00
1.647721801213524850e+00
2.354364103452992296e+00
2.385471061631807999e+00
1.659605847005034107e+00
1.639914838541207454e+00
1.587500725300185600e+00
2.141712850832514725e+00
2.009421544387196334e+00
2.041806977748896301e+00
1.955544089660858464e+00
2.411585288365812652e+00
1.947020282169968919e+00
2.566451419000792988e+00
2.360434585070671609e+00
2.673714860144452032e+00
2.351936732431668009e+00
2.370894291687902111e+00
2.526194695841593507e+00
1.105488010921670483e+00
2.416772283293930901e+00
1.519497315498978374e+00
2.402061960028234910e+00
2.297442968704488386e+00
2.251525707662966447e+00
1.756191426853576765e+00
1.919998080254168293e+00
2.195844076594835492e+00
2.063984699626535857e+00
2.630727449781350646e+00
1.292870327995408353e+00
2.754419278070192156e+00
1.178454086712888316e+00
2.173187910422686997e+00
2.061528167549839363e+00
1.741213112673651420e+00
1.335889065681956200e+00
2.400759563050634871e+00
1.867478252110227999e+00
2.033643166752643783e+00
2.892430835211730056e+00
1.695284236565969049e+00
1.740842922624340261e+00
2.537602715996642999e+00
1.782408024304729333e+00
1.914675470545839087e+00
2.009949667711272259e+00
2.364733540046283000e+00
1.626497024184705875e+00
1.161297514646144835e+00
1.751205355716480838e+00
2.150738888968024565e+00
1.745976010381625754e+00
1.327639645730430473e+00
2.016727073051903574e+00
1.807139658362581169e+00
2.005453711269604256e+00
2.248254162734684591e+00
1.394220917143786265e+00
1.241201172323439517e+00
2.230715313649917597e+00
2.328279137490786965e+00
1.596149010238420374e+00
1.582131367807324551e+00
1.493694729176823000e+00
1.961421370582389079e+00
2.371822484609222403e+00
1.697274882445953814e+00
2.555873945065220809e+00
2.080966325827748875e+00
2.171839671563068563e+00
1.717009648624472806e+00
2.893252444295829839e+00
2.379052134598432566e+00
1.781251717108453203e+00
1.807671783657718745e+00
2.077750330932502276e+00
2.241514137965276099e+00
2.160929929120207760e+00
2.337338282713446791e+00
2.552885231835296587e+00
1.221660449259038828e+00
1.999388800772258001e+00
2.380117512585743000e+00
2.549429391341737183e+00
2.726711276949187912e+00
2.027972203928994688e+00
2.174129699640175772e+00
1.411839456284088357e+00
1.822070034240088177e+00
2.140164156876515289e+00
1.803128153191523531e+00
2.488482275350386352e+00
2.177348167928881750e+00
1.688589267181402676e+00
1.589030646841385508e+00
1.420236653973719010e+00
2.364472281421926780e+00
1.760928923498079612e+00
2.037988426389083063e+00
1.476694172085773138e+00
1.404961457077376075e+00
2.241408586971629369e+00
1.708283615427929281e+00
1.679081106139814317e+00
2.269075182597187101e+00
2.055657493983327644e+00
2.467214302044000718e+00
1.705350745257422140e+00
1.951195061672164943e+00
2.020415682790362322e+00
2.570863724183118926e+00
1.601871137618972707e+00
1.287275910106405519e+00
2.304035834254891668e+00
1.704934347356945379e+00
2.124143980384196162e+00
1.691822003399634067e+00
1.298833885597085125e+00
1.707312109694834046e+00
2.277323029284889166e+00
1.661345146290956087e+00
1.717717844808902772e+00
2.873455432554876232e+00
2.245085795350105773e+00
2.253489908358617289e+00
2.231136562600934958e+00
2.183748666597182364e+00
2.529068099465345831e+00
2.205078256500665468e+00
1.653736171515250319e+00
1.317545793560353395e+00
1.730217234037618512e+00
2.272010024663868144e+00
1.903673082354270907e+00
1.519870140886692145e+00
2.527772572653488758e+00
1.576003519688761845e+00
1.218436480781625919e+00
2.431806497105079679e+00
2.405773986322488511e+00
1.794098780911827618e+00
1.895186764758706177e+00
1.481921510215035154e+00
2.264162753578322196e+00
2.275885674175231799e+00
1.355026147582494289e+00
2.224635069338702031e+00
2.598877657756936355e+00
1.331668793068912615e+00
2.355565827622284836e+00
2.143734928491890734e+00
2.467042776211767929e+00
1.896728584856298916e+00
1.649264406228821755e+00
1.499624984222797774e+00
2.024543079816516045e+00
1.607237802892938383e+00
2.078707902909660454e+00
1.439921344173573869e+00
1.760335572749605948e+00
1.908817656344155456e+00
1.538935049748462625e+00
1.924943500659061613e+00
2.415188059311128121e+00
1.581380769059779867e+00
1.423694002806661807e+00
2.312976961927329267e+00
1.651821364957068994e+00
1.575753469928253825e+00
1.521032726090913556e+00
1.934134061615969902e+00
1.630563661141815501e+00
2.557504666059285281e+00
1.749092598158672462e+00
2.337352784193102995e+00
2.084218968413554585e+00
2.280881518075472236e+00
2.818779522189578834e+00
1.924401204982834290e+00
2.147486530115142678e+00
1.544242300058754402e+00
1.726758567553976720e+00
1.658500264424080495e+00
1.657508801186976966e+00
1.924015205365538606e+00
2.472056029103600672e+00
2.460660559652386947e+00
2.482577798028299032e+00
2.011720674200630832e+00
2.287087011983733653e+00
1.322750873334636257e+00
2.597639135135881183e+00
2.311993762843071565e+00
1.736903368149028459e+00
2.192098931722194166e+00
2.052739935762198265e+00
2.483178022979712463e+00
2.436121880136802531e+00
1.936027117624098182e+00
2.197983079373337922e+00
1.515374857555483956e+00
2.155920907631141414e+00
1.107617735041706242e+00
1.989024493692535422e+00
1.440091230203582429e+00
1.984657876844089008e+00
1.359245793408560221e+00
1.133835993832136513e+00
1.521970579070366369e+00
1.819337160750519100e+00
2.145025190840014417e+00
2.741047514444877375e+00
2.710495912748575265e+00
1.640500783329766898e+00
1.724939269880468196e+00
1.425942721696962678e+00
2.013879592265555019e+00
1.776513683157078916e+00
2.002522167231514771e+00
2.328816402620832449e+00
2.164714628569368138e+00
1.500905500313143959e+00
2.448237186594523607e+00
2.166255872388574311e+00
2.353661958650993924e+00
2.648995815241979024e+00
1.977318809850672210e+00
1.717111989360795121e+00
1.736836825003861495e+00
1.859363003386893087e+00
1.314693926828359727e+00
1.464004469789955687e+00
2.278716172828092468e+00
1.764564843041169784e+00
1.082608781915222140e+00
1.592964064722660167e+00
1.794220411765503176e+00
2.062842375677682583e+00
1.381686846804120128e+00
1.965107127063512316e+00
1.553861973374229377e+00
2.435038909211824532e+00
1.862884044319911947e+00
1.461265119563222026e+00
2.167095770279471978e+00
2.249305527293792295e+00
1.292147535935639358e+00
1.981217357180798055e+00
1.183510301489737238e+00
2.152391242675865790e+00
2.596729865996565856e+00
2.204584840095357379e+00
1.638004770830337797e+00
1.937984939680506447e+00
2.467446509264863419e+00
2.815222376565407636e+00
1.483074709049856388e+00
1.694738235026310047e+00
2.353115691206146387e+00
2.402566000200704543e+00
1.987874753862281407e+00
1.912286295285946958e+00
1.927494861507551560e+00
1.699749801587249420e+00
2.010907354594147822e+00
2.561952002063368816e+00
2.547954585257022231e+00
2.290568210467698762e+00
1.974951243220553376e+00
2.318387102725184334e+00
2.412737891478441643e+00
1.639511775833017326e+00
2.582591120110004912e+00
2.165109339184324799e+00
2.518687277962353477e+00
1.703079925574906950e+00
1.175665066901091516e+00
1.589190639395062554e+00
1.560650609514473652e+00
1.554732582603284952e+00
2.276973997854711218e+00
1.983782643564123038e+00
1.320180735419133500e+00
1.708608296676818794e+00
2.223606275102568919e+00
2.459451195065277318e+00
1.406538629838420595e+00
2.150191065348612707e+00
2.127553805088076899e+00
1.807234404474908462e+00
2.167244061140706890e+00
2.068730908914680811e+00
2.098928473242041903e+00
1.153517384564505255e+00
1.912462792545615908e+00
2.052144472089616478e+00
1.113554444674920152e+00
2.214033339885072671e+00
2.082857783291202303e+00
1.909740797148447022e+00
2.721770655877438827e+00
1.708682066427299917e+00
1.490692916225384357e+00
2.312416534983408489e+00
2.060710266568563487e+00
1.767941523675870652e+00
2.780379902075476917e+00
1.611711077496906119e+00
2.019460648475086550e+00
1.826160169108462572e+00
1.733224971435252115e+00
2.101736274216396527e+00
2.008196524272466199e+00
1.877524241028595942e+00
2.312260150846382700e+00
1.877486866062602511e+00
1.787247836170671622e+00
2.348258973065086241e+00
2.098299543746155571e+00
1.420419549855893138e+00
2.244956734774859797e+00
1.539693165237164152e+00
1.825416855330098453e+00
2.375334178711991928e+00
1.560770804654439292e+00
1.532132929539932853e+00
2.177352843652444747e+00
1.691125141530013032e+00
1.704488987499632735e+00
1.961824751144079393e+00
1.893057000459847927e+00
1.835933998026363589e+00
2.459301111543764851e+00
1.335336090151677535e+00
2.214022716077198361e+00
2.153290555228437597e+00
1.671566104002534692e+00
2.391335463519911109e+00
2.530484164724721374e+00
2.087614679856041100e+00
1.708900011167991728e+00
1.827637826399003407e+00
2.035470386152534061e+00
2.284666037277108153e+00
2.067163462011629704e+00
1.476920757111646054e+00
1.727420555707410710e+00
1.875390370154362163e+00
2.128033038318654313e+00
1.097063975463238084e+00
1.275352121839471886e+00
2.191128434511134149e+00
2.739314509220099225e+00
2.419746619800349219e+00
1.662383715880797475e+00
2.005000741678565568e+00
1.941583641867951515e+00
1.807588931631777029e+00
2.391754839475209060e+00
1.825354961568031786e+00
2.501804284308038806e+00
1.979266580482063276e+00
2.431799512861827495e+00
2.238189141674387095e+00
1.977529475302104656e+00
1.598761342403284935e+00
2.635294897726671692e+00
1.771967255678601916e+00
1.587112653301998577e+00
1.925612421651409445e+00
1.846435629408093249e+00
1.597272410486064942e+00
1.806490106462971923e+00
2.724206007461853485e+00
1.661283870027955079e+00
1.482059421049201298e+00
1.772184927215721961e+00
1.311526839113122955e+00
2.814854509242509462e+00
1.499526340653108525e+00
1.400666448623866467e+00
1.714225426293064070e+00
2.738669910660513018e+00
1.951083442692079783e+00
2.394696833889296883e+00
2.151452635589211848e+00
1.450245754092656991e+00
1.624931702280696610e+00
1.626476148235583175e+00
2.275095660870284142e+00
2.419287397088909053e+00
2.330499211942893112e+00
1.520503119834045513e+00
2.053021237784202313e+00
2.790278374376037984e+00
1.986715966684311940e+00
2.142803597218037481e+00
1.254529748054484362e+00
2.472979405032873057e+00
2.312977505372495468e+00
1.639898948530366107e+00
2.429206761444630214e+00
