2.671857325493938617e+00
2.644689702359818817e+00
1.795456061861650188e+00
1.899298348207859366e+00
1.925664561255747476e+00
2.215013566565673830e+00
2.261269531748912875e+00
2.472623437147259295e+00
1.947098124063632918e+00
1.181229991414130653e+00
2.528869869019740424e+00
1.987288556114833904e+00
2.280471312539194884e+00
2.085792994953523660e+00
1.679549305055644481e+00
1.703945294835698565e+00
1.960342461023409033e+00
1.776748707850369202e+00
2.406811207820140908e+00
2.432368676630051851e+00
2.434960875601889452e+00
1.328306671481644496e+00
1.917527268934213991e+00
1.577848227244832202e+00
1.629449329065666419e+00
1.741946014804118370e+00
2.872709394198174060e+00
1.715420758597816064e+00
1.760533390921018349e+00
2.304743651619615363e+00
1.216161202898029092e+00
2.442456917932659177e+00
1.641799578299365070e+00
2.634025294038748299e+00
2.004260273065822773e+00
1.805348897404866815e+00
2.235436456236933545e+00
2.027041047011787001e+00
1.971080245107814655e+00
1.859988975507055331e+00
2.564364393984109647e+00
1.645057727868560971e+00
2.675525993826964655e+00
1.816665833650835449e+00
1.999767036937939224e+00
2.295933103771996109e+00
2.033496558622530870e+00
1.745584928252510215e+00
1.886362400379951954e+00
1.719352280961038648e+00
1.974570727494582734e+00
1.376195786563427115e+00
1.974887701396250250e+00
2.451415163136802633e+00
2.373153206399612358e+00
2.681436197434350355e+00
1.982483845902691222e+00
1.485466129067999574e+00
2.203590753085891585e+00
2.105190652167715726e+00
2.098667359507879304e+00
1.742029596142418590e+00
2.211479491099606953e+00
2.052697228840721699e+00
2.219659594210093179e+00
1.833929672679841083e+00
1.254571517126869207e+00
2.248521567871359927e+00
1.256717618092098476e+00
2.510907232307244108e+00
1.787004704750185580e+00
1.617703815459583971e+00
2.190015863873767898e+00
2.500176967991053267e+00
2.124164916605005615e+00
2.677877847609853923e+00
2.016604655382821853e+00
1.703902847621799888e+00
1.529565818632910190e+00
1.871144153359036721e+00
1.613652954644432924e+00
1.553672286370713307e+00
1.586710332263334688e+00
2.141394985197672796e+00
2.055564280765727503e+00
2.308444806351351630e+00
1.672049428887070199e+00
1.617808690373051528e+00
2.292332201034812389e+00
2.241281993223481095e+00
2.312988814009719896e+00
1.551592265014994254e+00
1.298214470597344183e+00
1.685374192046352304e+00
2.453833485950093429e+00
1.930871641151767903e+00
2.021559752073639249e+00
2.412902874491107852e+00
2.412200188041002225e+00
1.429311072803391536e+00
1.516515899433497960e+00
1.934431813577028647e+00
1.924957335542623493e+00
1.740545216873951251e+00
2.666514909334265049e+00
1.808601892597565097e+00
1.310093258747797362e+00
1.597934089414993375e+00
1.979985511189973346e+00
1.814474033989336821e+00
2.064099860889053950e+00
1.858860508977303594e+00
1.615986380330027394e+00
1.259905684778150015e+00
1.531767661359346500e+00
1.706597156851210162e+00
1.950297302039978309e+00
2.290082469287364475e+00
1.891535171783185643e+00
1.891492401470765916e+00
2.311606462673447382e+00
1.607160590450433357e+00
2.043630282496187611e+00
1.609079356196638333e+00
2.312059370311397188e+00
1.583228777668877152e+00
1.934481892130127445e+00
1.600516180846105252e+00
1.633549483142923808e+00
2.090422423385155604e+00
1.848831198207759652e+00
2.022684459707432936e+00
2.509778696633602202e+00
1.225478975856001185e+00
1.869541229145328387e+00
1.296279211378738250e+00
1.541824489760775130e+00
2.514210071569213945e+00
1.536648741938849705e+00
2.541530848888911898e+00
2.216524329357735468e+00
2.116815293781039387e+00
1.815258413277816896e+00
1.822307635440556517e+00
1.975720217885704955e+00
1.226429063913340833e+00
2.434542046458631592e+00
2.235727021602788245e+00
2.638845974510308334e+00
1.999959665467948788e+00
2.780827134038837745e+00
1.592756874486886298e+00
2.195549817891477851e+00
1.645725045136237519e+00
1.695865383945886595e+00
1.639668278008791447e+00
1.578104910286228790e+00
2.304098647165545799e+00
2.717927141168095417e+00
1.683623947981264468e+00
1.731766487168358459e+00
1.613249128511367037e+00
1.858337357752563257e+00
1.663249377841247156e+00
2.491533298761171800e+00
1.953279277604149655e+00
1.591043103087750765e+00
1.613356622737982082e+00
2.266338449704548452e+00
2.655083901463772822e+00
1.525336658525261679e+00
2.153851771837980600e+00
1.846380976489369274e+00
2.197370883792659324e+00
2.530011285700074275e+00
1.976057730240735388e+00
1.534703304077929875e+00
2.104141421371843457e+00
1.831968881370141133e+00
1.304150514639740077e+00
2.026373428683141853e+00
2.391242699516840098e+00
1.784775618067866887e+00
2.249483196960224252e+00
1.772899113386960490e+00
1.493657434711123555e+00
1.819966433747936430e+00
1.939972333584388808e+00
1.563829997571931418e+00
2.087889119675766292e+00
2.268755614915481722e+00
1.591760627194642064e+00
2.047568342429301413e+00
2.006893756776266802e+00
2.846455450334975712e+00
2.405017166827902564e+00
2.219832101069917130e+00
2.228202006280033842e+00
1.678815568473990716e+00
1.759299778356411492e+00
1.849798734750195850e+00
2.680826153681139967e+00
1.389631548175947362e+00
2.807828668379721115e+00
2.246957878739944903e+00
2.583793699882091843e+00
1.905908664834887301e+00
1.941032603461035899e+00
2.299257039946163150e+00
2.236876548375487772e+00
2.016811893107260723e+00
2.326296042518916529e+00
2.112336689779880317e+00
1.793206097141931021e+00
1.664503429523952027e+00
1.400488008167717791e+00
2.462737129219390475e+00
1.640495877686525716e+00
1.720930920991026625e+00
1.517503051083220145e+00
2.327912324874902517e+00
2.650355684784828192e+00
1.752841274967601226e+00
2.339308092730863819e+00
1.702022024736878913e+00
1.919913244632361682e+00
2.085787548177718165e+00
2.780300470645695299e+00
1.166595487479232141e+00
1.575249004526926289e+00
1.388853509702266065e+00
1.668831423938541558e+00
2.359727441170716311e+00
1.940940208085322860e+00
1.337900278717521818e+00
2.119856477600733591e+00
1.612362907758373431e+00
1.879686856551510132e+00
2.118473129866852211e+00
2.577503009227773756e+00
1.251925937140881517e+00
2.461097713537631737e+00
2.409036471935674051e+00
2.520811280297442281e+00
1.533289251292684341e+00
1.982352649368178454e+00
1.957815470518148970e+00
2.198664856362201547e+00
2.232924896396680126e+00
1.467209795290840946e+00
1.896985933108921163e+00
1.760156789126705590e+00
1.612599888946092186e+00
2.002137699973238760e+00
1.548080238798929198e+00
2.134488470443615338e+00
2.232216090829869604e+00
1.993282253321968067e+00
2.004709291940192539e+00
1.695651411309357037e+00
2.612874503824089700e+00
1.778697747405766361e+00
2.299423906302230591e+00
1.731375451228370999e+00
1.596332950924008731e+00
1.554939781303245505e+00
1.947746680166736910e+00
1.579509233340116392e+00
1.956237052730844361e+00
1.425106315147950387e+00
2.441560858630774433e+00
2.493170072632857615e+00
1.398837165229801727e+00
1.180857272183396312e+00
1.838856602627321202e+00
1.295294240941678332e+00
1.742444131573576804e+00
2.465860107549503688e+00
1.382297424364540506e+00
1.990252005455741324e+00
1.282526902265437529e+00
2.380799576209637891e+00
1.760042548726473033e+00
1.969027939941322414e+00
1.663821404254343772e+00
2.264242685590009518e+00
1.681253053110375317e+00
1.703331186267428521e+00
2.601393644038424213e+00
1.619565602438884699e+00
1.546992370872041889e+00
2.910484904846241339e+00
2.157404293495555514e+00
2.371326646866379839e+00
2.255212453098088599e+00
2.445605066566157948e+00
2.449965809121400717e+00
1.590495446930115353e+00
2.206896165149862199e+00
1.865810680664771182e+00
2.453483076425158060e+00
2.478843388364761147e+00
2.259629615934097835e+00
2.374418293066154817e+00
1.728577844034086652e+00
2.410431664696457421e+00
1.233231856768929768e+00
2.151446155759294321e+00
2.259425012926393528e+00
1.897850169828681599e+00
2.144503602825570177e+00
1.238303527965242568e+00
2.019550549866267364e+00
2.157928274202796537e+00
1.408567604650752481e+00
1.612650704266406887e+00
1.694265322716358213e+00
2.239430253787650926e+00
1.900509342733958329e+00
1.967252880312157171e+00
2.051222889334528343e+00
1.669688171926697606e+00
1.807934089999301497e+00
2.316806182257098889e+00
2.870083367163748456e+00
2.054277656920447725e+00
1.137951937370907274e+00
1.637079840657341245e+00
1.583484334117384762e+00
2.195036390411941429e+00
2.039762920536063007e+00
2.271349561667278749e+00
1.874162232016980401e+00
1.996446007820652735e+00
2.151594261526599716e+00
1.456495784120586556e+00
2.030449493910258418e+00
1.603100943635455966e+00
1.694237842621891588e+00
1.931270776694080427e+00
1.934032139212150891e+00
2.097431793377023457e+00
1.229578157054414866e+00
1.346060646358317348e+00
1.286058362928938825e+00
1.571899001489955872e+00
1.646326690179018559e+00
2.480100122033318755e+00
1.708369209621068974e+00
1.707753907428165352e+00
2.143716982274155747e+00
1.661424001094752523e+00
2.121671688033726966e+00
1.777103222448290110e+00
2.041952877859618987e+00
2.469398814055193903e+00
2.907106612483110197e+00
1.260873572194494363e+00
1.915464245760433393e+00
2.292182426151318619e+00
2.223070564968718799e+00
1.993691450652794517e+00
1.780328378911584020e+00
2.011773896301844555e+00
2.424184185003627867e+00
1.592872061459982724e+00
1.425573826390842846e+00
2.522294115699295958e+00
1.978504138986710181e+00
1.746700244547936931e+00
2.402281007154573267e+00
2.066848047997293492e+00
1.899812442330976126e+00
2.544909896192462107e+00
1.397998443561246251e+00
1.400645651619570664e+00
2.709443570048063243e+00
1.828347001746555511e+00
2.610155160124687512e+00
2.586398242367633493e+00
2.769887694401139022e+00
1.951367135707989142e+00
1.684308360762399204e+00
2.051204163112699597e+00
2.724197131826519680e+00
1.303009339095377861e+00
2.713384314056717983e+00
2.231073588620936299e+00
1.876797980167038249e+00
1.887652227501858349e+00
1.736927145058789979e+00
2.796048364046397783e+00
1.927754158627289272e+00
1.800406268261800946e+00
1.964681756046098293e+00
2.410009779787792183e+00
2.443076236256162659e+00
2.456009043116947232e+00
2.393091163513486386e+00
1.907691164461328803e+00
1.099486679516167298e+00
1.519446260254814440e+00
1.589242043183453301e+00
2.103760723025981161e+00
2.372919546440955152e+00
1.815676754857588726e+00
1.697748187331673098e+00
1.648396805688423061e+00
2.482182090583331391e+00
2.736729730443621555e+00
1.706725414136263996e+00
2.129339545822118041e+00
1.920234402646131988e+00
2.785404274534200475e+00
1.783137527404255795e+00
1.885415164966953494e+00
1.291526703610594629e+00
1.385217202014270121e+00
1.818552037699050494e+00
2.561165165829082824e+00
1.264089522193140747e+00
1.753511314897396201e+00
1.770011972844109049e+00
2.437987956048162097e+00
2.522280055745734550e+00
2.193690261762455407e+00
1.761936890919511445e+00
2.637913062456579638e+00
1.529318445156417017e+00
1.266129222207341476e+00
2.213568028969184809e+00
2.100833948304227761e+00
2.024023825769806884e+00
2.249425734417744849e+00
2.484359171012022305e+00
1.395731875724041116e+00
1.668256495537193906e+00
1.990678010938530917e+00
2.077210239098110200e+00
2.083360839285070654e+00
1.775881168209966887e+00
1.361722175704170645e+00
1.664828809906535589e+00
1.621398547171406079e+00
2.709910189784615397e+00
2.443061149443438218e+00
1.963519946475548394e+00
1.399017467653651758e+00
1.805471113853330145e+00
2.088983246266868044e+00
2.727835901299289212e+00
1.549760898747351234e+00
1.834562689102000821e+00
1.472981580948204305e+00
2.469909261298426806e+00
2.241559634410671187e+00
1.872918223241573976e+00
2.522616039059798254e+00
1.149527595879070940e+00
2.053648445496593311e+00
2.390716330890609420e+00
1.279065848307987308e+00
2.604623587730807266e+00
2.118092903237193347e+00
1.520834114195960263e+00
2.117677665682513144e+00
2.030239475505552615e+00
2.005801269857308000e+00
1.234741438072209929e+00
2.356774261573376439e+00
1.486198044649677863e+00
1.399301655261730337e+00
2.067024604021657552e+00
1.642099002402770624e+00
2.481921326451366205e+00
2.259636282060411894e+00
2.131906428820722343e+00
2.196073825781338584e+00
1.505083618664077694e+00
2.088032300479697234e+00
1.055375883346454380e+00
2.317589509046748653e+00
1.536542601075400860e+00
2.521334728062871289e+00
2.190389027744291006e+00
2.522367786073717255e+00
1.970088354510413753e+00
2.112367644930906785e+00
1.612723027797710262e+00
2.274985182255834015e+00
1.455331483775164081e+00
1.501683527903978632e+00
2.042627899121816526e+00
1.957668403307119442e+00
2.839359477909617624e+00
2.392253040350388105e+00
2.384690331040728140e+00
2.104391887641852144e+00
1.758660533445897567e+00
1.810358808689526811e+00
1.887053482874884169e+00
2.394096614504816145e+00
2.826229970469245956e+00
2.077144272277031689e+00
2.221837677013781764e+00
2.231150965242775897e+00
2.529508925395592467e+00
1.756147157825421967e+00
2.354237938668350072e+00
1.685872366940160738e+00
1.734392602169834374e+00
2.432019083890997191e+00
1.985056863450499254e+00
1.946475387602641494e+00
2.616434495210982369e+00
2.563533778652103301e+00
2.268371834655927177e+00
1.907204649536713204e+00
1.372426444825280534e+00
2.069953641970928793e+00
2.507938336948466684e+00
1.565542331320100899e+00
2.491374246401636849e+00
1.946795622704330153e+00
2.016308181930127397e+00
1.608627774329326243e+00
1.403972333165880215e+00
2.656287220778764446e+00
2.186625408883499766e+00
2.075682495940564642e+00
1.981698248339903712e+00
2.303998679305826691e+00
2.313688276064890914e+00
1.674725134995515230e+00
1.871091445822107513e+00
1.993070025643839616e+00
1.677279838765344033e+00
1.629837827972689279e+00
1.716219721166577727e+00
2.026263017282460943e+00
1.774317666092519952e+00
2.451023674443591815e+00
2.227161487668159801e+00
2.005497569890570375e+00
1.375304562154387567e+00
2.591580744143634263e+00
1.863883474129297113e+00
2.699725417248555637e+00
2.556618559083210673e+00
2.191629735970289872e+00
2.028206263330539549e+00
1.626884760981329947e+00
1.578807930237115409e+00
2.067996918175076360e+00
2.673627055809382647e+00
2.428577255858098027e+00
2.168624335947709092e+00
1.320373273747196485e+00
1.756333840577443794e+00
1.329032679161418207e+00
2.586378417788089301e+00
2.522164800789936656e+00
2.775247163747183166e+00
1.951083511992078634e+00
2.556754849304587740e+00
1.705120941434198123e+00
1.442315909581466604e+00
