2.297842368933357360e+00
2.010760179283058502e+00
1.620853421422818519e+00
2.177127539798352718e+00
1.958684264365860184e+00
1.679283340220650622e+00
2.508343356153440507e+00
2.392671319674908759e+00
2.242910402656041136e+00
1.565715135737425268e+00
2.237315717544420046e+00
2.020369515717022946e+00
1.671785662705101760e+00
1.970590553542411083e+00
2.721971540301474590e+00
2.227945880174440507e+00
2.093430520345969548e+00
1.809930364909043465e+00
2.034282015497897778e+00
2.267834539446598630e+00
1.572650022379971979e+00
1.668398402086459953e+00
2.634287434686261697e+00
1.747265283632577049e+00
1.753640065040360518e+00
1.595940411062567010e+00
2.000995484224992182e+00
1.727433975255323162e+00
2.173779822160222253e+00
1.417600618866939000e+00
1.823782023694839438e+00
1.729386204009947026e+00
1.523390615060013609e+00
1.681496196798043297e+00
1.459025683344248980e+00
1.819144101061009433e+00
2.148718192421078754e+00
1.345854429937719754e+00
1.866893226228533598e+00
2.033366976798084202e+00
1.486828085381174613e+00
2.497240360091399047e+00
1.506358669102244807e+00
1.813625663572739466e+00
2.224020099292842723e+00
1.736930163729408783e+00
2.345416508374642106e+00
2.055640452024420917e+00
2.365838868424247288e+00
1.984550640747112071e+00
2.160246116207041212e+00
2.161370941536782553e+00
1.327298081282041187e+00
1.432520663359212021e+00
1.977513780542802913e+00
2.030000936465353067e+00
2.499904104311176045e+00
2.308963486192161518e+00
2.010831020442826134e+00
1.675527454213581624e+00
2.606888124587515954e+00
1.462482655969710166e+00
1.526097511822993580e+00
2.593671210233610580e+00
1.377566951615929680e+00
1.851147430554382911e+00
1.755110779083116412e+00
1.757568633221642251e+00
1.581710193191269376e+00
1.918606129391369208e+00
1.420924753205248026e+00
2.022299547856384994e+00
2.070952265662955760e+00
1.825483891644475998e+00
1.803533647511182725e+00
2.657737124568337883e+00
2.367620459485589635e+00
2.462799573513202667e+00
1.612802382099778997e+00
1.898905770929564696e+00
1.366541048997175434e+00
2.656588177945828466e+00
2.386802703501397893e+00
2.482899020260219913e+00
1.934868428945686336e+00
1.525458115703381967e+00
2.287982840868022727e+00
1.505844788799968637e+00
1.625859393673493525e+00
1.924428606251320506e+00
1.337550829878347614e+00
2.114644817679547373e+00
2.266247416526683267e+00
1.892591248667503834e+00
1.884865800781361456e+00
2.009140800176871799e+00
1.658540602423609789e+00
2.144123887527499051e+00
2.771100579965600552e+00
2.374185804708823788e+00
1.619116633112672954e+00
1.960836345504004319e+00
1.931559744744538731e+00
2.310665197701222695e+00
2.514274640307409214e+00
1.232919964509763711e+00
1.867219497013105745e+00
1.241763176643827959e+00
1.531749460508635696e+00
1.730571358072745536e+00
1.385766048691059904e+00
2.400264855391791130e+00
1.437526640188987459e+00
2.678601535260159316e+00
1.966381315703398691e+00
1.971444258591770193e+00
1.585359553793103782e+00
2.550230680931439675e+00
2.196854283052493528e+00
1.902717803166329436e+00
1.281590701852156400e+00
1.172400314640836827e+00
1.703626724243259005e+00
2.444065628541137958e+00
1.667939135908144799e+00
2.237550628060900770e+00
1.671492870254146723e+00
1.589978023611010594e+00
1.355047946313162388e+00
1.588593839483100734e+00
2.355187627868017053e+00
1.478828464113415952e+00
1.928057338915071917e+00
2.553874201355188056e+00
2.303724046226586886e+00
1.843151089634698758e+00
1.656158144167277024e+00
2.082365162344094855e+00
1.790737186888771149e+00
1.582997970233841034e+00
2.146601768524612375e+00
1.321533868034724168e+00
2.712325327613236858e+00
2.635623784591014207e+00
2.891261981585739438e+00
1.837519186023876872e+00
1.548469075980800858e+00
2.279105930050665751e+00
2.216469914432073196e+00
1.442257851075415376e+00
1.734948888528235145e+00
2.353269010999377464e+00
2.338807507085991055e+00
2.570282303555143422e+00
1.471096142159809439e+00
2.616590810826449065e+00
2.279873998164116955e+00
2.617141456115477105e+00
2.164164889454781360e+00
2.058595898976574468e+00
1.784445092847282588e+00
1.704170600142272729e+00
1.675261830170824418e+00
1.902792939088628454e+00
2.557276231867002814e+00
2.711675557371442835e+00
2.272778604628026500e+00
2.191050709762118132e+00
1.767916753523365525e+00
2.088660275381588605e+00
2.594754305580576847e+00
1.304228819556705998e+00
1.977666593967608355e+00
1.431685093949977006e+00
2.059129723889739694e+00
2.478310162117902671e+00
1.941329518569409718e+00
2.669093882875950285e+00
1.946423934122163413e+00
1.922473767624743424e+00
1.757476176482841268e+00
2.463410879662959019e+00
2.399495209943635299e+00
1.451923698059625956e+00
1.749196032348811158e+00
2.421100475209668978e+00
1.870902480319057481e+00
2.058770789162444714e+00
1.418144112344103425e+00
2.316153362988686570e+00
1.739215605773196005e+00
1.450250314730519463e+00
1.794250879976784008e+00
2.542653792606658580e+00
1.878420355357857119e+00
1.900728676802249328e+00
1.555414083770436218e+00
2.808916936139309151e+00
1.757714283140599854e+00
2.325060317289454836e+00
1.759935853083171908e+00
2.155366462577336328e+00
2.623113738318394006e+00
2.342118062746580520e+00
1.053840042841027058e+00
1.973225219259438390e+00
2.003611456448110228e+00
2.289368274615907417e+00
1.353727476159699794e+00
2.378362089562666259e+00
1.758606132236899988e+00
2.815081638690154264e+00
1.375109410482772354e+00
2.003880746771146359e+00
2.687847111261066679e+00
2.074624115853863415e+00
2.216889052398350657e+00
1.848744769334357718e+00
1.977188956080887738e+00
2.849048930979824590e+00
2.546519841570080267e+00
1.899772368926079480e+00
2.016926651402593862e+00
2.649330683196902569e+00
1.632647884196420929e+00
2.589575270008598107e+00
1.944909388269609352e+00
2.393921263374199526e+00
2.351286307014537780e+00
1.699776730585906170e+00
2.052312509228170434e+00
2.450920825201450715e+00
2.377143316730470524e+00
2.045539601258164364e+00
1.256541094313885498e+00
2.304016040877047367e+00
2.395211436535822358e+00
2.529972149743763943e+00
1.945530069023604591e+00
2.104611903413131646e+00
1.554821881298321884e+00
2.501409454727704151e+00
1.756429476079058194e+00
2.456997028321338483e+00
1.365429909467954950e+00
2.334309581425045632e+00
2.092362781123549897e+00
1.570904871313637541e+00
2.161757758975833887e+00
2.655709905304715512e+00
2.712458773639465193e+00
2.421558290449079553e+00
2.625318644264026169e+00
2.256345261886279374e+00
1.861892794287274944e+00
2.369528153691499384e+00
2.534672159247809642e+00
1.889305554232157736e+00
2.009843437600697058e+00
1.556593544160385090e+00
1.448652770805306966e+00
1.373213588131918517e+00
1.732501103870835113e+00
2.301006633389034217e+00
1.245153317385407687e+00
2.345594495246666966e+00
1.335653717911239324e+00
1.748563154038208500e+00
2.202949483286137600e+00
1.988140305736081803e+00
2.285715696123981733e+00
1.864349958116133799e+00
1.917671175078889512e+00
2.402103356900426867e+00
1.762113159744143509e+00
1.702055434819740531e+00
2.127668781741535398e+00
2.345231886401699661e+00
1.678333008622449718e+00
1.921826320437156843e+00
1.733560012727403343e+00
1.660355834134159103e+00
2.503856686552546229e+00
1.413869974138834751e+00
2.168678918723363935e+00
1.941558987754532506e+00
1.768842986066308853e+00
1.669896582197075041e+00
2.071980614430212864e+00
2.186282462751711009e+00
1.797373658223480941e+00
1.480184515800601508e+00
1.542261418291617892e+00
2.107705505066008289e+00
1.648032673915059032e+00
1.841772281659438626e+00
1.661302345457901897e+00
2.034234024375958239e+00
1.889252289385790373e+00
2.762036656864833795e+00
1.629122117433064565e+00
2.333923677098025173e+00
2.461486526399951025e+00
1.868648200371277657e+00
1.439922614099844900e+00
1.312616077043254892e+00
1.753114496715697967e+00
2.721231954936305097e+00
1.911159087527654954e+00
1.569078792915598708e+00
1.660051347049876114e+00
2.641140642735156696e+00
2.512885916048723800e+00
2.368024756465872294e+00
1.678231561378124459e+00
2.762225654898231575e+00
2.185544485050549213e+00
2.354848250129730758e+00
2.083345293525701081e+00
1.590865739695690895e+00
1.342634111613802750e+00
1.974457612909141790e+00
1.858493190001488937e+00
1.527519910220783039e+00
2.143505055931238523e+00
2.012353458744745360e+00
2.035132556640456336e+00
2.183472009567548611e+00
1.599755177765425973e+00
1.515587258679554683e+00
1.693194608007697166e+00
2.320965424606402649e+00
2.159491827341348369e+00
1.684628064346982423e+00
1.802951634963759098e+00
2.456086619285634320e+00
2.193588182987587842e+00
2.306044273124729038e+00
1.839268357336817372e+00
2.098849215104894306e+00
1.893899790611019540e+00
2.278297298950122673e+00
1.955275699701708891e+00
2.484772933923568239e+00
2.453341063865323690e+00
2.596708717508100506e+00
2.152019305398448878e+00
2.114236856002374321e+00
1.688448029601480771e+00
1.625289629157115723e+00
1.507810741861483894e+00
2.857021898200133858e+00
1.936638252127782511e+00
1.622062883339450146e+00
1.880520098381571081e+00
1.692438047753421770e+00
2.179066857754031084e+00
1.370794422727855011e+00
2.267379919434571622e+00
2.323381274772410965e+00
1.669480595217251118e+00
1.481721961590653391e+00
1.625503387342486672e+00
1.660327366278730565e+00
2.166259159531990441e+00
2.243329050490866727e+00
1.773360866894873045e+00
2.730825502373351199e+00
1.988454917367743491e+00
1.579644398836589136e+00
1.236743246892381798e+00
2.276496078781035326e+00
2.528444933904799186e+00
2.342072978910775483e+00
1.769209440014913204e+00
1.768446541973406338e+00
1.576205068851735280e+00
2.258468415754493197e+00
1.855171940304983114e+00
1.934198669964384720e+00
1.986545534367768706e+00
2.698504699398644568e+00
1.608669903757654840e+00
1.983293193598389514e+00
1.308726104628435971e+00
1.405621787065283401e+00
1.987750432925887711e+00
1.894126691704750787e+00
2.658955785992612952e+00
1.196112278451536115e+00
1.879499391690778953e+00
2.351701749534221619e+00
2.620593700433955675e+00
1.866326470342688282e+00
1.989918455604315239e+00
1.385066968503352092e+00
1.639424405097784643e+00
2.357101411630851295e+00
2.439233123564785277e+00
2.449806372345419536e+00
2.088516549466568506e+00
2.569960119891393724e+00
1.833357799951031986e+00
1.915398544470420905e+00
1.666978681297734077e+00
2.497932843529806490e+00
2.064584589824375094e+00
1.140297667638747736e+00
2.330028357655814730e+00
2.123600910940861120e+00
2.205103229498537765e+00
2.029698767336534537e+00
1.617274169846875331e+00
1.533160329360538476e+00
2.251377505607814467e+00
1.410669614704691099e+00
1.376327585355092697e+00
2.723809316864424623e+00
2.660802237344495946e+00
2.129000972153536786e+00
2.199451472653831452e+00
1.452529775549183055e+00
2.231904477581069468e+00
1.653500935795297888e+00
1.933935979286295570e+00
1.559696407397755502e+00
1.679568318465317400e+00
2.421211136255238650e+00
1.824871118814269000e+00
1.118615150699921346e+00
2.389032476133406746e+00
1.784771318256898720e+00
2.662630415631882297e+00
2.310697960906806792e+00
1.681182652709034331e+00
1.579880984168702485e+00
2.155733682978088872e+00
1.781448655499055622e+00
2.495080559151325428e+00
2.236429119466363247e+00
2.341480870862713282e+00
1.259308624301863411e+00
2.628012344577389303e+00
1.675844944108477730e+00
1.425694035820220362e+00
2.198039125182322806e+00
1.125221760438204877e+00
1.534196282849421333e+00
1.442647578865594804e+00
2.384562947151561474e+00
2.449545572899690438e+00
1.871488543339115962e+00
1.986617181565700552e+00
2.800799967099583121e+00
2.805074407937950376e+00
2.139407334640174518e+00
2.645068775098679659e+00
2.139733152876516886e+00
2.307144790804208423e+00
2.037052369727917256e+00
1.944682610399083078e+00
2.513261081980997069e+00
2.356559765445437549e+00
1.524042904909106877e+00
1.266873493405143103e+00
2.658501562083266379e+00
2.306105203998716213e+00
2.162474752471215567e+00
1.257999334337022823e+00
1.514192591389639020e+00
2.894270499257530105e+00
1.985055023190164247e+00
2.803016170476470226e+00
2.187763990861551378e+00
1.269828738801153989e+00
2.110309761846149712e+00
1.681029910709352482e+00
1.940744611291707722e+00
2.489754869835493434e+00
2.219548296126636622e+00
2.270696861362730079e+00
2.522005485212860165e+00
1.408873641371297669e+00
2.096102226495196508e+00
2.078249836307078269e+00
1.698171360257770601e+00
1.674329211719860266e+00
2.775909683299847330e+00
2.331669137146445969e+00
2.485843578427370915e+00
1.207663383280106473e+00
1.402714159119848869e+00
2.118108795413433221e+00
1.830327511018885911e+00
1.703178771832677185e+00
1.828957146322263583e+00
1.944839542491484163e+00
1.984531820844405381e+00
2.411660458956946584e+00
1.303030194813915799e+00
1.863137641554966972e+00
1.935226167172615419e+00
2.067439020224789648e+00
1.791973200190608573e+00
2.343109829335300986e+00
1.812458990667948244e+00
1.967468261911070382e+00
2.102265902270554765e+00
1.716231000061553491e+00
1.776923053951762643e+00
1.119559155686191021e+00
1.486061635255929714e+00
2.068512799830180882e+00
1.462097904733135501e+00
1.557691797226216091e+00
1.696843028152683619e+00
2.256406237449900321e+00
2.322943686664383556e+00
2.102860059764481093e+00
2.686975262469603720e+00
1.652438266489372864e+00
1.613213969702731010e+00
2.738498269415475583e+00
1.993242295205537751e+00
1.863541252705277929e+00
1.455497428022944018e+00
1.601996056715029315e+00
2.186318549669228339e+00
2.489160399154952685e+00
2.301409025405764641e+00
2.046693340795900706e+00
2.159651418701712622e+00
2.041390850168620208e+00
1.631199897797568354e+00
2.740895338162589567e+00
1.991186999720579331e+00
1.420903824509463398e+00
2.033698837769621903e+00
1.747285865467828714e+00
2.390392154031358185e+00
1.615444462305066331e+00
2.009181294154235964e+00
2.373606826411181814e+00
1.393453252826992506e+00
1.773151236188457602e+00
1.368721882958620739e+00
1.696925858390692099e+00
1.929584748297930918e+00
1.908182550083955764e+00
1.930260888374313977e+00
2.553946005341469316e+00
1.795313198562721535e+00
2.272693973726810590e+00
2.344768562067540252e+00
1.987385879513416054e+00
2.497331733259589903e+00
1.827751873226520996e+00
1.780134657659422803e+00
2.552846545982323079e+00
2.278046594707225481e+00
2.736946936343361614e+00
2.112062931396110788e+00
1.863315353767598825e+00
1.457171037891092702e+00
1.458045977353870537e+00
2.100215535107429421e+00
2.362950230432047327e+00
