1.140552469840139471e+00
2.029346019074840690e+00
2.046136535099090104e+00
1.432303133046524124e+00
2.021467424355424924e+00
2.154351734217074821e+00
2.471064212740461841e+00
1.380154588303486252e+00
1.648121840747644562e+00
2.005356541490614930e+00
1.354841988273989495e+00
1.919249080474382918e+00
2.325200834062436606e+00
1.602481463101136594e+00
2.644254318722390806e+00
1.623615196555603157e+00
1.689134890665219935e+00
2.868526426752137759e+00
2.399043414994719292e+00
2.565642738490440777e+00
1.935497775860297143e+00
2.081443215924696055e+00
1.691463376904501548e+00
2.567174959978255622e+00
2.071297191003722560e+00
2.254470581325942469e+00
1.507178342357539336e+00
1.914513827311443706e+00
1.966813139083707584e+00
2.131595929077731100e+00
1.960667533164144327e+00
2.357856797914187563e+00
2.130848074928256786e+00
2.042295322749216879e+00
2.410460315686225208e+00
2.370054588821915331e+00
2.515931604878436811e+00
2.132364349625134103e+00
1.597497700600913229e+00
2.236193249227910407e+00
2.100692225113709011e+00
2.368247289254553856e+00
1.263491517999260294e+00
1.205229346198281482e+00
2.233023124161140238e+00
2.013530031429735523e+00
2.159490478123754276e+00
2.084567091106482195e+00
1.366888063927861108e+00
1.847525187340624431e+00
2.091384373920665674e+00
1.482783276744013001e+00
1.756331994968397758e+00
2.159163541737207925e+00
1.580903878669773110e+00
1.591980958431817861e+00
2.600395412165202202e+00
2.063095911051207043e+00
1.921370417764274308e+00
2.576473449496615054e+00
2.152953020253106864e+00
2.115978902989455790e+00
1.640692810899023080e+00
2.629862359482367129e+00
2.162671011981267100e+00
1.777037549591647281e+00
2.035961404157977661e+00
1.071155145398808184e+00
1.679613018375369471e+00
2.502764417571075928e+00
2.284565883662635244e+00
2.073841374549197702e+00
1.852125748891680024e+00
1.427560336884229120e+00
1.376307235542284069e+00
1.610605854301443873e+00
2.010925561988671895e+00
1.933706088850602800e+00
1.984842353355557254e+00
2.320815331454765484e+00
2.357129868890680768e+00
2.025241715261843378e+00
2.459867123125706101e+00
1.420684122560183837e+00
1.297368131688078741e+00
1.605458950970248377e+00
1.788360261115773842e+00
1.586343037866301042e+00
1.933877692537691040e+00
2.076625211838030616e+00
1.945253174782451744e+00
1.318876310126977369e+00
1.527098521426538014e+00
2.578472268276877699e+00
2.188004385171585575e+00
2.268162983212247852e+00
2.012250509558734191e+00
2.335225594039857189e+00
1.521070789051075955e+00
1.793625639088181289e+00
2.535256849662385292e+00
1.505075229194309916e+00
2.070598565088479948e+00
2.475728768636547894e+00
2.576026145545814661e+00
1.216964985272950939e+00
2.420571605963206530e+00
2.158709037148557108e+00
2.297037253666755596e+00
2.583317692421098322e+00
2.374995142789555036e+00
1.960060612382783507e+00
2.040623997794292599e+00
1.749166348023650119e+00
1.538026941436043238e+00
1.971481430469716578e+00
2.487508164376404984e+00
1.652219486976452156e+00
1.899770996026062253e+00
2.033279609574630165e+00
1.383262283540924953e+00
1.969291643315734364e+00
1.535777827783860960e+00
1.761443803677460451e+00
2.556113849031881102e+00
1.294366369318745713e+00
2.123803779320740936e+00
1.861552971536697410e+00
1.343304888769685013e+00
2.086914364097724572e+00
2.224064262291694849e+00
2.721047998094836995e+00
2.314099401007871926e+00
1.675572364334794395e+00
2.431230109045224186e+00
2.608715666287981794e+00
2.319034545721260443e+00
2.197549100725318283e+00
2.486102538107310522e+00
2.251786139973827705e+00
2.597554194949945661e+00
1.779800637455400736e+00
1.821997045673280802e+00
2.094904169449827602e+00
2.185766942144492297e+00
1.822656554883643976e+00
1.728155904002614651e+00
2.684380328553826800e+00
1.762406796323674918e+00
1.928763486001344951e+00
1.240614847306613644e+00
2.007429246095535635e+00
2.090282721270924071e+00
2.534631244853773779e+00
1.836008113008087861e+00
1.977978301718644971e+00
2.636275204073375455e+00
1.570713224999961799e+00
2.557140901610626571e+00
2.102253191965919310e+00
2.338694583741667721e+00
1.940816900064861628e+00
1.623891466679744600e+00
2.268671903509785093e+00
1.216714656086182567e+00
1.928169180533067184e+00
1.835116921890165509e+00
2.008112070134684846e+00
1.512733057654838564e+00
2.313237216699348231e+00
2.935565312028698859e+00
2.163598139304420798e+00
1.628639611599523862e+00
2.384421928669337998e+00
2.094495055496819802e+00
2.206846774826805468e+00
2.112466925888968117e+00
2.278377085617053766e+00
1.455703683347123301e+00
1.430570853107215656e+00
1.871926449448888974e+00
2.699944165877661284e+00
2.093262000587126970e+00
1.921288251604513331e+00
1.670430037565242998e+00
2.073612099095706540e+00
2.667131747602756509e+00
1.332550814697289088e+00
1.992486278236243802e+00
1.497303741740357852e+00
2.582741341621095810e+00
2.286518681444315249e+00
2.432552488953177772e+00
2.575598809871005646e+00
1.731185409093655814e+00
1.497110076025518266e+00
1.868051062196781853e+00
1.624278147636738945e+00
2.530931370040968353e+00
1.866490698574174711e+00
2.678409942485394435e+00
1.714154144074404140e+00
2.483091827469036783e+00
2.237608881633154745e+00
2.465691483556094354e+00
1.360704343171567077e+00
2.380261759263913479e+00
1.992291384069752036e+00
2.074954679495315091e+00
2.556107885483386966e+00
1.852096337020346262e+00
2.325761825725610521e+00
2.359903916214895148e+00
2.180130640983099610e+00
1.519084017687511778e+00
2.204993346881093164e+00
2.115249995171517128e+00
1.376827699841424613e+00
1.963027042202094563e+00
1.243974369087437415e+00
1.866998349541155289e+00
2.245476786142218018e+00
1.835997469859571130e+00
2.045846499076992231e+00
2.192499846190946400e+00
1.713656397777648444e+00
1.524022347197075078e+00
1.845876239324537371e+00
2.323164717201272378e+00
2.478422195792417071e+00
1.484405243186191825e+00
1.767846965995448549e+00
1.642216960644026225e+00
1.420462621716236828e+00
1.778972493884339201e+00
2.055875597338185479e+00
1.204361153590271183e+00
2.249079677892693141e+00
2.431563044944877294e+00
2.798322907906588775e+00
1.983132742100125911e+00
2.455623599247565458e+00
2.590013731566081834e+00
2.149315487680392600e+00
2.251599982057887139e+00
1.621821645745145535e+00
2.006793576278887770e+00
2.168249172975897920e+00
2.065290914914833298e+00
2.744980944458579764e+00
2.511680991992665923e+00
2.476619283198940202e+00
1.632661745593408931e+00
1.308178763806949751e+00
2.394195406683634175e+00
2.075993216549559595e+00
1.740246269158026271e+00
1.919959457744584430e+00
2.612445474761686537e+00
2.355786744205992100e+00
2.265007915938600291e+00
1.978777552826935349e+00
2.790797560777335651e+00
2.286820884594700232e+00
2.574897397528853382e+00
2.055673256824387174e+00
1.940683634339796404e+00
1.866092764976905904e+00
2.367885276772893732e+00
2.158541329134918030e+00
1.700220433261475650e+00
1.602521482942603770e+00
1.907655603134638778e+00
2.666315934806737342e+00
1.655437393524231471e+00
1.555734557478310354e+00
2.583699407151009098e+00
1.825486077127061790e+00
1.233621963247931275e+00
2.350110118358198719e+00
1.894907664895879140e+00
2.351144338508145637e+00
2.027567904819504552e+00
2.146642752799205134e+00
2.888552006913608139e+00
2.347033453920901014e+00
1.775707570626327225e+00
1.573781350375409005e+00
1.523668140618199107e+00
2.308282605513196195e+00
2.339429775535272427e+00
2.024081159775881211e+00
1.842244231120763409e+00
1.960389582319357782e+00
1.829526888491568970e+00
1.932423302341932825e+00
1.595639350824225922e+00
1.308552173658707796e+00
1.907818567330096027e+00
1.894698389777550007e+00
1.684200555297478363e+00
2.357377559369417064e+00
2.024340361374656005e+00
1.962979991155033854e+00
1.461221755826144886e+00
2.897057938153237089e+00
1.830463395329442911e+00
2.462607834064757473e+00
2.009115995177815250e+00
1.928411991955285565e+00
2.243903701910405779e+00
2.043916204245423529e+00
1.580755827612467357e+00
2.567494899458901081e+00
1.856524199846428580e+00
1.600515565713230615e+00
1.805357810786697437e+00
1.893946169245567246e+00
2.070415334880752578e+00
2.457005923013414694e+00
1.693176961337204300e+00
1.676245933142769484e+00
1.729614983678576356e+00
1.499389411132948213e+00
2.370958676834642453e+00
2.404159843831403798e+00
1.511248553579111364e+00
1.926949414964036267e+00
2.558275862832753766e+00
2.308903109006581023e+00
1.547996154829773818e+00
2.330990586026691957e+00
2.305567495674276657e+00
2.436657726949228220e+00
2.097758010837611486e+00
2.211952002821959695e+00
1.827415167372507199e+00
2.409327624414823621e+00
1.949054929424365312e+00
2.048304535008430349e+00
2.142171542050347988e+00
1.964553990641133785e+00
1.964331895586260091e+00
2.491381162147482620e+00
1.683892402810497568e+00
1.231101088570815794e+00
1.490623437059042988e+00
1.874711346550585134e+00
1.686175192390299449e+00
1.831607598391302272e+00
2.181948971862485820e+00
1.478086961703841462e+00
1.709933388156719136e+00
1.742241515985625711e+00
1.557209086058758629e+00
2.351965931649236730e+00
1.901619643821141237e+00
1.850875144535555128e+00
1.311973009209661756e+00
1.548568479358757966e+00
2.622589747948707917e+00
2.631974764957838886e+00
1.566481676657325961e+00
1.777666436103482406e+00
1.431442965541046553e+00
1.355778108480652167e+00
2.404245567629915037e+00
2.258659222233570407e+00
2.480147112945858101e+00
1.450521786743097952e+00
2.627410166287624804e+00
1.469639280723263886e+00
1.325423960579126925e+00
2.200646729820888048e+00
1.556371083648215192e+00
2.531224688091765707e+00
2.192190997379455553e+00
2.290075720921671110e+00
1.817015745866338072e+00
2.127098706697645447e+00
2.756294979580329318e+00
2.622265602487205527e+00
1.905119991328326989e+00
1.310495632868852622e+00
1.773888510980909494e+00
2.689394950654849570e+00
1.520868653303046658e+00
1.508836540044963259e+00
1.340455873972647538e+00
1.504861058111407024e+00
2.339609672363135218e+00
2.312173811024300640e+00
2.607704535444936411e+00
1.637544655844335839e+00
2.681836282701640428e+00
1.239686759214554179e+00
2.090559162076892186e+00
2.278109228715917922e+00
1.724601490235828427e+00
2.480526171630622834e+00
1.185211506926440395e+00
1.418347661006399640e+00
1.559615730095678998e+00
1.784434181911386030e+00
1.965332927621377568e+00
1.796290041805466586e+00
1.289375193972077227e+00
1.878044099304391867e+00
1.332807436898205466e+00
2.407238664966974362e+00
1.898936142600112786e+00
2.492687587535309390e+00
1.977396921437846622e+00
2.391420549556092290e+00
1.197868436250148605e+00
1.722920276247771554e+00
2.672574911996222102e+00
2.021813600470652617e+00
1.620499705689818049e+00
2.850113285463455881e+00
2.092238313764442026e+00
2.856078282922021039e+00
2.203249903377731300e+00
2.187708367256900654e+00
1.822925804351149370e+00
1.709576742067550059e+00
1.792366877877928033e+00
2.066807504321483968e+00
2.364052549283726101e+00
1.646274079156818004e+00
1.735692971765618431e+00
2.156729066536677397e+00
1.789278934650970765e+00
2.540214849515123774e+00
2.726934097686400271e+00
2.558266301763914452e+00
1.390732362081306572e+00
1.184647728700939595e+00
2.398656202545542016e+00
2.511645842876804924e+00
1.583766405537293753e+00
2.169375626188094763e+00
1.332894426719579695e+00
2.499313027762221751e+00
1.390553413041420106e+00
1.534281720727211917e+00
1.611791556092556643e+00
2.576324660636554853e+00
2.108427574853741326e+00
1.592108264250064131e+00
2.172284240327804206e+00
1.680006036938811897e+00
1.693138893097242637e+00
1.880028558956369666e+00
2.333207731135626517e+00
1.850873262177715528e+00
2.118384742485809991e+00
1.170673118060139517e+00
1.983338382981528980e+00
1.917951477751842715e+00
1.576712280337899230e+00
1.506086692246083381e+00
1.264474735308689146e+00
1.463308042161886036e+00
2.776923734111344189e+00
2.184209177504171873e+00
1.409027512481581645e+00
1.993402240687533578e+00
2.100099451561002528e+00
2.265846011169299068e+00
1.284159666998590188e+00
2.500433612693975682e+00
1.483300706672841862e+00
1.827807720386817714e+00
1.869580522683047752e+00
2.030057086633680008e+00
1.575445408634353672e+00
2.436241040556407000e+00
1.842424521557452621e+00
1.610218204973233647e+00
1.713018104762398020e+00
2.244108655629002413e+00
2.075282132095047416e+00
1.858262915198333864e+00
1.567301452752154045e+00
2.114684377381934155e+00
1.938136901911396315e+00
2.207128651321512258e+00
2.611156736206833973e+00
2.032452180937323050e+00
1.964579542945058321e+00
1.232236419383451409e+00
2.770638381325365884e+00
2.474261645058199122e+00
1.397480371112033382e+00
1.592405270994149413e+00
2.657730686637351347e+00
1.742928578763033531e+00
2.804652410124021777e+00
2.190178537724330354e+00
2.201405254192901229e+00
1.754226340758268998e+00
2.004113060595028806e+00
2.047987341029470443e+00
2.175068090052452163e+00
1.689736433111213465e+00
2.103493633627839809e+00
2.454779105640690240e+00
2.354609918357963405e+00
2.410808787077022064e+00
1.500000803807990835e+00
2.116285276820871974e+00
1.914416603543211970e+00
1.860661058195402173e+00
1.738168484670059355e+00
2.197526973885429946e+00
2.082883905299024452e+00
2.217141560750743867e+00
2.465994290912276732e+00
2.073753594391179345e+00
1.606469828406630107e+00
2.268681980562878842e+00
1.624237262125868941e+00
2.005268071609002778e+00
1.484162095147784743e+00
1.323836826881296780e+00
2.194431259849956461e+00
2.185346984208473842e+00
1.623787600259834374e+00
1.967537304989102065e+00
1.782239449676798149e+00
2.051840070281157224e+00
1.681136567220623546e+00
2.684146738582283920e+00
2.111407749745898954e+00
1.494616338564859870e+00
1.422573822962165613e+00
1.428912276678681925e+00
2.230858353985305520e+00
1.826766170435910386e+00
2.430634700753517397e+00
1.281499791482076267e+00
2.749432331675357055e+00
2.202610790151173781e+00
1.465162452363908852e+00
2.493129582639611819e+00
2.420986295709167013e+00
1.612145836787473696e+00
1.771619529994741260e+00
2.611117149742827159e+00
1.726623796829441781e+00
2.099105661690322311e+00
2.301370084067911215e+00
1.942710888538683456e+00
1.988075695431533063e+00
1.995024078484783470e+00
2.636865242191014147e+00
2.306427363478260162e+00
2.653137799639314842e+00
2.962775996767164965e+00
1.780788454178716229e+00
1.888937486642590979e+00
2.602910249057428071e+00
2.403829600419721491e+00
2.260328850421716940e+00
1.564606057422698759e+00
2.157625979263309013e+00
