2.193228549583258413e+00
2.162639408678290742e+00
2.305391660110963414e+00
2.277802391257909065e+00
1.292028928781128183e+00
2.355994227070935754e+00
2.339680641080048140e+00
1.664635977876106621e+00
1.754577704934493498e+00
1.621822870000805050e+00
2.736939219888351538e+00
2.136579823242373610e+00
2.688414325928252246e+00
1.793800678646653601e+00
2.561172535506831771e+00
2.015534233122875385e+00
1.817359300713115466e+00
1.814350051337271896e+00
2.169142327287055583e+00
2.218040922266850679e+00
2.024416062551836593e+00
1.547428909573402178e+00
1.797549020492917204e+00
2.609929827385799150e+00
2.040016371598969869e+00
1.893722562325055758e+00
2.420145300269074262e+00
1.342484435811899912e+00
1.684629338762195117e+00
1.907353629065893008e+00
1.592692869069642470e+00
2.073747205301751162e+00
1.846110230696040411e+00
1.657974577000646432e+00
2.415773400350308631e+00
2.208671866636422010e+00
2.471614828635356531e+00
1.397493493989798052e+00
1.598034062768331820e+00
2.598384889281462939e+00
2.679534081288554415e+00
1.937121666972844602e+00
1.567558110222683432e+00
2.152150635802065004e+00
2.078323440853194093e+00
1.965102371351668875e+00
2.506923616256674148e+00
1.767019361423205703e+00
2.067305077403505997e+00
2.030450291017347197e+00
1.590959804095674279e+00
1.503720829979438678e+00
1.849355261577066756e+00
1.425250224558685774e+00
2.362965541906407285e+00
2.054894318621458105e+00
2.426978938957903509e+00
2.227963595360080262e+00
2.198660975870729839e+00
2.637274776894658501e+00
2.256784919068387296e+00
2.342622932527842927e+00
1.567438607247976012e+00
2.359622382093927939e+00
2.152605096907756810e+00
2.281237016169614940e+00
2.507666030409062330e+00
1.879899522621461649e+00
2.467270861472183441e+00
1.848185552357782147e+00
1.579920434753882441e+00
1.798280685258383915e+00
2.453979911449861273e+00
1.732583433111039906e+00
2.160932091452578252e+00
2.307258406647958449e+00
2.675186780998236813e+00
1.996041918494402934e+00
2.392179278987156099e+00
1.832397716146390465e+00
2.102663870951768210e+00
1.411982710493407511e+00
2.192916780103586483e+00
2.175783954365860140e+00
1.981545813091188268e+00
2.050743044172955720e+00
2.236204022765140742e+00
1.665558544130683494e+00
1.733249107480801410e+00
2.661592694679201898e+00
2.019367360566595160e+00
1.680230663345316344e+00
2.275188188422582414e+00
1.436025120513333198e+00
2.588489314925781049e+00
1.496322342837855812e+00
1.936996846453769017e+00
1.761790431884465935e+00
1.495296982384276774e+00
2.383748659898505373e+00
1.970223481497057838e+00
2.240874841677503504e+00
2.101865526799060024e+00
1.639886448702257304e+00
1.500740287268448991e+00
1.595607442877960302e+00
2.535600755633296899e+00
2.949265908596262697e+00
2.280348178685917659e+00
1.477869070684759034e+00
1.884938320211803742e+00
1.935390873706057224e+00
1.444226495218915662e+00
1.787579728817201286e+00
2.501667393479148238e+00
2.248395741750691013e+00
1.989624064486420041e+00
2.008671599348079262e+00
1.984870732867391130e+00
1.284826858822766926e+00
1.859648219190623619e+00
1.967703669075738571e+00
2.556928239581207407e+00
2.290231722379831414e+00
2.069589005320786157e+00
2.463744113892249565e+00
1.828781281160304584e+00
2.338293078257696056e+00
2.709366524933112252e+00
1.872331085926777883e+00
1.899851691250146413e+00
2.537698570265086051e+00
1.744174951595508505e+00
1.586849014979972328e+00
1.851913816871816110e+00
1.943470486315916457e+00
1.238347444713503442e+00
1.706072461471424440e+00
1.677546931356147297e+00
2.260681283538930053e+00
2.097822182404454061e+00
2.062841086978420169e+00
1.924994053115732795e+00
2.466288395866180316e+00
1.329068570671005700e+00
2.568011931719631491e+00
2.488805401346442903e+00
2.041272213439896177e+00
1.468536892875080824e+00
1.985997747023483750e+00
2.264730066033278533e+00
2.135937714478150617e+00
2.240374058339646979e+00
1.698443035487012143e+00
1.275599525703236869e+00
2.028943477269421258e+00
2.777757295918535707e+00
1.993783859642556777e+00
2.329317346493954055e+00
2.593591503461481373e+00
1.862071157037245017e+00
1.593840673752631165e+00
2.504398143820664835e+00
2.276757687013758247e+00
2.589427346346435677e+00
1.913843936558538683e+00
2.353745891867241369e+00
2.441154320628268426e+00
1.546028130532594691e+00
2.736656033668537269e+00
2.380458865489930353e+00
2.364975199852097365e+00
1.585922148565951373e+00
1.542369988151939264e+00
2.782158131896569575e+00
2.154983556163993619e+00
1.532802639821804203e+00
2.331680692188252024e+00
1.428795715759108020e+00
2.384383725501380447e+00
2.115694295548590009e+00
1.533776604129583054e+00
1.690876702985151692e+00
2.795119064990660540e+00
1.436340909946231870e+00
1.630456227799282232e+00
1.990241353615984643e+00
2.016981699832573582e+00
2.843120838145904550e+00
2.082961658826130602e+00
2.145551114227619571e+00
1.206753591287002880e+00
2.773975375699580859e+00
2.508138596312651458e+00
1.611305493082936913e+00
1.924075898494852943e+00
2.597585128326336701e+00
1.680114761195614204e+00
2.074449585999832202e+00
2.479113744481206361e+00
1.963746099248587784e+00
2.541716345389986031e+00
1.547252460951298758e+00
2.171596857779670042e+00
2.449950885157414326e+00
1.988142818134594147e+00
2.210494823656530272e+00
2.364378236976179437e+00
1.249086664800053148e+00
1.969179281338652832e+00
2.283817595668478084e+00
1.367473947110237731e+00
2.111557051814899388e+00
1.410969643658908756e+00
2.703882813765322801e+00
1.531369880358450342e+00
1.407680840427429025e+00
1.700503895957526268e+00
1.879403360873154183e+00
2.307167069170297680e+00
1.909555523404844468e+00
1.909034189160674577e+00
1.921268748020526385e+00
1.573141490747534732e+00
1.658567024162854286e+00
2.094737745906146920e+00
2.027420757191933376e+00
2.420881495030659192e+00
1.431453291594273036e+00
2.120942797513649225e+00
1.789737799965976262e+00
1.548527107768378208e+00
1.800514008855947035e+00
1.773842925669174786e+00
2.440013969380955494e+00
1.748238254954763038e+00
2.173732834463572683e+00
1.752955838571792047e+00
1.546467064802435454e+00
1.459077312014450456e+00
2.336313391337207612e+00
2.240383472826831479e+00
1.560565479731073957e+00
2.141131283434335675e+00
1.710106350418947763e+00
2.346672460644269265e+00
2.708526131364041412e+00
2.254972578177896647e+00
2.321860837974625724e+00
2.586311095304939300e+00
1.933793925108710621e+00
2.138400495604153129e+00
2.275736648759522751e+00
1.376221078571281398e+00
2.408628333640167263e+00
1.925214816654753358e+00
1.963160309499014211e+00
2.281917965027215001e+00
2.211926185016488855e+00
1.815718344728684208e+00
1.607964315543497946e+00
1.590824905124177846e+00
2.064463166464284960e+00
1.502122150591206129e+00
1.569975028749479584e+00
1.949848878297967048e+00
2.012191197116541375e+00
2.113332138291576179e+00
2.505585149835153125e+00
1.276569159164426148e+00
1.853047357701104403e+00
1.848703903252346237e+00
2.534477925655892250e+00
1.754605107905025330e+00
2.373737926095798478e+00
1.350662444153469366e+00
2.670110384462689446e+00
1.872771488297500841e+00
1.535968113881818864e+00
1.452431895922347671e+00
2.171063096917126956e+00
1.384547932890876965e+00
2.274797437728771854e+00
1.470426066749969785e+00
2.214901676722305091e+00
1.765058420331662159e+00
2.116723357422773510e+00
1.314382598148734704e+00
1.475614629756211382e+00
2.006122784163181016e+00
1.999533712195992630e+00
1.995784373318533422e+00
2.507209419692650432e+00
2.216011984879890484e+00
1.868082139559305688e+00
1.920132934328259600e+00
1.664492238658913603e+00
1.865453286237856556e+00
2.292043815681615193e+00
1.506287360313303125e+00
2.809218436120795026e+00
1.787610624803977366e+00
1.961099808525676336e+00
2.315391598031087739e+00
1.839185224422203113e+00
2.043463937593619217e+00
1.708284395697219349e+00
1.468669891145899742e+00
1.119422169888255159e+00
2.090158831242828530e+00
1.531205390409252187e+00
2.193022916843926140e+00
1.630382088870275137e+00
2.199632600117299219e+00
1.962575343353866852e+00
1.617665999442470692e+00
1.930781203793301426e+00
2.006945310537704863e+00
2.047847412370347620e+00
1.797680642500777637e+00
1.671416545371134266e+00
1.929563087107615260e+00
1.924458849881057976e+00
1.337063528854569805e+00
2.244206596332912973e+00
1.676760169051203286e+00
1.800542336070561245e+00
1.385228551665021790e+00
2.148006658962336779e+00
2.377528820181966207e+00
2.016347432443399867e+00
1.881759850105410692e+00
1.860534992122581555e+00
2.133963276404498899e+00
2.090817851100371882e+00
2.378094916616274368e+00
2.970077995198701970e+00
1.714045675127308765e+00
1.154837025704589903e+00
2.454505901307506122e+00
2.015232016610941201e+00
1.546453072278538565e+00
2.911073501148502274e+00
2.080579068952713939e+00
1.496898032815039414e+00
2.315856778859894050e+00
1.776285701508560688e+00
2.538753057403263291e+00
2.388853769175813824e+00
2.038569784270528373e+00
2.217143767180241198e+00
2.635326731294513003e+00
2.011536619194681741e+00
2.177275834660478360e+00
1.397465951043424193e+00
1.714188492165368949e+00
2.208588913508322094e+00
1.962888141684937526e+00
1.472908750930353783e+00
2.761464116766134680e+00
2.218702816244171316e+00
2.487128704234842669e+00
1.803024565064445195e+00
2.441962211334562483e+00
2.064025863600859267e+00
2.438832399998507761e+00
2.139261245241261378e+00
2.345923123928385312e+00
2.275330292949713673e+00
2.020694203527403587e+00
1.461294597686874752e+00
1.851040555471949567e+00
2.284701920149319498e+00
2.758767793755922071e+00
2.148598335410719873e+00
1.452700745950623595e+00
1.693215617751778090e+00
2.042492841153284111e+00
1.701868786840352810e+00
1.519165597624655639e+00
1.817613328290902164e+00
1.750443530619193666e+00
2.193206288582878027e+00
2.192310081821761791e+00
1.578573134908718645e+00
1.880125864939343305e+00
1.677749434144908847e+00
2.326947908414744859e+00
1.894799310212500476e+00
1.701621018273697272e+00
2.308712348448617391e+00
1.777393232703006198e+00
1.880945493638464860e+00
1.458647042756648471e+00
1.527023973013182268e+00
2.819233602578728792e+00
2.002677257162101654e+00
1.777407887133828357e+00
1.736145980341456063e+00
1.885275021552247132e+00
2.344625103400916899e+00
2.468505566989207978e+00
1.372228373710838500e+00
1.690502716159304253e+00
1.901276895741935702e+00
2.193968999779091877e+00
2.316119030033462423e+00
2.509384267241654864e+00
2.313116817746834641e+00
2.306642601521149416e+00
2.097441001396572524e+00
1.863683496638794068e+00
1.746570159490721696e+00
1.778312701457047673e+00
2.006791878334817980e+00
2.096339104326531810e+00
1.759326686941269813e+00
1.895514997602712137e+00
1.501606911075027195e+00
1.906355109005601456e+00
2.121923915789774462e+00
2.323920425550266344e+00
1.961985480683787753e+00
2.013105304489268832e+00
1.993250156781955162e+00
2.110897840875942677e+00
2.588425088382703798e+00
1.750045923692053140e+00
1.571204776358585020e+00
2.230291983774206344e+00
2.018784511996942754e+00
1.798019666298183328e+00
1.752612529814653541e+00
2.579167178182506515e+00
2.015965851949487853e+00
1.350899152770390854e+00
1.163157972686905017e+00
2.179825797504083340e+00
1.275622759413164831e+00
1.700273314193287977e+00
1.864068210489340238e+00
2.252645376724673909e+00
1.748063689675862564e+00
1.383579608445252962e+00
2.003916799688780337e+00
1.766168354573063315e+00
2.362485137196886686e+00
2.248222775780797544e+00
1.432897405423957382e+00
1.508942574823183502e+00
1.382025387426466967e+00
1.684114718572579328e+00
1.134298784924889114e+00
1.677800561641482169e+00
2.273450297808883747e+00
2.118738554695521081e+00
1.966656487186420277e+00
1.852037594416326094e+00
1.146179362901368792e+00
2.222415167062287367e+00
2.268726309733084534e+00
1.843187700388213779e+00
1.655239627702157490e+00
1.995395251818754989e+00
2.303496416500970589e+00
2.120841850296808495e+00
2.613644759963423603e+00
2.402240632864769410e+00
1.962823704212719456e+00
1.846866775953629247e+00
2.579279627167190725e+00
1.401199229390460932e+00
1.854677842225604056e+00
1.575202121780815645e+00
1.917560502961735525e+00
1.987584751818831208e+00
2.543921692610983776e+00
1.844791690385564120e+00
1.963344542569469553e+00
2.193338694117775489e+00
1.867338247386278738e+00
2.828703778695441429e+00
1.712450625812814486e+00
1.778429494158215496e+00
1.509410643858857703e+00
1.865283424816973845e+00
2.135327996065852663e+00
2.693217975520901142e+00
2.734265407149177207e+00
2.425312610478732367e+00
1.559126022344285545e+00
1.914449015616660255e+00
2.285579849261468510e+00
1.807360958108017446e+00
1.810548962198566869e+00
2.308297969095124635e+00
2.230354975588416888e+00
2.258959778051867318e+00
2.423129812986401177e+00
2.006572724306100231e+00
1.921161246932644673e+00
1.643680549737109420e+00
2.663089633481092733e+00
1.607273925917817481e+00
1.416939747007894379e+00
2.750471316393340970e+00
2.222542203003077255e+00
2.577633735212046862e+00
1.648508274523774686e+00
2.315668208224299640e+00
2.694468644794527634e+00
2.009159010308595228e+00
2.307972738013957859e+00
1.514170551657977537e+00
2.235627899544925690e+00
1.435584650027146969e+00
1.820774313752488105e+00
2.492107950064060162e+00
1.747763699796856862e+00
2.411249519710009004e+00
1.842130743604013077e+00
1.418275549769587585e+00
1.342343837778248616e+00
1.856744522409323306e+00
2.264014182141719456e+00
2.014515074734711586e+00
2.215143314249527595e+00
1.631320923959933777e+00
1.857486151396515295e+00
2.132993925138015889e+00
2.507805713752175869e+00
2.285990049597262264e+00
1.709351185495832759e+00
2.478815825559216535e+00
1.285221832043128343e+00
2.128198285059426098e+00
2.208705446046401732e+00
2.191542197887412780e+00
2.358660772226557789e+00
2.166300160284392096e+00
1.712978992153935787e+00
1.762214575627423452e+00
1.878437749369155751e+00
1.768898979629408119e+00
1.323955324493423902e+00
1.788997679326305601e+00
1.761069627462682030e+00
2.619144974467754849e+00
2.196041990292595170e+00
1.551006054595248429e+00
2.612239015892142469e+00
1.599376059601583355e+00
2.121827986947541156e+00
2.288096038284548328e+00
2.268003602236623006e+00
2.375923668766074748e+00
1.906495408871202724e+00
1.500139897661767696e+00
2.544401491004899540e+00
1.687434404425403045e+00
1.802460409481667636e+00
2.847285157085746476e+00
1.700248749019806827e+00
2.659204764370256768e+00
1.955583142975252819e+00
2.528212341831295618e+00
2.651387163724359564e+00
