2.564019548125214598e+00
2.885574122474380943e+00
2.065446440690490881e+00
1.174334607348900050e+00
1.886274826462215337e+00
2.366981706662216745e+00
1.579430582108427794e+00
2.563664292459403526e+00
1.718241424653728755e+00
1.894604068766448934e+00
2.054784370731083776e+00
2.416374274844736103e+00
1.496905688352672126e+00
1.380147631932845620e+00
2.032083187265552482e+00
1.274012566661109291e+00
1.354482989264188530e+00
1.651717784122322286e+00
1.509213958276230283e+00
2.322887781701069798e+00
1.980092608875815507e+00
2.015011439456650955e+00
2.316783160638764105e+00
2.338424736830131856e+00
2.255484928386643162e+00
1.617006387442976978e+00
1.729572456912911171e+00
2.434065032939854323e+00
1.780268949273973611e+00
1.995183459427866790e+00
2.190548087759129903e+00
1.381656045202832583e+00
1.201898133812481895e+00
2.010088454050979578e+00
2.382168120581397375e+00
1.656107938073211550e+00
2.338864521881691250e+00
2.463114714819242934e+00
2.638622563536881405e+00
2.567816718131609832e+00
1.611449448055328748e+00
2.314762135221991812e+00
2.282146185376614511e+00
1.902376251381843186e+00
2.365220637726353381e+00
1.840721498453691485e+00
2.623003783765975427e+00
2.625893047232223942e+00
1.739215429338700103e+00
2.189482816202182214e+00
2.503940824381094110e+00
1.659604481422336075e+00
1.924017364943196862e+00
1.116992936047564111e+00
2.073824424073616335e+00
1.315024091195516664e+00
1.949819419766766648e+00
1.668186931264725725e+00
1.815862582859483432e+00
2.333371180082330021e+00
2.261775816152663765e+00
2.197535042951232143e+00
1.635506777308195936e+00
2.529163689060170306e+00
2.049961740732944016e+00
1.974686332368175812e+00
1.837403617812240597e+00
1.898321175739845268e+00
2.543521672843793269e+00
2.461561259694708070e+00
1.496164954432209093e+00
2.752649805592700005e+00
2.097160176433204626e+00
1.950572440989150946e+00
1.867837955946599848e+00
1.953369103463921341e+00
2.195455176669514508e+00
2.280195791547159345e+00
2.232515387110437288e+00
2.004552773591863790e+00
2.073160545782879005e+00
1.954749589000901011e+00
2.488952864145799193e+00
1.880338463383519843e+00
2.017346051948387675e+00
2.080673060532025609e+00
1.369773205177263087e+00
1.419312217205884741e+00
2.091582977725180648e+00
2.307576433427542817e+00
2.500778480494876277e+00
1.711371853545603949e+00
2.508678595413475598e+00
1.930425274342450814e+00
1.277670250287095799e+00
1.427515444108284459e+00
1.874532707037277701e+00
2.004093321158020302e+00
2.339127854695382425e+00
1.991038937055783720e+00
1.831186963420609271e+00
2.558950534295861168e+00
2.243792910918659622e+00
1.584003448552753435e+00
2.429060766008123373e+00
1.442909637179825566e+00
2.361738267466835239e+00
1.363131238054263061e+00
2.633301578192757120e+00
1.763667244328626316e+00
1.491549343689027252e+00
2.471638627946628031e+00
2.607747337414700439e+00
2.123120666260756906e+00
2.555096434942678130e+00
1.795043025736580145e+00
1.610234429525642330e+00
1.383630596895637277e+00
1.667067955363214837e+00
2.498475413658173494e+00
1.690768257777511607e+00
1.860837124699842082e+00
1.514854635824991469e+00
2.198756326096876546e+00
1.783065964293144567e+00
2.174911711520162605e+00
2.799651322979250345e+00
1.822366624079259978e+00
2.342712996311797191e+00
2.548715561766440096e+00
2.257152924397642479e+00
1.638177814239078156e+00
1.921952180072208805e+00
1.220825829504372795e+00
2.420681450306659599e+00
2.010203082138737329e+00
1.435596877606324151e+00
2.261720358972560962e+00
1.424019597539944781e+00
1.645908740101374779e+00
1.717806653096919156e+00
2.394578683492757598e+00
2.549151084511218635e+00
2.176001610336355085e+00
1.560601493992915145e+00
2.363273853190372087e+00
1.796373831084009831e+00
2.054002148768107272e+00
1.865054014276517513e+00
1.946475195419539617e+00
1.964559775001985198e+00
1.243584423361080882e+00
2.279353724183731611e+00
1.721646274653106712e+00
2.047435703868294432e+00
1.498773878463808273e+00
1.660057956997690543e+00
1.576050814993535942e+00
2.024400185651971107e+00
1.475607839348193728e+00
2.011961886534475941e+00
1.665333264632611332e+00
2.169151601034876364e+00
1.729947173343969524e+00
2.029635197712127415e+00
1.648098568058743663e+00
1.889871819311954138e+00
2.413486957732821292e+00
2.252837033547686385e+00
2.111983563277102238e+00
2.703577124665798692e+00
1.497494223397997537e+00
1.968850776072903930e+00
1.874106362744043963e+00
2.150904446894671196e+00
1.271362035968033766e+00
1.881178861098032229e+00
1.684917001622628696e+00
2.819739113591367641e+00
2.355638310555622006e+00
1.611072817505617483e+00
1.640675251574299276e+00
2.381778717552565539e+00
2.176859542494255173e+00
1.630384656582774650e+00
1.782132138270566823e+00
1.643500112945793568e+00
1.322036213999920440e+00
1.631732610271689587e+00
2.226799931096426377e+00
1.885790675973930686e+00
2.174171003547083370e+00
1.844426125738105604e+00
2.133685968538811650e+00
2.458896205024125869e+00
1.093763256336579115e+00
2.047693391635085014e+00
2.168671358352848522e+00
1.823373083397762384e+00
1.586616267747330999e+00
1.410378125400535421e+00
2.438920444287985045e+00
2.260474055403229876e+00
2.686902491035705332e+00
2.001058200995861736e+00
2.606730898857743561e+00
2.215329113962011043e+00
1.856263467291381364e+00
1.873742512161595375e+00
1.511103844926602324e+00
2.754253450238953960e+00
2.631368544017743449e+00
2.043997739458053076e+00
2.586753446647805710e+00
1.777307640260805677e+00
2.115868656268501624e+00
2.286647568574486922e+00
1.646214599946203005e+00
2.030218521431113476e+00
1.914288257858497877e+00
2.558824296006958487e+00
2.178626001195385076e+00
2.444470903324004851e+00
2.164442294818740731e+00
2.204576567674343401e+00
1.506762092878641379e+00
1.935980170388591493e+00
1.667078398821729701e+00
2.148572612975826246e+00
2.457485334287879297e+00
1.827643323528205688e+00
2.536439113876470586e+00
2.058319269887367131e+00
2.597635533658229079e+00
2.647805618636126734e+00
1.429887309226672176e+00
2.170434314634292150e+00
2.477997367623292480e+00
2.228596367712665671e+00
1.927856847780167637e+00
1.533118043110240247e+00
1.627346163062104001e+00
2.505350509658217373e+00
2.679159995377868420e+00
2.195343878444992569e+00
2.307389960326499789e+00
2.010275853527702328e+00
2.602158756824834107e+00
1.893336298112745952e+00
1.828439968969310492e+00
1.811436961612957752e+00
1.479621907739254949e+00
2.349331730632670201e+00
2.732156531058153259e+00
2.527778033471090424e+00
2.056799829121787937e+00
2.438865304247483934e+00
2.060997589326579504e+00
1.600336867036955990e+00
2.308312414901065424e+00
1.788337758454958459e+00
1.266077547758210686e+00
2.574099542122177287e+00
1.220503647615181153e+00
2.747667671981616877e+00
2.793482805455364648e+00
1.782684515531513192e+00
1.098543254149593640e+00
1.433669067634603778e+00
2.774311362965915961e+00
1.387419302098303220e+00
2.186212527711680842e+00
1.362738112345524666e+00
1.784577908420549086e+00
2.078429477359519773e+00
1.539092396161801046e+00
2.187653973472626134e+00
1.346626759546713181e+00
2.392326600901861333e+00
1.594499906277433432e+00
1.872701733687963443e+00
2.386496172969262197e+00
1.778145699605641283e+00
1.813978200050629486e+00
1.776641991840104851e+00
1.313863712154532237e+00
1.367952458209910294e+00
1.768617798316119760e+00
2.022276377068612518e+00
1.938005627215607651e+00
2.270091776194719468e+00
2.464491440837250025e+00
1.528992648010146116e+00
1.239155245574059760e+00
1.978706254112379437e+00
2.360110127221205722e+00
1.962396559596188084e+00
2.583208868255634449e+00
1.775256835281761703e+00
2.179068873263410921e+00
2.848366010755066124e+00
1.699114045690088615e+00
1.881689542598401266e+00
1.243857493386419932e+00
2.046264792391998100e+00
1.753806951304483608e+00
2.007308663107364222e+00
1.955107437781966162e+00
1.651352461912017233e+00
2.551493918755723289e+00
1.646632924781809670e+00
1.547133532485182705e+00
2.570180804047005108e+00
1.628538644528005230e+00
2.708312317014770265e+00
1.953623956152616747e+00
2.545925063558688528e+00
2.102184646493742814e+00
1.960984263894109070e+00
1.623819268854677533e+00
2.285622810524150061e+00
1.622930771651391657e+00
2.637282201408748250e+00
1.731058271967682582e+00
2.800534167677168451e+00
2.420064443673509924e+00
2.186432267406537733e+00
2.236460984738317670e+00
1.780402956416275551e+00
2.233524482310928150e+00
1.610975457327926907e+00
2.506911264317971622e+00
1.862234286800207972e+00
1.882687601154606316e+00
2.311843476552750243e+00
1.494903903594930750e+00
2.752238410811880254e+00
2.020896809900682101e+00
2.143901373324894166e+00
1.838196878229940490e+00
1.706464028985104964e+00
2.334335264906193697e+00
2.465179647922054684e+00
2.185733747656501968e+00
1.820754599602889323e+00
1.530999876601395915e+00
2.677310421410830976e+00
2.249871390277601968e+00
2.015267186588944881e+00
2.227051899020659143e+00
1.908022400298471588e+00
1.524933682901321808e+00
1.994497473703550128e+00
1.556868802769297400e+00
1.422754111386127729e+00
2.470145324769668527e+00
2.075904085572051194e+00
2.021819167553439378e+00
2.171923326562371415e+00
2.323080532047553604e+00
2.057560157796849865e+00
1.913790714017177486e+00
2.115201996512713567e+00
2.909990435415514831e+00
2.932697470043476251e+00
1.964355772979209824e+00
1.260591526998768197e+00
2.139078726225321248e+00
2.658204473000008505e+00
1.847358145331453816e+00
2.492157339292544016e+00
2.158208999297495545e+00
1.680888225464445052e+00
1.552318488620287873e+00
1.256219889169592374e+00
2.324111947592191640e+00
2.466151493925113236e+00
2.428547864004709123e+00
2.057107927105456646e+00
1.968698237670010620e+00
2.200996861400714266e+00
1.485026512393093467e+00
1.314364220103159564e+00
2.308539227093951762e+00
2.044375701212169272e+00
1.088197410175396174e+00
2.038402288505231752e+00
2.703421475095767690e+00
1.867545279866456021e+00
1.756866327765986391e+00
2.015569958849042109e+00
1.963461019688206299e+00
1.518324563677227790e+00
2.137772641018384157e+00
1.864115461987022826e+00
1.312272388748940477e+00
2.889174001560788518e+00
2.346164393547546467e+00
2.295775633551703443e+00
1.844532672732362322e+00
1.660065935917397262e+00
2.043207974993597631e+00
1.510780305678269819e+00
1.315778201513666090e+00
1.949701182802727306e+00
2.306101699827856066e+00
1.401566979800251245e+00
2.257318548544197334e+00
2.501115253017399009e+00
1.618929346465099339e+00
1.832977307234918474e+00
1.656111460353665743e+00
2.640053128932287940e+00
1.108780948994922522e+00
1.704620918152537357e+00
2.546054088109914293e+00
1.744422022740246048e+00
1.885513214984480435e+00
1.732221579126286715e+00
2.503189574681340623e+00
1.603930240691416875e+00
1.924380618857036929e+00
2.189663332668101425e+00
2.585006891153198705e+00
1.646485580546384053e+00
2.485858371853142401e+00
2.242039429693534203e+00
2.847499073251695378e+00
2.006685750958558945e+00
2.016705783323048173e+00
1.294161453893509339e+00
2.371777830278327226e+00
1.893057414599847998e+00
2.110535959024599784e+00
2.479134177882709178e+00
1.580392656396573781e+00
1.584376800812657970e+00
2.573026187586735958e+00
2.158239647797373983e+00
1.306795603839685516e+00
1.405014927733132524e+00
2.291980575993470381e+00
2.584619110186879176e+00
2.889893641656103185e+00
2.717691530274461087e+00
2.497542330731223892e+00
2.938899395016540517e+00
1.562342525467269816e+00
2.446537267613603461e+00
1.861307385722377639e+00
1.701820094531891092e+00
2.164029934878805239e+00
1.493112619887292603e+00
1.632518897760943277e+00
2.102315364177307799e+00
2.793788990088911905e+00
1.643161542793667440e+00
2.464103470359425785e+00
1.957923621902749378e+00
2.446387970177530846e+00
2.521239310965656344e+00
1.741390348039459912e+00
1.520308452261711185e+00
1.244597722782074589e+00
1.521431878435968166e+00
2.042267345887383456e+00
1.493939373482412236e+00
1.920899474434295318e+00
2.199615659846469118e+00
1.624339488744489968e+00
2.597510107356552744e+00
1.806650425687431838e+00
1.487493279843427940e+00
1.885670350252751870e+00
1.655983032878692640e+00
1.647524933080228182e+00
1.985010964153896884e+00
1.818285594721966714e+00
2.273537220867935638e+00
1.644205120552962640e+00
1.633049749287329266e+00
2.721525133804155949e+00
1.273321792856096923e+00
2.401738258397759562e+00
2.005550863328180888e+00
1.748007395487578997e+00
1.762683486137896161e+00
2.034815379963278659e+00
1.913113866697393028e+00
1.841562074109855951e+00
2.570428457155358615e+00
2.670264318723553743e+00
1.552880475652620440e+00
1.946433334291073791e+00
2.366234965904101983e+00
2.148452290439961665e+00
2.375008328437318905e+00
2.085557605380814916e+00
1.208590166931283960e+00
1.553494467125382972e+00
1.554044942280106811e+00
2.292043156996046882e+00
2.275776774860940765e+00
2.557585624711880445e+00
1.539544216553617062e+00
1.684307202683970051e+00
2.361483936503113945e+00
2.680710525728461135e+00
2.155505641300186959e+00
2.157164697809226706e+00
2.277514969891522245e+00
1.407121498409224181e+00
1.837813350798724432e+00
2.434713419552810620e+00
1.752334879541154411e+00
2.534488543618756751e+00
1.446905088643168691e+00
1.508186177823633844e+00
2.334059548479293866e+00
2.009190563322563960e+00
1.248570003386600069e+00
1.900067645031124908e+00
1.854433189540758420e+00
1.946874375660422318e+00
1.473268292637699206e+00
2.225824344792987297e+00
2.163009091862012401e+00
1.580880148926267159e+00
2.386475846660645495e+00
1.744322186076350700e+00
1.795619655947211069e+00
1.809139011912244577e+00
1.472639519857376511e+00
1.680343719419568949e+00
1.915486409195420237e+00
1.396069587247540600e+00
2.128218592150135535e+00
2.257488605033699081e+00
2.272502029561489501e+00
2.496598053250236315e+00
1.970090312704074087e+00
1.962108355296735551e+00
1.570021857113935715e+00
1.739107128242804778e+00
1.609583357680131055e+00
2.330023719687063011e+00
1.588640095703205191e+00
1.523503522722626791e+00
1.133398529064551186e+00
2.907482840568090143e+00
1.934891475024767882e+00
2.148765351481126018e+00
1.502114710220896709e+00
2.318506198652348083e+00
1.244044079188803664e+00
2.643101129252705128e+00
2.598383413352592264e+00
1.949850051584476773e+00
1.392667522546306991e+00
1.523466059145155871e+00
2.350540685564275201e+00
1.808152557453013287e+00
2.444857908559635362e+00
1.671134669501507020e+00
1.264210255267824490e+00
2.002544360491671949e+00
2.197213078371691442e+00
