2.543831621458899406e+00
2.138825270069776074e+00
2.735305762011418729e+00
2.415470546898774717e+00
1.263747523803666395e+00
1.829509122403617738e+00
1.364900878590171507e+00
2.339672623054792844e+00
2.481004942922396594e+00
2.127655939157798048e+00
1.167476503884858685e+00
2.488619928562029848e+00
2.029030322571616196e+00
1.528047982121889969e+00
1.876250587164663530e+00
1.761133323092156422e+00
1.287486753081933166e+00
1.907913060653212423e+00
2.114369611552020523e+00
2.374135771989626331e+00
2.257014460232299680e+00
1.754896891244915658e+00
2.451428006264195325e+00
2.304306652126165034e+00
1.672087154029207934e+00
2.499146808758828442e+00
1.706796000498271404e+00
2.348208098290015755e+00
2.303700607361666819e+00
2.091766623616387211e+00
1.610620499065430256e+00
2.323619653646264993e+00
1.382866558696527193e+00
2.051408206506757370e+00
1.845372699162820540e+00
2.503239261245422398e+00
1.857129578934559211e+00
1.916068572552823701e+00
1.722998625191823896e+00
2.775572377999535600e+00
1.968855226785910073e+00
1.903817039006550305e+00
2.290739408024508705e+00
1.572716515618571620e+00
1.836286045879169437e+00
1.948099596678714018e+00
1.825604681152256603e+00
1.983831760368754971e+00
1.898964375880577427e+00
1.856668044504186987e+00
2.221327602391994560e+00
2.690869400420101698e+00
2.374840038182079116e+00
2.336475127475606595e+00
2.211355973594959057e+00
1.592701404280117083e+00
2.210955710751108860e+00
1.926482503707521277e+00
2.532019797751312140e+00
2.530823696457105143e+00
1.981854368040788295e+00
1.986134147478904932e+00
1.459105291402967630e+00
1.969256972947901918e+00
2.582933691472113935e+00
2.694048179517659847e+00
2.176664941819747234e+00
1.471604429004149894e+00
1.517099087049962991e+00
2.618702694653280982e+00
1.983003148778304414e+00
2.579261625074415587e+00
2.434765055919827503e+00
1.573928690309312373e+00
2.041577597731645710e+00
1.811824795625840867e+00
1.421135436062894941e+00
1.600526917764853785e+00
2.630538603001419951e+00
1.837739584767940970e+00
1.458651589280574701e+00
2.492754163957559221e+00
2.751870710992093905e+00
1.741616687959388177e+00
1.573313531054378878e+00
1.650680511261160888e+00
1.540541395164492844e+00
1.780135027446709373e+00
2.068918450053462976e+00
2.559189506219039512e+00
1.231592211417567251e+00
2.203817536914048691e+00
1.795924407361756181e+00
1.772901883055117089e+00
2.425772467418076950e+00
2.181772664755578184e+00
2.332721589011144125e+00
2.036725937533974573e+00
1.395531633365967972e+00
2.006974788712140523e+00
2.229135354611780251e+00
2.178692175232763262e+00
2.266588286317360090e+00
2.694895574311919173e+00
1.675812301176184738e+00
2.064372646579572201e+00
1.786168935033544347e+00
2.003077300465661459e+00
2.161855233959343536e+00
2.544681502591389588e+00
2.394780580624299660e+00
1.958278209236303136e+00
2.241427280615528872e+00
2.299215380643919282e+00
1.800350343733116976e+00
2.042803849811912542e+00
2.329467429248873955e+00
1.496820950577589793e+00
1.738700907640419846e+00
1.233832844919548366e+00
2.160561420927929355e+00
1.273021213458687573e+00
1.857073015614107314e+00
1.732313999354172074e+00
1.888650126259112216e+00
1.251102135721097186e+00
1.641226821376192690e+00
1.356113638443988467e+00
2.342019638056845654e+00
1.996159102561057885e+00
1.375804676969465401e+00
1.733927451396138686e+00
2.033604530058069848e+00
1.758564980087324647e+00
1.600626857252835045e+00
2.045042661759358005e+00
1.632292536168279184e+00
2.091340427664938773e+00
2.037366708630946377e+00
2.642568047068766468e+00
1.883073484621150540e+00
2.063703210797310561e+00
2.164280307759964828e+00
1.879379965457632640e+00
2.405120233374324457e+00
2.301109641228396896e+00
1.660367150061653252e+00
1.380751672542812170e+00
2.476933400682773012e+00
2.530081810588105551e+00
2.608936030289114694e+00
1.897926804243205146e+00
1.623568987578564826e+00
1.796593730173132730e+00
1.936720718074590675e+00
1.125356471471931963e+00
2.557499645963614121e+00
2.107896778070015742e+00
2.575819384720827721e+00
2.461017335093772296e+00
1.891637413578197480e+00
1.440422341641318660e+00
2.730364999378039670e+00
2.469308757306321933e+00
1.316419829104887862e+00
1.643969262768195438e+00
1.289350888581822119e+00
1.486390753759817551e+00
2.254975725564447142e+00
2.136537994104124039e+00
2.429477119247776873e+00
1.812671074798671622e+00
2.040792160515017883e+00
1.784220578222998954e+00
2.426224628218873303e+00
2.710847253388439348e+00
1.175951090120727516e+00
1.635171781936611612e+00
1.732131160858134900e+00
2.684380042701356217e+00
1.769316553595756680e+00
1.260143081066522619e+00
2.168163944889057504e+00
1.750654661691464664e+00
2.651649840358176746e+00
1.988726755688369430e+00
2.176986499115110441e+00
2.223346808961566445e+00
2.056386023774824601e+00
1.157512493816777788e+00
1.842551710050190250e+00
1.276851151567203635e+00
2.707295510560863150e+00
1.751628053598543566e+00
2.596250164929720494e+00
1.385961772119703284e+00
2.378211351748034552e+00
2.525515810265624328e+00
2.003530844505481134e+00
1.402719136727478055e+00
2.001287937350159751e+00
2.273930632842409594e+00
2.186550545142700308e+00
1.481191698941512813e+00
1.872956488432264921e+00
2.295398619161332476e+00
1.524317401651720028e+00
2.430956258726186370e+00
2.581642854935992215e+00
1.374206841571416593e+00
2.610211388982118130e+00
2.211754225189585199e+00
2.016291945638346128e+00
1.984371772830324954e+00
2.190455745584702463e+00
2.153220260485504411e+00
1.831307967790484881e+00
2.683242217952200193e+00
2.739058995983150613e+00
2.036283616956041875e+00
2.378810560748537473e+00
2.079995894004892598e+00
2.155101730730507370e+00
1.922772753417600455e+00
2.451304482089508241e+00
2.576958525680099310e+00
1.518956069568987211e+00
2.328530417921612194e+00
2.328669969340305457e+00
1.231521284474605515e+00
1.586033563829826853e+00
2.453459173481104205e+00
1.843733511402246616e+00
1.804981446224903197e+00
1.988097927103128937e+00
2.285161304999791199e+00
2.173847028099444856e+00
1.906975187357548451e+00
2.023468083298136655e+00
1.656175777297247187e+00
2.396335270341364954e+00
1.969158514578644770e+00
1.460800497586279167e+00
2.345757796164098075e+00
1.932575161747120074e+00
2.761965212878564557e+00
2.163889173338548133e+00
2.077242717497082669e+00
2.488339244574190090e+00
1.326760960061865724e+00
1.837165741545607300e+00
1.393764089556642549e+00
1.607180269170236375e+00
2.024128461367094012e+00
2.163061982509597136e+00
2.570097672303090164e+00
1.887732249701442822e+00
2.602375370524470100e+00
1.907197057381524230e+00
1.892552326988830025e+00
2.664773179140704329e+00
2.275439350467504784e+00
1.497178805716163907e+00
2.660297133041893858e+00
1.725836476353500792e+00
1.909946525010362883e+00
2.000499633900330476e+00
1.670003126511036662e+00
1.937214107685242936e+00
1.545236282004754269e+00
1.624521961870698306e+00
1.986942818195145843e+00
1.373975878939704964e+00
2.452001339963261195e+00
1.921796291232187759e+00
1.800432028767938286e+00
2.007657803659119722e+00
1.594343259812323055e+00
1.649731190108452150e+00
1.656174537741321284e+00
2.147070758307260796e+00
2.135892800114143952e+00
1.800107359207952840e+00
2.291460971353211473e+00
2.780702509031697467e+00
2.690647697404582317e+00
1.923967979992502020e+00
1.741582589278097171e+00
1.660308018654675921e+00
1.935442518423221347e+00
1.904331898936906242e+00
2.205710469303187260e+00
2.313293931338437748e+00
2.797762211517738962e+00
2.373222582531840708e+00
2.205806784841833235e+00
2.083201363397845007e+00
1.881945729053831950e+00
2.200039411999135552e+00
2.081939078434084323e+00
1.623216407321138366e+00
1.797634736979653258e+00
2.206892399981220443e+00
1.788949128109631248e+00
1.689797368959724988e+00
2.462644085289739326e+00
2.001091936270600335e+00
1.958194552602643856e+00
2.442621430313628217e+00
1.732662272627610189e+00
2.146247327808897154e+00
1.715426755508467238e+00
1.962494167025770953e+00
1.811437187731814946e+00
1.973833450351402785e+00
2.147972158566979317e+00
1.316033609309355423e+00
1.895099376451231610e+00
1.263092456065235236e+00
2.390399401695193049e+00
1.743278126632504366e+00
2.335128850922785659e+00
1.646068733840484688e+00
1.939625769991337290e+00
2.456648945147039687e+00
1.915159739965848873e+00
1.903859241053690088e+00
2.124230433869814583e+00
1.557914284355944368e+00
2.716441553766580697e+00
2.698133481563437464e+00
2.487694645419408879e+00
1.174570087352106551e+00
1.604325654452433803e+00
1.395670438925380008e+00
2.016005829306722674e+00
1.976244123468328118e+00
2.046821743172886343e+00
2.377366848605264149e+00
2.238717429573118256e+00
1.567698552492700292e+00
1.713424237266285566e+00
1.187339249645021688e+00
1.711923077761329903e+00
1.475433272225212145e+00
2.299107650103466849e+00
1.316411034705508909e+00
2.450181608457118188e+00
2.562876759394148163e+00
2.221788753101291203e+00
2.254997373423367257e+00
1.428255680623575996e+00
2.137926116177750302e+00
1.476659180257766213e+00
2.699651374331224929e+00
1.918103244906614435e+00
2.296460985333728111e+00
1.792201333687796883e+00
2.603578625483907061e+00
2.328279115474287231e+00
1.582377470703822286e+00
1.337825625086211501e+00
2.354568997888722315e+00
1.240615432682079744e+00
1.495122544689410748e+00
1.805052769179051886e+00
2.283664705062828482e+00
1.651781838055905283e+00
2.469193031082365763e+00
1.725681862155806323e+00
1.804615481382854103e+00
1.722329589035512365e+00
2.091504238905773860e+00
1.795545509848341492e+00
2.259628119076036334e+00
1.668770177370804575e+00
2.795494904232093791e+00
2.472034597043593074e+00
1.595309092382419358e+00
2.502581722827680544e+00
1.892180634651703386e+00
1.504841288949511302e+00
2.033655927788535767e+00
1.914923275122639268e+00
2.290669204039613049e+00
2.172183612334261937e+00
2.164029215328655553e+00
2.413432162225559452e+00
1.782449424628222534e+00
2.138628203762067859e+00
2.007206965376808760e+00
2.738602313091033746e+00
2.924014905495882832e+00
2.116342567914635708e+00
1.642026023396026657e+00
2.182420392203928472e+00
2.088437293890998525e+00
2.338900378680332182e+00
2.675725367891199191e+00
2.057053974803408458e+00
1.672023517102620094e+00
2.420996781496293160e+00
1.651399402828597207e+00
2.475551135524332480e+00
2.645744942901590235e+00
1.301929628345154910e+00
1.375707518928885653e+00
2.003106175335463757e+00
1.760546695238681014e+00
1.901375831256712612e+00
2.300867798752548765e+00
2.007759892281300473e+00
2.039969643264079036e+00
1.415772282075763666e+00
2.627214807611980785e+00
1.728649677648899319e+00
2.029296679274939841e+00
2.241774817629118122e+00
2.098360056817841990e+00
1.423576930147296693e+00
2.283233158927707507e+00
2.166139922890103264e+00
1.792009897378635808e+00
2.347254212826820563e+00
2.017637953133886164e+00
2.285820254042561395e+00
2.677414452786633703e+00
2.421725844227585078e+00
2.322120296747442580e+00
2.397671844237511785e+00
1.730254369379263135e+00
2.304318664436444397e+00
1.819640796740951583e+00
2.262313833712211508e+00
2.021660165950705412e+00
1.904408238100987694e+00
2.002133093717850532e+00
2.338517990004862934e+00
2.109472106650545076e+00
2.014155228558215605e+00
1.522832148947415920e+00
1.483789069407100980e+00
1.680303766242311259e+00
2.693503101882259276e+00
2.329010202811256480e+00
1.947609665516048416e+00
1.650442356772499508e+00
2.057046120429643743e+00
1.311222603034781109e+00
1.259990357927821547e+00
2.103163633111607922e+00
2.686329097061973314e+00
2.771712785579972582e+00
1.681135418637344392e+00
1.392775783881699425e+00
2.015862723981274307e+00
1.523896016718460089e+00
1.680934284294518744e+00
1.618578714769235649e+00
2.321400565521542170e+00
1.838101763277893541e+00
1.617614206952250777e+00
2.204623280063489510e+00
2.507558591977933737e+00
1.318393270324860866e+00
1.051609679493476390e+00
2.196137746364735577e+00
1.752522004844148107e+00
1.966785910347603306e+00
1.764772798624183459e+00
1.682339491350119953e+00
1.393366494821982382e+00
1.202207523818833224e+00
2.067442367210336140e+00
2.438547260467621491e+00
2.327411104392367314e+00
1.335498179024538379e+00
2.449132947457919318e+00
2.345421646075455335e+00
2.514560531975445379e+00
1.714188745844247741e+00
2.443778311690995242e+00
2.789930605869366254e+00
1.936928873349320401e+00
2.321502170527367070e+00
2.025080982325292211e+00
2.506991198001577548e+00
1.408564612017053186e+00
2.104753032899490783e+00
1.875580605861442596e+00
2.548032211959088578e+00
1.651371242298042663e+00
1.822566960733468022e+00
1.892585370047233928e+00
2.176949224207418432e+00
2.182062153926759063e+00
2.289143770714030079e+00
2.179477724069360356e+00
1.747614222035434928e+00
2.154778577202905332e+00
1.569384245515517140e+00
2.196404907265581130e+00
1.285597435316966797e+00
2.156688104948895290e+00
1.958875639729879437e+00
1.632488141483509070e+00
2.676102943476213802e+00
2.339583286474883561e+00
2.344919720885806580e+00
2.388671138740373401e+00
2.287819816785029658e+00
1.824752662298260164e+00
2.273088264715450890e+00
2.553979007805388779e+00
2.442021443510065559e+00
2.292656724454128714e+00
1.904900687088173949e+00
2.577071271673045061e+00
1.343281882856885101e+00
2.158580999718911819e+00
1.412463667490269970e+00
1.218409642563381690e+00
2.244445150487085261e+00
2.170200728568235427e+00
1.829763402826314778e+00
2.263088890216367499e+00
1.967028208417988422e+00
2.093818266399205541e+00
2.010163030785979466e+00
2.037196997305928292e+00
1.661352176243128698e+00
2.314999557885868420e+00
2.577561487247799654e+00
1.562666805107753021e+00
2.210459367805294839e+00
2.087325891581964132e+00
1.427541430673810785e+00
1.717813780553610670e+00
1.945513207262087985e+00
1.824892306544375398e+00
2.564312664766296379e+00
1.445080574231308201e+00
2.058213647136515778e+00
1.521945306289994360e+00
2.612122470967258359e+00
1.761058208762285471e+00
1.774805084097975438e+00
1.800146100344795164e+00
1.579424026748895482e+00
2.643152141749816497e+00
2.704952326871808310e+00
2.102697776089907933e+00
1.947821109025168029e+00
2.298064385509693608e+00
2.329526300628308899e+00
2.323710936722904741e+00
1.560217898983731644e+00
1.586581300761245039e+00
2.447312703662334776e+00
2.590941817534305969e+00
2.024095888688941081e+00
1.834330280065358476e+00
1.972942922156138756e+00
1.980665221380448981e+00
2.474777444148977157e+00
1.844102482635934681e+00
2.347707565395175333e+00
