1.702380737197874305e+00
1.435638318931888424e+00
2.254813572035640590e+00
2.048284142075553316e+00
2.531853446074210368e+00
2.022152447957408228e+00
1.796841414349689359e+00
2.698876182048634220e+00
2.787257498083559160e+00
2.139970446858818320e+00
1.714460585974702411e+00
2.539062141703396946e+00
2.172595678276731945e+00
1.428093899309424986e+00
2.238366793598839610e+00
1.351384318002128992e+00
2.076901781797643842e+00
2.221728640791751808e+00
2.602836111070859104e+00
1.677138018484332083e+00
1.751655924856711621e+00
2.012255317973017377e+00
1.909676806487131673e+00
2.062355386496169007e+00
1.623069425918756137e+00
2.394081911271117136e+00
1.971221498376598547e+00
2.020399174471526837e+00
1.711790000357291452e+00
2.507018660860897974e+00
2.619200588176066713e+00
2.794456886427518327e+00
1.790894943459486299e+00
2.318881587015138912e+00
2.298418561127571369e+00
2.568897931730959705e+00
2.071437424221533874e+00
2.386061257884982467e+00
1.706279049334164188e+00
2.338293197542989255e+00
1.275500323842805539e+00
2.199654767001050892e+00
1.430965689186030287e+00
2.569284465453944399e+00
2.131553675853598229e+00
1.365568493662605354e+00
1.512983995896437506e+00
1.187496477554487839e+00
2.400131649219924057e+00
2.758340663852759889e+00
2.710197284043399435e+00
1.692566681142364970e+00
1.660651017727190482e+00
2.236923547318119709e+00
1.806724603722750011e+00
2.580344491396889595e+00
1.633547741111654350e+00
2.151709979175397525e+00
1.959146345408790957e+00
1.862565250676376793e+00
2.126703249336663770e+00
2.119346395631197311e+00
1.502024557175144270e+00
2.827010720576830671e+00
2.365228705276801513e+00
1.716839772139154618e+00
1.773710025328964601e+00
1.773085567806349960e+00
1.875858246881597413e+00
1.591156738182084140e+00
1.682222631239098654e+00
1.743734841944290626e+00
2.151912437016757718e+00
1.664027025334815058e+00
2.774057716496336035e+00
2.050716275018721557e+00
1.605894973303837237e+00
1.494284171219755653e+00
2.762228285553494089e+00
1.423116658950690949e+00
1.991433529959010018e+00
2.574960706218196282e+00
1.422862213436255407e+00
2.132232821849553872e+00
1.685652849841920098e+00
2.417520562610905088e+00
1.280757624204060807e+00
2.155501481603789848e+00
1.773064571169667758e+00
1.992173603484150401e+00
1.293816492765583970e+00
2.216450424521900331e+00
1.874816186913613736e+00
1.332221826740432880e+00
2.419264644757452398e+00
1.923000348502025947e+00
2.505572149567670159e+00
2.290897039339122365e+00
1.183175485421886775e+00
2.810184277912733286e+00
2.204474740454549497e+00
2.163591815630912407e+00
2.348438671173198600e+00
2.050222997396855096e+00
1.923352539794782601e+00
2.837575278792538569e+00
1.937245036554376743e+00
2.706878140324214144e+00
2.361747683822306154e+00
2.405367297284886519e+00
1.536648184848879328e+00
1.971338134125288910e+00
2.429561264242694918e+00
1.501337009935271194e+00
1.650270171594644175e+00
1.875025243682732157e+00
1.735932771842787936e+00
2.238412568838814565e+00
1.967263326808851964e+00
2.095140856734519108e+00
1.992092987946919136e+00
1.342133726222281220e+00
1.803084912955207342e+00
2.018401464493675412e+00
1.776297065278632070e+00
1.520894318735566575e+00
2.328549813945062219e+00
1.346823233240501017e+00
1.808200537175668643e+00
2.127037736717663385e+00
1.362300209893037906e+00
1.841015291644810370e+00
2.363938200894422081e+00
1.726106882151134059e+00
2.008269029749885082e+00
2.166217334465700972e+00
1.583118074293370148e+00
1.693709533739187867e+00
1.823405609314201037e+00
2.589645822526851493e+00
2.270233063752524760e+00
2.346393854039611426e+00
1.854185786976139561e+00
2.505762586607372278e+00
2.103617809641628700e+00
2.311111289092271370e+00
2.034787862081715915e+00
1.635746653806181561e+00
2.399076148746699388e+00
2.193178230216380253e+00
1.850079986893520712e+00
1.705365451610856287e+00
1.644527228430959109e+00
1.652181236235563455e+00
1.794757099312026094e+00
1.563043876865886306e+00
1.145460828136456000e+00
1.693808214583200300e+00
1.524223196083234200e+00
1.778951637400928210e+00
2.117503060500967926e+00
2.322616704454297576e+00
1.626778749243891653e+00
2.185552259812548748e+00
2.291097356889294723e+00
1.858477684905198490e+00
1.428050913761212737e+00
1.411174555253726481e+00
1.349272422943758265e+00
2.315185431038706110e+00
2.008640430705112667e+00
2.520081565162038295e+00
2.195491622245143493e+00
1.954096576270156094e+00
1.483381059713807737e+00
1.262049395866144508e+00
2.582984203240008991e+00
2.196461427593960458e+00
1.732990119887173108e+00
1.429368311002316760e+00
1.484565339406789031e+00
2.015349152126875598e+00
2.662732113718766058e+00
2.163391174799075944e+00
2.296310034890797880e+00
1.826401369117611306e+00
2.193786128076291142e+00
1.685958602071097712e+00
2.459251967230189351e+00
2.051238942694612710e+00
1.988249946594802253e+00
2.076431514057066163e+00
2.160383236130973827e+00
2.219848491027627269e+00
2.260357179919173731e+00
1.648401330916382967e+00
2.842723796178606044e+00
1.669426793922998975e+00
2.147112103025461405e+00
1.451796112251833248e+00
2.530112490807694847e+00
1.991967048248513450e+00
2.360195367813127110e+00
2.255336458334902261e+00
1.967902106395994721e+00
2.344130402076344488e+00
2.495991802487742106e+00
2.236881582661904844e+00
1.365594207616164013e+00
1.533320630785397487e+00
1.964492981205855582e+00
2.216943365158028811e+00
2.789909247895907995e+00
1.355795900498948825e+00
1.456361945268221270e+00
2.275116578019250824e+00
1.594892540216237053e+00
2.245895133115225484e+00
1.134793616789094850e+00
1.893338925204206324e+00
2.143625764521074117e+00
2.698410626015077085e+00
1.843892782324507262e+00
1.500145573118053743e+00
2.228576427327847220e+00
1.499958102978390162e+00
2.594649333125402357e+00
2.087526172096910049e+00
2.035011135542633909e+00
2.554546761565338997e+00
2.669627908065982602e+00
1.661431627061301430e+00
1.866718307055193371e+00
2.060030133844059641e+00
1.160945483736346429e+00
2.236128246900188188e+00
1.473188674865822723e+00
1.882108055919144540e+00
1.777132727020036107e+00
1.833981649957119986e+00
2.407083291606737951e+00
1.754912867722939751e+00
2.470775052426508189e+00
1.792353436287156487e+00
2.173289409988854892e+00
2.630658739715499905e+00
2.771926242836452392e+00
1.246819104339024431e+00
1.464940617254484989e+00
1.750100652386366473e+00
1.613674483564746520e+00
1.425584308232721309e+00
1.834833993217399151e+00
1.365450500780724052e+00
2.202923440731202831e+00
1.257129470978036512e+00
2.139986013309638224e+00
1.240517920896711646e+00
1.647903563670245708e+00
2.747830882347123804e+00
1.436654109313177052e+00
2.015082279437075741e+00
1.564390794194425283e+00
1.639444815319476723e+00
1.866132045092069980e+00
2.496256844455082557e+00
2.042878642310237858e+00
2.215314908800489757e+00
2.310443120010862827e+00
2.709305983500420734e+00
1.980777496159074058e+00
2.301621384567167361e+00
2.703530546475268359e+00
1.810439279684997960e+00
1.747029394273163394e+00
1.826926160831136681e+00
2.693128427620713694e+00
2.197346659746137743e+00
1.773260243622012844e+00
1.819690815404065187e+00
1.396178433266536789e+00
1.573824072438413602e+00
1.933595278880926749e+00
2.013290664834666011e+00
2.249595060440815253e+00
2.440385543214539599e+00
2.424080425860781318e+00
2.700173022581654259e+00
1.553911704270709349e+00
1.953205614728646733e+00
2.674152381656107025e+00
2.487440074438036053e+00
2.827792621389319194e+00
1.989963604314165080e+00
2.274890791308624483e+00
2.208049824220156054e+00
2.104580698642588565e+00
1.586529975976621154e+00
2.051508847116053857e+00
2.846728918172662048e+00
1.303310572207610818e+00
1.359891381356685081e+00
1.555245239251855427e+00
2.260481589665171764e+00
1.567457699643054925e+00
2.541694166185192394e+00
1.329042213068430289e+00
2.757073488625436219e+00
1.847853852173882094e+00
1.771172384404473110e+00
2.091540546115816745e+00
1.752433491109680386e+00
2.587396449353085437e+00
1.953017514030011448e+00
2.417604352339082219e+00
2.322849288437166315e+00
1.878102005990548662e+00
1.806698324988733173e+00
2.461585437978871749e+00
2.346703842692639874e+00
1.725895457849836001e+00
1.860417539081222760e+00
1.747981290263526333e+00
1.815257108630780492e+00
1.870053480156330661e+00
1.766369021256485095e+00
2.025896086549554997e+00
2.362949952023014610e+00
2.483276742568715445e+00
1.158504467869837518e+00
2.520579491784070925e+00
1.772055843642211581e+00
2.210921792686860066e+00
1.263344825885980738e+00
2.268283100974301636e+00
2.135364818795916442e+00
1.456127632502667968e+00
2.837269533111784092e+00
2.520379322525600596e+00
1.710029484855251081e+00
1.125735336107044127e+00
1.989362598970617402e+00
2.605545834764290802e+00
2.191494082552837508e+00
1.336148752797971406e+00
1.660641901916528163e+00
1.674376201853863266e+00
2.731413308514029303e+00
1.906516406486276294e+00
1.647489646556189458e+00
1.753300449811253436e+00
1.872105174077061118e+00
1.617131012086917119e+00
2.487491950393752482e+00
1.741740067117427238e+00
2.519495073909570948e+00
1.363902395979658566e+00
1.801885861547930734e+00
2.105307140733544635e+00
2.597533215760824632e+00
2.134518746306361514e+00
2.103823058952170921e+00
1.348979040689243236e+00
2.544698631441532299e+00
1.781452350521664840e+00
1.697676741466930928e+00
1.787068655987966714e+00
2.645880680223426484e+00
1.493441468152797214e+00
2.117513036556397665e+00
1.947178752501893984e+00
1.579884860011736780e+00
1.925301352219686901e+00
1.660672551782855777e+00
2.719084108087564289e+00
2.662891516051093088e+00
2.586013589036683769e+00
1.385887532929991783e+00
2.011374714361084948e+00
1.916448027345553529e+00
1.549048769869265429e+00
2.257956769245015316e+00
1.636593555650301290e+00
1.899583235882384091e+00
2.255540383983691832e+00
2.402523610498042750e+00
1.383811991443478107e+00
1.586406675120940690e+00
2.241589999636396158e+00
2.322532826513951765e+00
1.935362696388005510e+00
1.538502841449480574e+00
2.080927433555916917e+00
2.073648575165698560e+00
1.879075772425047308e+00
2.300929326809210362e+00
1.407215441391150845e+00
2.028552012858765075e+00
1.316120105265472739e+00
1.323136740857735028e+00
2.466653338918290306e+00
2.228904923107009939e+00
2.649523019864300721e+00
2.509465195400689019e+00
2.103528833464480829e+00
2.287099217219418890e+00
2.130008908501297427e+00
2.227372158122480794e+00
2.626580168571519103e+00
1.307869169941047183e+00
1.962829871156720696e+00
2.316910315403796439e+00
2.424698377417443318e+00
1.663971904392665069e+00
1.897642464864461198e+00
2.315660180266320367e+00
2.267194024552916076e+00
1.437072888040848762e+00
2.377943084435480969e+00
1.942815044774812705e+00
2.384533671071590977e+00
2.330165939659332608e+00
1.744916729641825981e+00
2.541170979253342121e+00
2.343595877308698672e+00
2.249626867404487918e+00
2.114681412996212373e+00
2.367223851330410689e+00
1.544230727238502965e+00
1.897984222266358323e+00
2.388014961999872732e+00
2.196984955696456687e+00
2.449816046765343813e+00
1.701517856919490423e+00
2.402958765444585865e+00
2.266393373631948371e+00
2.041951110100227673e+00
2.255777959012009060e+00
2.373567901520787338e+00
1.601395349335514640e+00
2.648149115720097146e+00
2.572383351580000976e+00
2.789164142899482002e+00
1.607263881442058118e+00
1.383058326639195368e+00
2.290658464881364154e+00
1.499929161079726070e+00
2.070105864234947468e+00
2.196566903427599193e+00
2.083291527096539753e+00
2.096008162679799725e+00
2.053662030002173289e+00
2.390286361932578707e+00
1.544306041115446337e+00
2.008531187919319727e+00
2.359832843398263602e+00
2.068740536035334365e+00
1.621939266870955132e+00
1.895494692088531163e+00
2.112346553493255286e+00
2.324825038637330366e+00
2.095987469478526766e+00
1.885317895869985438e+00
2.306608072276388199e+00
1.785321038471394228e+00
1.983532767892832283e+00
2.420598142403679987e+00
2.511427453443708657e+00
1.740751772748722059e+00
2.271390352825418901e+00
2.104531861811318905e+00
2.008125756666157891e+00
1.398206361796326958e+00
2.142739025454305057e+00
1.921560518044854060e+00
2.305847370334753954e+00
2.060189094514183861e+00
1.771774507970996115e+00
1.878938673932662784e+00
2.154861663425964302e+00
2.322364780626188896e+00
1.666788800802120107e+00
2.561141246536066340e+00
2.485207016827430504e+00
2.334382321732666465e+00
2.875698582940698245e+00
1.941387050450068319e+00
2.319819465238625256e+00
2.600486600501710654e+00
1.898978086837459722e+00
2.292268159275065997e+00
1.908663640938682349e+00
1.602593969343002467e+00
2.168145673822484021e+00
2.430182369815259591e+00
2.055319381282640023e+00
2.577755518585846062e+00
2.179531814915853793e+00
2.239401947342078536e+00
1.991895495816802031e+00
2.081355043513480219e+00
1.887689321965142941e+00
2.356248608433891611e+00
1.278172452850825369e+00
1.988930666738231601e+00
2.535877604642043259e+00
2.373669975541038202e+00
1.666671361042268540e+00
1.924542136600340347e+00
1.431705320055360886e+00
2.155292915201938442e+00
2.050616773415011362e+00
1.803988635690502385e+00
1.352390316906225465e+00
1.855201728318919940e+00
1.263689193865614069e+00
2.236506666654988873e+00
2.468680868257223437e+00
1.366962340244255225e+00
2.128321590245146666e+00
2.631925812426680444e+00
1.727886049323400064e+00
1.549183759332191546e+00
2.088594207510977796e+00
2.095516900655209458e+00
2.296258894099699965e+00
1.338250501770021028e+00
2.266570246790877263e+00
1.257980607742838597e+00
1.738371051661586009e+00
2.668985809171029899e+00
1.243216340868765313e+00
1.716946102195484603e+00
1.284497615036664042e+00
2.232651478810525170e+00
2.512378800628995101e+00
1.643350834970689567e+00
2.420254314091724090e+00
2.004681038102462232e+00
1.463042935226246399e+00
2.110298418207326776e+00
2.440556036241263271e+00
1.858373742231591574e+00
1.603346435830289129e+00
1.818070968894789363e+00
2.193048410542389526e+00
2.605009010373905642e+00
1.787290477638567410e+00
1.716261811370378476e+00
2.732682495176750770e+00
2.107036983432578836e+00
1.559787201879892393e+00
2.218300411122144489e+00
2.354876879603182260e+00
2.020323970787052836e+00
2.155929648543592592e+00
2.004419710478237526e+00
1.997115284300758242e+00
1.427783544047978470e+00
1.490165763847693725e+00
2.234945480588602429e+00
2.470141599643511210e+00
2.939516415548167672e+00
2.635614866261406952e+00
2.443744383707992185e+00
1.401400753659391762e+00
2.653210484024453919e+00
