1.492149497392334601e+00
1.394844796564286282e+00
2.188438112136832814e+00
1.724896992487691350e+00
2.319595897322368927e+00
1.485166521344736257e+00
2.340661855706952288e+00
1.766879091500950016e+00
1.701340225918141158e+00
1.910264153967044631e+00
2.186707363720576058e+00
2.367587973999189188e+00
1.644246387138032173e+00
1.844653429556075031e+00
2.719071672051610822e+00
2.354571464043839768e+00
2.377657872978038434e+00
1.966826951186856798e+00
1.732346055705630050e+00
2.010745058702153365e+00
2.289680607813189717e+00
1.759667803443847323e+00
2.245564382475116361e+00
2.097889631822106082e+00
2.497570992598973305e+00
2.548355772150225462e+00
2.449629928673187962e+00
1.906799080457665552e+00
2.218739624852006820e+00
1.778485884959645880e+00
1.383041156655754333e+00
1.202896364428277076e+00
1.628764541869523352e+00
1.900382975930389851e+00
2.018317554629743604e+00
2.166812419885145502e+00
1.902324579357553613e+00
2.537254945940699002e+00
1.965369035712285051e+00
1.801620143040674638e+00
2.253051322575282622e+00
1.476515465815942729e+00
1.838110097631163953e+00
1.483374167101968677e+00
2.009990361889791188e+00
1.858204406973152700e+00
1.871579200003790078e+00
2.176433543716443708e+00
2.040878146573026797e+00
2.041383093409018912e+00
1.334937067125037125e+00
1.118881126046105123e+00
2.148337208849444568e+00
2.275905918092106184e+00
2.929205922932917261e+00
2.092761704820282009e+00
1.373535354072980663e+00
1.894197296327476465e+00
1.534312584818916747e+00
1.797042307377640924e+00
1.763943389382144566e+00
2.572438625310666360e+00
2.152547532682293152e+00
1.481694668891054611e+00
1.945052752928565498e+00
1.485301968358622382e+00
1.605802135689204491e+00
2.224578290365498923e+00
2.466328431150209610e+00
1.721118781865172753e+00
2.243399482944278489e+00
2.698414211372778482e+00
2.682406231849066902e+00
2.618413547572159938e+00
2.156162480890014166e+00
1.754632860245492143e+00
1.939452594793641182e+00
2.074871506621857264e+00
1.468416498262273162e+00
1.858221226408523830e+00
1.973847305470672220e+00
1.792665708328472496e+00
1.807185177947661758e+00
2.186289742520212798e+00
2.088437693107637827e+00
2.199434930952826051e+00
2.433298957384244510e+00
2.592361618995371764e+00
1.963086033982237577e+00
2.410172373692379466e+00
2.032342701759541903e+00
1.045631952855261559e+00
2.436774654974144916e+00
2.433342951298165246e+00
1.947006983233175781e+00
2.061246767386429646e+00
2.473534391668382959e+00
1.782802176903554692e+00
1.842677378698111879e+00
1.462485345548752091e+00
2.304296825277486249e+00
1.355338868288548326e+00
2.281032095064985832e+00
2.284818361924518815e+00
1.305587113132998800e+00
1.443779389550365222e+00
2.112884609999682528e+00
2.319236414620230669e+00
2.437288635040844476e+00
1.784909147213151970e+00
2.022804634278045910e+00
2.291292098757905737e+00
2.227036863138235567e+00
2.680049510813890201e+00
1.379950158295263130e+00
1.667995669538886006e+00
2.032995539903978077e+00
2.363816145182210615e+00
1.408586290317852541e+00
1.536651575997808550e+00
1.606595239379510875e+00
1.613936776012619756e+00
1.544581651910391873e+00
1.762717431212382335e+00
1.239926900463279136e+00
1.616492291913936397e+00
1.821157676396920611e+00
2.822205946720513836e+00
2.319175558617892374e+00
1.623203400063766288e+00
1.445743357792260708e+00
2.063127762850412772e+00
2.488437492396400330e+00
1.814986413552886368e+00
2.361356303012740465e+00
1.338811848921309888e+00
1.691045058460863837e+00
1.180819566970076950e+00
1.864112672614570254e+00
2.362855022638142621e+00
2.887191574398274341e+00
2.712517458183754115e+00
1.781048868904642646e+00
1.663840748537361414e+00
1.523088588295927526e+00
1.431066224325647784e+00
1.938122941954526279e+00
1.529167693817769846e+00
1.600679354808690835e+00
1.898296413107208425e+00
2.018393229049793014e+00
1.215485018589412824e+00
1.485769889875853123e+00
2.507647628957864860e+00
1.763899254409656114e+00
2.466421506507949779e+00
2.051186589597134624e+00
2.794635796052687304e+00
2.364589798111928154e+00
2.172306674318537745e+00
2.412315063703751150e+00
1.857804851376858579e+00
2.063174402748392922e+00
2.015672177362037853e+00
1.527882924850159752e+00
2.131908761488550130e+00
2.233284419640282792e+00
2.425357615555089552e+00
1.776273777324260283e+00
1.759062387797845517e+00
1.105746696736791934e+00
1.770628608666355852e+00
1.693719985394368743e+00
2.490073489405800089e+00
1.626231702516716560e+00
2.574935850528982773e+00
1.444658435209978720e+00
2.376436844782391589e+00
1.891859023091505332e+00
1.771717517285532395e+00
1.895442543440773564e+00
2.630634369216392709e+00
1.541517328284384369e+00
1.587871037063119939e+00
1.714218751142716712e+00
2.087748172201097319e+00
1.728715133410229310e+00
1.958307482662711596e+00
1.564114500612091341e+00
2.403763739045923220e+00
1.973730171641367992e+00
2.136116787845629084e+00
2.514453563050189189e+00
1.404155371689449483e+00
2.003972455744047920e+00
1.642952922448440045e+00
2.737871327965806678e+00
1.626414757438416014e+00
2.633135931085806902e+00
1.862524327949100389e+00
1.558533941060143757e+00
1.749876137442304858e+00
2.913396395347588985e+00
1.854394416057792982e+00
1.750818533371464536e+00
1.523947192414254026e+00
1.844741567300890672e+00
1.728534302559663782e+00
1.753142248913948542e+00
2.113428268062240267e+00
2.070026641538807333e+00
2.111107606135384174e+00
2.193531022784990014e+00
1.932412971015124548e+00
2.646744354736373595e+00
2.450518936645623924e+00
2.279126700363244495e+00
1.838492061362837049e+00
2.116576531622213153e+00
1.621237871811906039e+00
1.802899360600606293e+00
2.190545225019037368e+00
1.904369005269591186e+00
2.422909484746843312e+00
1.414348024386858915e+00
1.394980611801142523e+00
2.043519969495909194e+00
2.309545883565101043e+00
2.458091113918526638e+00
2.242817601752340462e+00
1.917377451488736284e+00
1.718360169970550633e+00
1.523097932915433272e+00
2.018470383556580927e+00
2.644069768673173115e+00
2.057042569477093963e+00
1.103620572083496620e+00
2.676115021761181989e+00
2.572965027928648674e+00
1.822622168006658327e+00
2.123110679152360625e+00
1.162945515041561073e+00
1.677382861680186465e+00
1.756765388333064948e+00
2.285310772830751791e+00
1.934934779206484601e+00
2.082015900401676500e+00
1.280119599673909647e+00
1.231887855041095214e+00
2.463157616515673887e+00
1.320396649749027151e+00
2.654139139877876197e+00
1.539469670170396487e+00
1.542659991211097203e+00
2.127473147366685247e+00
1.869796854857570967e+00
2.131556979720902412e+00
2.445484180896443149e+00
1.904517814257117525e+00
1.507442520890980076e+00
1.702610618037905255e+00
2.507605314097655302e+00
1.209577931743316848e+00
1.580227046699603344e+00
1.847776602454543671e+00
1.759467016152097552e+00
1.914417829507693902e+00
2.299080694447188655e+00
2.170110848341765930e+00
1.486875696560153504e+00
1.311605413609151949e+00
1.727162656199877855e+00
1.774797779294295275e+00
1.535062138555104205e+00
1.889813976427209496e+00
1.684440165652909993e+00
2.084629603267240672e+00
2.704511245130426289e+00
2.187284270623915283e+00
1.484087433909103915e+00
2.174656813505587927e+00
1.460926885394979280e+00
1.814137976587062884e+00
2.066735892204993430e+00
1.560864887099004283e+00
1.527710967537024622e+00
2.104560604694868609e+00
2.255706682364903681e+00
2.191490267758606336e+00
1.802240317491933030e+00
2.645269605659204437e+00
1.451124413444991212e+00
1.910083363837049131e+00
1.352616401853341088e+00
2.014119142590809819e+00
1.767286886107255928e+00
1.615323540323412743e+00
1.675833216515912216e+00
1.947445019554756129e+00
2.121450487388222506e+00
2.230058930426076724e+00
2.485828736749902568e+00
2.172664059398777603e+00
2.325694803710508296e+00
2.036538985524386725e+00
2.147879599098022840e+00
2.567411699819826865e+00
1.690260839290787409e+00
2.226748433369160285e+00
1.368670528801834374e+00
2.434913864537305628e+00
2.495761763530162103e+00
1.842393632933432279e+00
1.661371507435764228e+00
2.804563203100277846e+00
1.675515987022986097e+00
1.908922251115868107e+00
1.822650997164205311e+00
2.116522861058361293e+00
1.529620004262929545e+00
2.590915194131027111e+00
1.499079791686696916e+00
2.100548896110320918e+00
2.038317952975343239e+00
2.491427553448939403e+00
1.799709027376219961e+00
2.191456498967697897e+00
1.989603723594402407e+00
1.384258822424731417e+00
1.863076053756500094e+00
1.786937603923907769e+00
1.810573463058094079e+00
2.436364318290157094e+00
1.636421550769198152e+00
1.459327202558252212e+00
1.809168638809680374e+00
1.843741602264834967e+00
2.482051025097418595e+00
2.372846042661071131e+00
2.131950443568369380e+00
2.286473979906314291e+00
1.824417812050608934e+00
1.947944020711811275e+00
2.111972970337569588e+00
1.772662724070273477e+00
2.671146488608343361e+00
2.093745723705830564e+00
1.464600748787775020e+00
2.185025724732482466e+00
1.608194337263706419e+00
2.442164822167037563e+00
2.394807705364401684e+00
2.280440328312518528e+00
2.508003898464440162e+00
2.098464975314765280e+00
1.889547130126864039e+00
2.002432173284886208e+00
1.910370535631201072e+00
2.068090543224036182e+00
1.315596892901052861e+00
1.418582702804083828e+00
2.258829268274783697e+00
1.900482351469693576e+00
1.849755065146943434e+00
1.940561121058179017e+00
2.777060652539311558e+00
2.370823814814201569e+00
2.619502155863442372e+00
2.037300488294380596e+00
2.044770282864564415e+00
2.291345669527504292e+00
1.686708192163544284e+00
2.433295729817077202e+00
2.007734742950242346e+00
1.983053691017633735e+00
2.366753310983277014e+00
2.235243154656928688e+00
2.163743339939756538e+00
2.100243497276146343e+00
1.915442027352895149e+00
2.280172127451411512e+00
1.856482471360290099e+00
2.787350104825672581e+00
1.505785252742415370e+00
1.677539239147440409e+00
1.515340256152368781e+00
1.701961514584684476e+00
1.665317870441098025e+00
1.751938663144377628e+00
1.702442045081169919e+00
2.010273068240686634e+00
1.604792874848713691e+00
2.818380474104053235e+00
2.103585006771321542e+00
2.281422682498412069e+00
2.388777886939698725e+00
1.842848475830671795e+00
1.537634267264611054e+00
2.124351835700401203e+00
1.851645519450037192e+00
1.845208105470394599e+00
2.209905068863474931e+00
2.643890801399917834e+00
1.990153808453932749e+00
2.687853964850200228e+00
1.962368322161428758e+00
1.508991218947646429e+00
1.714404798717327649e+00
2.280495386253863721e+00
2.317536589761746146e+00
1.912218851540294917e+00
2.032085816135185130e+00
2.127723630873897598e+00
2.290539257130205897e+00
2.250089473410651131e+00
2.495763995030933824e+00
2.609493487459200622e+00
2.342794944277449609e+00
1.571703140245628738e+00
1.715773100259929906e+00
1.997526364414023536e+00
2.295013631178718150e+00
1.270126368456021337e+00
1.453683234685266168e+00
1.572926637996310273e+00
2.094225138060460623e+00
1.911087746925867803e+00
1.794707109789331012e+00
2.783376979734507373e+00
2.510153710026002294e+00
2.766993882978177943e+00
2.611778041685976604e+00
2.158588576862531028e+00
1.645496356415815598e+00
1.593667176095016291e+00
2.058565907041339571e+00
1.929982963002762286e+00
2.413466915811090630e+00
2.461869660646360369e+00
2.147354963464922939e+00
2.642289624241035639e+00
2.062931911832970755e+00
2.262077704352281948e+00
2.226861811466336327e+00
2.222021256743826001e+00
2.855526450594202181e+00
2.587839788754588977e+00
1.697053507566554931e+00
1.527875970538628447e+00
1.781996235008056040e+00
2.069099335600246725e+00
2.431204102659061839e+00
2.478540097965836075e+00
2.520586506527534354e+00
2.770529502287909729e+00
1.749578577123084511e+00
2.573996404624630863e+00
1.960783032014708605e+00
2.056118957659490043e+00
2.084979726570366232e+00
2.422974201675455852e+00
2.314401891975234271e+00
2.216369813948084744e+00
1.912641927602167558e+00
2.003957659640441591e+00
1.337259193963903581e+00
1.774744673394968775e+00
2.574918916913031097e+00
2.224743176871695205e+00
1.499364382576965360e+00
2.686880213176024768e+00
1.969180191627319942e+00
1.950204252668365834e+00
2.080223661463653784e+00
2.155710783252022367e+00
2.055716345632248920e+00
2.115541042199600597e+00
2.756117691782835166e+00
1.908526962171612995e+00
1.518077633664598691e+00
1.857424465401619429e+00
1.454564388933544228e+00
1.533836371367986562e+00
1.300092456109511740e+00
2.397825489966802337e+00
1.740484587912392245e+00
2.382527747679606289e+00
2.353421566375414109e+00
2.026818671035684361e+00
2.428869815119366837e+00
2.004416000471773263e+00
2.621841776771445254e+00
2.644107626442353087e+00
2.182394543110732776e+00
2.948355039495011987e+00
2.614742222509240932e+00
2.089662205744563295e+00
2.446614912450765900e+00
2.459853143830591726e+00
1.716155637366703068e+00
1.993767458797529590e+00
1.895541575305796256e+00
1.870467333379444597e+00
2.078277118944945379e+00
2.248975575883806144e+00
2.463879723668846555e+00
2.399870562565697973e+00
2.064845461891064105e+00
2.058887844723560789e+00
2.283967720066656160e+00
2.766976800451149909e+00
1.949892263815435900e+00
2.203546953736597036e+00
2.683798637570180556e+00
2.028811087237642585e+00
2.022206834226538685e+00
1.948433722961105286e+00
2.531358685664893304e+00
1.540709617498672523e+00
2.532766533975151724e+00
2.128211693727847909e+00
1.678155063114501466e+00
2.769536057129063700e+00
2.748126766507900776e+00
1.700672606638845341e+00
1.794475047863223649e+00
2.644360105434982344e+00
2.003452712131327917e+00
2.387280584412841300e+00
1.976442017620814617e+00
2.288400121547979005e+00
2.637898410765435742e+00
2.609718136125955379e+00
2.291086476463070731e+00
2.722736101316278301e+00
2.124504731744638164e+00
2.024364241938851450e+00
1.622032110683103046e+00
2.440252940062013209e+00
2.216938806983121957e+00
2.272277657798665196e+00
1.796628277259979090e+00
2.044789230724000983e+00
1.868976849564213616e+00
2.036647855742053537e+00
1.735226950243051736e+00
2.347089250270963934e+00
2.455244508043822105e+00
1.637066708745878341e+00
2.100766242606840528e+00
1.287582191245103314e+00
2.336727782684378418e+00
2.311072188876632794e+00
1.724895140794980408e+00
1.919396032322964185e+00
2.285276118735255046e+00
1.971697907249214676e+00
1.238871153553587900e+00
2.511872632699808872e+00
2.373819719685433594e+00
2.306404013217970395e+00
1.822159313727448993e+00
2.740274167262833682e+00
2.254422557938037031e+00
1.723557787310878497e+00
2.290559631338036972e+00
1.656096609392328611e+00
