2.454612323061973189e+00
2.590266317462912138e+00
1.878426444972517206e+00
1.957768279456931992e+00
2.433192924085465059e+00
1.990795801811996446e+00
1.261033534903313713e+00
1.499973442175152716e+00
1.931393342928874546e+00
1.606665997892209541e+00
1.730993713698454117e+00
2.059740678809292014e+00
2.069158509355236930e+00
2.265669957650191080e+00
1.297831317613689972e+00
2.080844896294794744e+00
1.943405346508385811e+00
1.225980054343444481e+00
2.350617323590671326e+00
1.916703955486017463e+00
2.255942198286747580e+00
2.324729399426645582e+00
1.622825566074026504e+00
2.047426609904521744e+00
2.081887257640818056e+00
2.548554168692758637e+00
1.753295245298022609e+00
2.264996924811632617e+00
2.429406393101975148e+00
1.639592944636757421e+00
1.960198582831986336e+00
1.443036701224375662e+00
1.544445204059454291e+00
1.379365038487960993e+00
1.652359161603523585e+00
2.147592176132510300e+00
1.848627565103702963e+00
2.870966883893562471e+00
2.188843205924639435e+00
2.666960216918532467e+00
2.181668434045091587e+00
1.967541466919678683e+00
1.703751060983431209e+00
1.927413420409456402e+00
1.894015628990547651e+00
2.036532288245023636e+00
1.863517271465320313e+00
2.098857698708969988e+00
1.935592941099218534e+00
2.446588947168970130e+00
2.420510015364900624e+00
1.401658597752493129e+00
2.635044863378651847e+00
2.018739093608864721e+00
2.409533544323879006e+00
2.048871068482917224e+00
1.593260728219541456e+00
1.797687583423840829e+00
2.321191893473559809e+00
2.618463938977891647e+00
2.688520494700529007e+00
2.249385189001006591e+00
2.272118417572890792e+00
2.542194095224171058e+00
2.703731228986052670e+00
2.004211355677425033e+00
1.445499623955252222e+00
2.273005296917689932e+00
1.566084833893016892e+00
2.127536225539270021e+00
2.602067270759591988e+00
1.794246476228188225e+00
1.522506386664569167e+00
1.970725414568623712e+00
1.887976826528280139e+00
2.739476310339198584e+00
1.658246504676076594e+00
1.858893010603235751e+00
1.867107363852014146e+00
2.230121351395787599e+00
1.485210660466232291e+00
1.736044218564778419e+00
1.535197504406133451e+00
2.233092366723634647e+00
2.085498251306242778e+00
2.197010294621565052e+00
1.684524494357945823e+00
1.335096136232661879e+00
1.505836214431691911e+00
1.527612937583984865e+00
1.482010597378800032e+00
1.747149825697174919e+00
2.360223702523104095e+00
1.767436433829061793e+00
1.609404851150859406e+00
2.817847974612129658e+00
1.651901709140631835e+00
1.547425621268144313e+00
2.456559105833920675e+00
2.165807655720866087e+00
2.439385174029858661e+00
1.984879939929286685e+00
2.711302894181928824e+00
1.455294586527571266e+00
2.399998712250132726e+00
2.332858600798406901e+00
1.846228889856321720e+00
1.227436922134983899e+00
2.279840095954417833e+00
2.018014207616609212e+00
2.281820694725174015e+00
2.060421418755360889e+00
1.765955654796621310e+00
1.467110685062417597e+00
1.481706626054349218e+00
2.329994604859370710e+00
2.661595533710231720e+00
2.055619550602044932e+00
2.233208128148988614e+00
2.397426945183338098e+00
1.956464725868300558e+00
1.502273934677212264e+00
2.213180441899037731e+00
1.953679984576947692e+00
2.225641089336845013e+00
2.346494317126270879e+00
1.623402097190929094e+00
2.016659807267712434e+00
2.203823401077760646e+00
2.256901010109642947e+00
1.326851225258450562e+00
1.284653961388751542e+00
2.682615042186146326e+00
1.587534975320477937e+00
2.418561672381049465e+00
2.189666000500490206e+00
2.279308904444726558e+00
2.045460357314251798e+00
1.707773396873919713e+00
1.775595374093916767e+00
2.163069364535145311e+00
2.399381718587193291e+00
1.676835312122259447e+00
1.851413791518509155e+00
1.196237027691943844e+00
2.019306897860663863e+00
2.836195132726881507e+00
1.942812455260388260e+00
2.455909639729228822e+00
1.293073774983360957e+00
1.919242350951064324e+00
1.429531879624946322e+00
1.919298028942250323e+00
1.854564062477890074e+00
2.108455478532632377e+00
1.877612625499253340e+00
1.841389771950122434e+00
2.264230793672605380e+00
1.678827825575584853e+00
2.475053143341044315e+00
1.746343227768505590e+00
2.354210312131246319e+00
1.755082079466952827e+00
2.013581776083042563e+00
2.376025689207016178e+00
2.076871012066523470e+00
1.352302841400555566e+00
2.508313525904214192e+00
2.251082493392026151e+00
2.279970676988334333e+00
1.808525235388197760e+00
1.498617142100814981e+00
1.139549883942800879e+00
2.034970546475358688e+00
1.432846541825480102e+00
2.775537116854795094e+00
1.816374424700196055e+00
1.941768814424682965e+00
1.729559816614230083e+00
1.331571156042766102e+00
1.717567007808209034e+00
2.592693676019824256e+00
2.269911912451609837e+00
2.339221227008953186e+00
2.613865119229706213e+00
2.363342426791266160e+00
2.581329620886861242e+00
2.542165207162164542e+00
2.407460723811404968e+00
2.376851745453601339e+00
2.314555239267132691e+00
2.063259530432746125e+00
1.253357033852161351e+00
2.036695883227982673e+00
1.898816813423137351e+00
2.004342528099071874e+00
1.713725529960434368e+00
2.380135870405653886e+00
1.996740189984885783e+00
1.459738047710261721e+00
2.547317252137664134e+00
2.137884139858405863e+00
1.964480709234507128e+00
2.348620439321139841e+00
2.443057390792497063e+00
2.027660754402666132e+00
2.163220691160620213e+00
2.020132640310799754e+00
2.033772792137271690e+00
2.318379927506453608e+00
2.391838212658829121e+00
2.533970193184843733e+00
1.578638376980871394e+00
2.250389883057347440e+00
1.665252740856030256e+00
1.918668135944434194e+00
1.868696646625481961e+00
1.621344884163515410e+00
2.687108083360310040e+00
2.047213289004044423e+00
2.420196272363218437e+00
1.537274062785769280e+00
2.641895440565268149e+00
2.439048982328415160e+00
1.830618955034784889e+00
1.104023089949156322e+00
1.770710979903833415e+00
1.655092747375018103e+00
2.060143672934808379e+00
1.887452107826114833e+00
2.547669133306965872e+00
1.370046844757231153e+00
1.848516843984087110e+00
1.840276434052198651e+00
1.245613714839610919e+00
1.594951552593165900e+00
2.060802409778100142e+00
1.786997615468980616e+00
1.965477862995005598e+00
1.725366454471077171e+00
1.929326588688161426e+00
2.313483658996185799e+00
2.148720901457376264e+00
1.618375322066070598e+00
2.474793306823859229e+00
2.373791735284979332e+00
1.795315955710099054e+00
2.740099577281349674e+00
1.848382740708131244e+00
1.995920594597007547e+00
2.617078564296535959e+00
1.288103055526565122e+00
2.428571829659592396e+00
2.593160384912921224e+00
2.029764358334678942e+00
2.165584606473038853e+00
2.345616651623168014e+00
1.474356167146015473e+00
1.788769773486058590e+00
1.761714868788715638e+00
1.629110627146037604e+00
1.436743585260971567e+00
1.828931865321163919e+00
1.415922340520140876e+00
2.020449628735539793e+00
1.951693460640015143e+00
2.306356162802853937e+00
2.579496178055713518e+00
1.858101853548196791e+00
2.700736740096501887e+00
2.149864155335992955e+00
2.502658922482345005e+00
1.614397089115834349e+00
1.333285048744429879e+00
1.132021321217643317e+00
2.388972436169521707e+00
1.850674095243193040e+00
2.048908269846074326e+00
2.508959817463847219e+00
2.559954432676508240e+00
1.579944089731299961e+00
2.611901590199686041e+00
2.127844518486203818e+00
2.373343410160721589e+00
2.250069092693926631e+00
2.758133050675914966e+00
2.245243694373123766e+00
1.485436911848817321e+00
1.819565297476530397e+00
1.477505762209044615e+00
1.587191058912271746e+00
1.250294738236470415e+00
2.500093825361736855e+00
1.298540404397723114e+00
1.440468466307532669e+00
1.835613506835897635e+00
2.446743157753130227e+00
1.360004728292233178e+00
2.004402440571454225e+00
1.834647281536754715e+00
1.382786269030474191e+00
1.573285232710557757e+00
2.215065156007756997e+00
2.286647741287618274e+00
1.770420508387130720e+00
2.407101733144228817e+00
1.698557245268259575e+00
2.854201992014133715e+00
1.920227016468577741e+00
2.001237455846041513e+00
1.380393578910444230e+00
2.565668096184898772e+00
1.778618041289907303e+00
1.832668478825213443e+00
2.076483359148548757e+00
1.248476747889576410e+00
2.708065345312163696e+00
1.926575895241970926e+00
1.910898000529142937e+00
1.116393160571623300e+00
1.674916992602694332e+00
2.102675193865040981e+00
2.270179646391949468e+00
1.440624395297554150e+00
2.106808085742764458e+00
1.179065886312445244e+00
1.726937339620855383e+00
2.483896656999450947e+00
2.441756344837930026e+00
1.550768332608095434e+00
1.581251397515604395e+00
1.454918669574443157e+00
2.017022659480502966e+00
1.530445558993372979e+00
1.647388115083918247e+00
1.709055740608818930e+00
1.715617232654808033e+00
2.003857971706935803e+00
1.283137278968262684e+00
2.331812553064015692e+00
1.632829138880787845e+00
1.629702388653442080e+00
2.364610932155921219e+00
2.576037024232316952e+00
1.336964446935061446e+00
1.323389516504727803e+00
1.813135639317683623e+00
2.477454263542803847e+00
1.800545703799881103e+00
1.423755843668152110e+00
2.588088450367175497e+00
2.561930759039060312e+00
2.647755870990097904e+00
2.508205071755214899e+00
2.299407776719158747e+00
2.379457309730403480e+00
1.707283445695669588e+00
1.651174886019448396e+00
2.593567575073936649e+00
2.065874368382009330e+00
1.821287854801781902e+00
1.431077699115214763e+00
1.802959564856148056e+00
2.178455003539576218e+00
2.414798137686330115e+00
2.525337939286655953e+00
1.780106056003055937e+00
2.082055352960151318e+00
2.230482486156972310e+00
2.221093330133770749e+00
1.596252349156368933e+00
1.943049524208837475e+00
2.319330478301732779e+00
2.738890983749839414e+00
2.730625902693945228e+00
1.857616136648215566e+00
2.579672668654592549e+00
2.326096796290315183e+00
1.477489394008538515e+00
2.324868601210484442e+00
2.338361356676763148e+00
1.893956357897999876e+00
2.616493745978052843e+00
2.274847419265358717e+00
1.439417713641449659e+00
1.545342452630030561e+00
1.930890038727217206e+00
2.336829459493472427e+00
2.480597155596697689e+00
2.787879571975116377e+00
1.645248943532062302e+00
2.132375448546355301e+00
2.362545052766150011e+00
1.986113078598351844e+00
1.669686792148321164e+00
1.660491306598154804e+00
2.345592631376798298e+00
1.646193056310423453e+00
2.111634356172004345e+00
2.489783270128924642e+00
2.092418905408529817e+00
2.119597451317884129e+00
2.632261555434526556e+00
1.479477480604418194e+00
1.877669360285399769e+00
2.020170247762766103e+00
2.586020727533226093e+00
1.276640836876972385e+00
2.037514043219183613e+00
2.037405831582682403e+00
2.387561895550128988e+00
1.612758960395181518e+00
2.045636573636975264e+00
1.437391522194656712e+00
1.694898738977892449e+00
1.866184050036499453e+00
2.361432803495124411e+00
2.248511724489078212e+00
1.867920757143739729e+00
2.237773507576698240e+00
1.812638720510868717e+00
2.050616932676162296e+00
1.728030782217952810e+00
1.721768648923670320e+00
1.901675967818026169e+00
1.926529485533929886e+00
2.260942943740881450e+00
1.362205724208586988e+00
1.620704397350090975e+00
1.573127304107410307e+00
1.730868441249544976e+00
1.905055270859652428e+00
1.781031181387563667e+00
1.687281019968980722e+00
2.509109691892623673e+00
2.305723571399997951e+00
2.549243206878892387e+00
1.977423161666011620e+00
1.575661379580738597e+00
1.900298878291177829e+00
2.035365248284788819e+00
2.723971473827140777e+00
2.836632675085330124e+00
1.882691274380531965e+00
2.264414915255298588e+00
1.325170819485266271e+00
1.825792172428512217e+00
2.220672790800604979e+00
1.964546517696914574e+00
1.650296565557995532e+00
1.868310599877017086e+00
1.830994910231905859e+00
1.524939521164434097e+00
2.667862049187673001e+00
2.396809844947052959e+00
1.690890107943507026e+00
2.158436676324725134e+00
1.486596363724350889e+00
1.335171551488860464e+00
2.550264612052202562e+00
1.574269474912649791e+00
1.888798274607905725e+00
1.543457401346460811e+00
2.046368628200035289e+00
2.102179976254620275e+00
2.344600559536121231e+00
2.240812154487161756e+00
2.389873437065857420e+00
2.318228832560242481e+00
2.500806230353328274e+00
2.400613154867465404e+00
2.686777199342476496e+00
1.505785917816627073e+00
2.048816177411194595e+00
2.674993091323210948e+00
1.972970538111814331e+00
1.310601558154144364e+00
2.523407240436121413e+00
2.272431421522453032e+00
1.642043126300438249e+00
2.031500169253505739e+00
1.939728398898645345e+00
1.233656917047168289e+00
1.958563821394379456e+00
1.881741991473860010e+00
2.256087037673590423e+00
1.360111333001417844e+00
2.447296364321014828e+00
2.284778143011404694e+00
2.227188080455641206e+00
2.244449093156398511e+00
2.123659672388364505e+00
2.335783539832810618e+00
1.478311458544216750e+00
2.475575591214658644e+00
1.616372557912798547e+00
2.602216969800723589e+00
2.326032015971357225e+00
2.085699762687175607e+00
1.518424903773642587e+00
1.996722141195798272e+00
1.971721541760511176e+00
1.804656607547429292e+00
2.339719791043008534e+00
2.489605162180722697e+00
1.253798368642381478e+00
2.134578364953720442e+00
2.588057583023198660e+00
1.785338753616591223e+00
1.719275720791830331e+00
1.781560204765443522e+00
2.572769837634807821e+00
1.236161611483940659e+00
2.424054994825581844e+00
1.965874485941779826e+00
1.807482454144236694e+00
2.471465075791526189e+00
2.290004192152925278e+00
2.780826052082584710e+00
2.074723657616011074e+00
2.550850524288106325e+00
1.610050912850002014e+00
2.480589747348019625e+00
2.076503476060293174e+00
2.492373241268216688e+00
1.517456275012404099e+00
1.384374303794239980e+00
1.788923903790893943e+00
2.014713627178517985e+00
1.493778000187560240e+00
2.134578359735833430e+00
2.192355696811175925e+00
1.721911399469573167e+00
1.921632476172253856e+00
1.992080484971951559e+00
1.430734857454374120e+00
1.183264011095686685e+00
1.455546758668428309e+00
1.868225680772958253e+00
2.318947727730640729e+00
2.322683027554408142e+00
2.273318325986191546e+00
2.455511279896941179e+00
1.836103673844299067e+00
2.161772699451004254e+00
1.702655597358418760e+00
1.910739577330108130e+00
2.652381623159462798e+00
1.668729003327876770e+00
1.473442335111709856e+00
2.876371886783832821e+00
1.444353001160817662e+00
1.969337969566713697e+00
2.200789076578105075e+00
2.245771243245061388e+00
1.436655198451987303e+00
2.472682176181008273e+00
1.831186884039642138e+00
1.878945244051163588e+00
2.103317449274773487e+00
1.326525996159510612e+00
2.111111767985410115e+00
2.077044618067469095e+00
2.152829579440114216e+00
1.783945406437545955e+00
2.713198228616624519e+00
2.116158849212709470e+00
