1.930781901250260724e+00
2.517439367771893366e+00
2.081360983701371126e+00
2.271783425669796408e+00
2.348493481679472694e+00
1.669781427172834398e+00
2.066591882255409907e+00
2.898566617550344837e+00
1.600643387265185957e+00
2.219688807200579816e+00
2.541355827033114245e+00
2.275994994228072166e+00
1.683994481050423042e+00
2.022675112630447636e+00
2.211950487369348295e+00
1.724771033463095904e+00
1.345900301534644683e+00
1.732424242431513051e+00
2.528374409927115707e+00
1.390620254089383057e+00
2.008286719166985090e+00
2.097540202211453320e+00
1.964785453982560215e+00
2.220659606702141797e+00
2.123815433997973123e+00
1.766616411163939748e+00
1.939902665337074783e+00
2.512644129007808758e+00
2.304410197504543678e+00
1.330628200846110776e+00
1.655355385410398616e+00
2.214578600651300633e+00
2.138842729026765976e+00
1.895687225190062719e+00
1.912984921218802370e+00
1.489740049730380989e+00
2.699908706867525154e+00
2.339021761788324216e+00
2.162216713713821292e+00
2.090048453778709181e+00
1.616101975060506568e+00
2.096130968445914178e+00
1.972877341762091952e+00
2.349554045586123685e+00
2.527282538929163991e+00
1.866107700659455748e+00
1.726295751691055980e+00
1.933220519250957281e+00
2.350387589137726607e+00
2.247184447905801630e+00
1.973269237026204159e+00
1.651380143296159009e+00
2.649246122270950465e+00
1.991034547018469381e+00
1.738121709099733847e+00
2.176182038086420967e+00
2.311610997744756979e+00
1.641094635126187473e+00
2.393268974602194454e+00
2.714424588654741122e+00
2.661921050412337397e+00
1.838729794697941511e+00
1.681442063825554722e+00
1.381396938167083865e+00
1.800816041471698270e+00
1.715568193815660836e+00
1.344872008079138759e+00
2.215719809968774268e+00
2.295062347104549705e+00
2.561699730660366381e+00
1.863073983671691414e+00
1.844205261944449559e+00
2.920364077024606875e+00
1.725774057666872086e+00
1.994615270773546278e+00
1.793036261775709628e+00
2.317245820739793238e+00
1.834426180278758700e+00
2.298154763211319285e+00
1.571161381369352350e+00
1.942062761948271099e+00
2.087682282998942540e+00
1.696486431065725053e+00
1.992353418457066816e+00
1.764304974426584849e+00
2.527112393034748550e+00
1.618918071265258884e+00
2.232041943901348802e+00
2.659146840356089836e+00
1.641301134952952712e+00
2.125715590295517821e+00
1.844196609384553653e+00
1.971290362111037808e+00
2.353860596879517431e+00
1.427724261922033833e+00
2.352907629482485774e+00
1.738293550613377647e+00
2.405280551429624047e+00
1.963488508356531215e+00
2.886114290987141118e+00
2.666523597404347079e+00
1.803981940584032717e+00
2.014082991750057339e+00
2.885772948468620314e+00
1.604888453273616289e+00
2.069686515470024357e+00
2.656974693482815120e+00
1.693692459669606798e+00
1.895693041713591098e+00
2.141370213388100296e+00
1.653284296017594635e+00
1.622773811885353190e+00
2.022794854199212899e+00
2.389303886352116102e+00
2.017471098541800067e+00
2.043389409586240824e+00
2.026849442506515331e+00
1.538204327738584620e+00
2.750556454232865100e+00
1.810304352563901764e+00
2.354342639008321747e+00
2.389078272418193372e+00
1.584618151074034920e+00
2.172352511169282074e+00
2.427280015361879428e+00
1.560801981137000638e+00
1.614256521218274454e+00
2.098601785406684073e+00
1.940491573178408036e+00
2.382847618694529324e+00
2.585174074380843567e+00
1.918920839240857212e+00
2.097756054018064198e+00
2.159969134735282736e+00
1.616706949826889339e+00
2.039923522254528443e+00
1.336230837230141022e+00
2.350223937561327858e+00
1.780182918038447859e+00
2.000853606146381303e+00
1.144016440337727314e+00
2.331649299417582810e+00
1.350802540653206929e+00
2.077964634710679714e+00
1.615833091653022136e+00
1.986860934406578849e+00
2.509459435442236597e+00
2.045534499147176000e+00
2.084279962890889237e+00
2.414547135661547994e+00
2.093434839402645853e+00
2.079580758169720323e+00
2.166137761153027252e+00
1.352325175966206050e+00
2.232267988029960293e+00
2.162035112693414085e+00
1.787801492942290738e+00
1.676602833322714314e+00
2.154962457311458301e+00
2.504295773347662291e+00
1.517100054058533321e+00
2.724126544060339938e+00
2.297092433620408158e+00
2.444247118626885928e+00
2.887345770463877415e+00
2.016987302277827965e+00
2.087738696157559026e+00
1.059134374642860310e+00
2.564425818736825846e+00
1.958222169086622610e+00
1.663022318297828983e+00
1.615468151040549305e+00
1.556013834100330673e+00
2.366118314912296405e+00
1.950932418170484794e+00
1.995984727702613704e+00
2.044157612257202494e+00
1.988137764064805024e+00
2.143809687407676634e+00
1.873949045032611060e+00
2.264528452696519700e+00
1.916843707536216357e+00
2.191623116400299498e+00
2.567808775129441834e+00
1.903882499768715153e+00
1.875374583257409355e+00
2.732695242773191424e+00
2.043887090523154537e+00
2.096044017444097740e+00
1.782675536546887374e+00
1.917262419621998060e+00
1.961129814700974361e+00
1.944610724376696353e+00
1.922562008618026841e+00
2.556726008733042121e+00
1.231793420375112857e+00
2.169963218535292171e+00
1.574836954538703093e+00
2.629311541563714272e+00
1.505965549937992254e+00
2.228715739770034787e+00
1.829691440975757866e+00
2.060297567199246060e+00
2.019154020624680079e+00
2.063277242489840013e+00
2.328462118344637233e+00
2.378511770557448557e+00
1.869401095232293475e+00
1.481168787949936227e+00
1.444712906041805356e+00
1.795563265801429331e+00
2.834168174126689088e+00
1.785089497422894578e+00
1.694259455967902284e+00
1.353678028485028051e+00
2.426472649496311362e+00
1.394815947098214437e+00
1.527408167244703296e+00
1.644485021431283389e+00
2.574122022631703643e+00
2.411312488510404695e+00
1.957346015085148938e+00
2.024177476926105612e+00
1.386969572556362884e+00
1.538890231943631060e+00
2.051501924655584119e+00
1.583695636149075714e+00
1.582150252530238888e+00
1.561701145925008749e+00
1.762772878165436596e+00
2.523485007930650781e+00
2.463070572565836613e+00
2.196903181854309217e+00
2.130663144983156343e+00
1.825001143899744882e+00
2.656615367214147483e+00
2.248505512848590016e+00
2.304119127846887771e+00
2.252359116152299556e+00
2.654578903580385063e+00
1.441399343864537386e+00
1.785251308193648967e+00
1.846512099660609030e+00
1.920856037269552674e+00
2.234882345566422401e+00
2.224254195650058996e+00
2.180575682757802891e+00
1.600360957935062611e+00
2.522700957416058820e+00
2.337846573561736641e+00
2.140995100828432918e+00
2.573725982780760368e+00
1.887592314890489620e+00
1.708487462882154917e+00
2.415850323784757059e+00
2.666226152230700919e+00
1.555798735855833392e+00
1.355061634438163631e+00
2.175445598777956846e+00
2.585203451479173964e+00
1.250163176159625911e+00
1.155878853161053321e+00
2.281397494501034018e+00
2.495665953841017082e+00
1.201529721926120953e+00
1.162494543298462579e+00
1.237002506068843877e+00
1.340599058314511982e+00
1.519640133139309235e+00
2.247112749026896950e+00
2.172095016428582603e+00
1.937462313442748663e+00
1.751002611334640413e+00
2.337074362731192956e+00
2.927313469554906789e+00
2.581210528575344387e+00
2.251323619627802586e+00
1.833301457358271103e+00
2.533233490897402351e+00
2.058143317557815877e+00
1.831042084177429752e+00
1.869837127355521877e+00
1.211378541487189153e+00
1.593351261792740337e+00
1.401476253373374226e+00
1.764063562663505280e+00
2.426340915035021695e+00
1.830373218249714773e+00
2.562305050980524967e+00
2.162793897639500695e+00
2.628604377096710021e+00
1.986751757714675604e+00
1.676622481746285365e+00
1.701989559481426273e+00
2.315598309624593565e+00
2.367583418100498882e+00
2.494407027070701055e+00
2.419470168993254955e+00
2.465426689193923160e+00
1.625319997125443283e+00
2.508840595960955433e+00
2.482894809402410363e+00
1.650076491972089610e+00
2.280831201231943162e+00
1.681133745920776912e+00
2.793292782490353510e+00
2.564929998261905375e+00
1.803883354644134407e+00
2.670948393043754976e+00
2.385334015996879664e+00
1.933722109484495855e+00
1.823301468296006034e+00
2.308145143623210771e+00
2.511699854429907841e+00
1.877962986727403472e+00
2.213099560219685458e+00
1.794450877292558477e+00
1.691330572881474925e+00
1.911544997604822882e+00
1.972803682466444108e+00
1.605944320705851247e+00
2.413638420734734780e+00
2.608844401523989553e+00
1.397424728658447801e+00
2.326825303281236046e+00
2.349902789399588965e+00
2.359846333636770321e+00
2.677326819925773371e+00
2.355702562736594174e+00
1.802360096995748950e+00
1.536132008237089286e+00
1.573373861238137383e+00
2.314955371552239960e+00
2.581823439637565443e+00
1.476597071054258858e+00
1.504442175134049542e+00
2.130904270101971587e+00
1.648949594320547885e+00
1.847371009460646141e+00
1.378428624661818702e+00
1.340200367710632667e+00
2.107520693684212354e+00
2.044793141629690503e+00
1.906200482079549730e+00
1.529939297294191647e+00
1.651756611396768104e+00
2.021811167125684872e+00
2.227208272021418800e+00
2.490548563713810282e+00
2.169707900129277167e+00
1.442032747947883387e+00
1.746632941263777106e+00
1.980147991996040080e+00
2.191933648410185675e+00
1.939238545236108724e+00
2.422429898567688866e+00
1.876769197476643836e+00
1.509497731246216556e+00
1.587893777004051543e+00
2.552327476217427282e+00
1.282621161847845803e+00
1.789935204125191248e+00
1.464067987154324069e+00
1.443889539170669423e+00
2.431501075719785909e+00
2.453128547887229338e+00
1.458956455190734580e+00
2.469353370131054159e+00
2.445731136779727422e+00
1.395765119798188403e+00
2.466781050712205214e+00
2.687396450578562579e+00
1.412445562728957604e+00
1.359582985284537582e+00
2.087454184781959654e+00
1.708237491385786289e+00
1.774670716860456521e+00
1.458675712999462526e+00
2.085532662222571165e+00
1.562276287762042415e+00
2.641075943079147059e+00
2.146974206556302889e+00
2.693241045517899224e+00
2.509966773491619563e+00
1.606051962519986720e+00
1.725710293815137630e+00
1.920370508612608829e+00
1.690038382290580010e+00
2.314651656515962053e+00
1.682398731897957411e+00
2.725229780227509391e+00
1.601386312366188225e+00
2.012887972939389591e+00
1.381130207525317788e+00
1.932650118864596589e+00
2.633255880778850866e+00
2.542395603262170845e+00
1.506516661883159358e+00
1.908648794493824852e+00
1.889905020194720064e+00
1.440729923890534891e+00
1.284892978511819495e+00
2.182447416995174194e+00
1.532134618279687999e+00
2.617332550279639847e+00
2.334354917799712936e+00
1.441727318266788460e+00
1.302135412969614325e+00
1.890908275658725213e+00
2.402879695969332374e+00
1.822461852057949194e+00
1.229630939731817918e+00
1.622035411290476459e+00
2.159027541958440821e+00
1.550402454789835627e+00
2.028467029270813349e+00
1.891720755853985025e+00
2.168341304865196495e+00
1.258994600256842400e+00
1.492510892665036337e+00
2.381027116296320578e+00
2.250862195015413736e+00
2.531075886420184773e+00
2.609454450796900193e+00
2.290776430012008369e+00
2.293252392251297511e+00
2.703181945092157257e+00
1.379810463555430022e+00
2.053375728130613531e+00
1.569401387219128363e+00
1.942517178541257827e+00
1.507453051183106130e+00
1.260405863582529928e+00
1.576790010695288125e+00
2.286931402844074590e+00
2.548442696365880167e+00
1.635459732321110859e+00
2.739677643029927001e+00
1.713714275554255817e+00
1.354695437655611734e+00
2.413965246792337815e+00
2.074312199728495898e+00
1.708455024365518327e+00
1.792655017823551633e+00
2.751444971696545228e+00
1.913785400309595097e+00
2.676535202331119745e+00
2.418383657299445044e+00
1.800448640874688699e+00
1.214372581670521534e+00
2.055678923269518954e+00
1.513580228929467753e+00
1.179981677316115807e+00
2.038534494519817386e+00
2.472630656217158496e+00
2.478509334325043945e+00
1.722997293230964733e+00
1.129496796039804352e+00
1.490036737827832969e+00
2.424024639129104486e+00
1.442678468644322809e+00
2.044336157468062964e+00
2.668062940111012082e+00
1.931806550907707587e+00
1.609546253832102369e+00
2.812246412842422494e+00
2.053153564339977422e+00
1.438869652987512238e+00
2.334738961177111882e+00
2.546162356939969840e+00
1.424735622716513550e+00
2.261064805581654902e+00
1.347833692750487700e+00
1.890364690321519214e+00
2.901242029706068593e+00
2.165757006776065197e+00
1.442848549761396315e+00
2.049164639429662760e+00
1.408745220739826998e+00
1.777210214024874446e+00
2.032713881131357425e+00
1.985586883849568052e+00
2.451049285980263726e+00
1.908856528666759811e+00
2.079044605541050750e+00
1.520183006069632192e+00
2.239215103617902436e+00
1.835978547219381918e+00
2.420640371583118178e+00
2.226364509897877042e+00
1.784181944754524407e+00
2.276912859255921795e+00
1.284178999931062881e+00
2.203743354125224041e+00
2.277853679639002760e+00
1.723719329709920700e+00
1.829006068076613811e+00
2.677195019423051825e+00
1.672225317019095492e+00
2.614681533526850288e+00
2.397335319895404382e+00
1.943234399050519645e+00
1.780170078105365095e+00
1.756641744094866064e+00
2.285209282260464825e+00
2.118577498281784433e+00
1.503341359254648735e+00
2.124795104204822316e+00
2.244758132703599252e+00
2.151808357966654484e+00
1.864026086556155759e+00
2.378714484518704264e+00
1.595910682067295472e+00
2.021757674635986213e+00
1.475460810400402778e+00
1.854944092078041340e+00
1.952252053457545600e+00
1.352827804047024074e+00
1.742824120634090646e+00
2.120337947947404267e+00
1.817730022037043813e+00
2.388760110702934369e+00
2.626804387540910835e+00
2.075821120419417021e+00
2.737539085869598487e+00
1.892766038774510884e+00
1.228924940801624954e+00
1.662211545475175356e+00
1.512622914889799830e+00
1.772625467848477632e+00
2.210140411350572265e+00
1.470572523662114328e+00
2.186779233088286922e+00
2.397782296585722506e+00
1.521228445127428497e+00
2.238044252222658237e+00
2.177179392208818065e+00
2.335596469576169731e+00
1.940377193136828549e+00
1.740672164654107457e+00
1.565881664671236573e+00
2.542101194313356238e+00
2.193814920202057817e+00
2.475711283293829723e+00
2.387811899090093171e+00
1.993677094363170532e+00
2.199326737205012705e+00
1.624354073514328922e+00
2.095220488937147074e+00
1.273222244603021913e+00
1.793815673091952778e+00
2.530801646604679433e+00
1.956171162828869381e+00
1.132644372288830414e+00
1.643754269275991220e+00
2.174203396827035117e+00
2.622453507401352191e+00
2.122392038522001201e+00
1.991340094645761338e+00
1.753663391437344066e+00
1.521182377234547634e+00
2.528102223726698128e+00
1.153026107829922431e+00
2.022512871583145966e+00
2.073374505181877936e+00
1.954873353618418630e+00
2.501005555993668139e+00
