1.193294751679142562e+00
2.139616585625994105e+00
1.965529626623022441e+00
2.667529071130453122e+00
2.014680020609739941e+00
2.331461739571095926e+00
1.780668403127644295e+00
1.991726325497434891e+00
2.561766382238264583e+00
2.256826381629664535e+00
1.215022853303703076e+00
2.438464574415675656e+00
2.554377108383015127e+00
1.488909863612049023e+00
1.870133293581614398e+00
2.614103957574837711e+00
1.895926058025398042e+00
2.517480224177206516e+00
1.513830582491627386e+00
1.593371165780737453e+00
2.085776818764148999e+00
2.198392720822841540e+00
2.606934310073884653e+00
1.387869474760344835e+00
2.301914722983536610e+00
2.560618687346702060e+00
1.840704920642869169e+00
1.980414633606214503e+00
1.798206698526642944e+00
1.765771775131458110e+00
1.546922308832663351e+00
1.913036227496149877e+00
1.823429075658495213e+00
2.328768628255352358e+00
1.523833876238800178e+00
2.134487459474064153e+00
1.836196707563717112e+00
2.346655520813511586e+00
2.310542224948236356e+00
1.699735909478279350e+00
1.530967542220203148e+00
1.302908227292682852e+00
1.684908466786100290e+00
2.219618009397934522e+00
2.081680809999365334e+00
2.526564541352652071e+00
1.603067056838406668e+00
1.916861650296424635e+00
2.935191963653989156e+00
2.103706015930039808e+00
2.267869260749908022e+00
1.486228626553837584e+00
2.231564347401036930e+00
1.668038710488330079e+00
1.604957037269608477e+00
2.214881535180789562e+00
2.471275481844797284e+00
2.228661153170373943e+00
1.851189426830187390e+00
1.509303885915971977e+00
2.516128526977561286e+00
1.486382701005920737e+00
2.523142263255448547e+00
2.314647477350722404e+00
1.601523341615202156e+00
2.014873145473615512e+00
1.890012809420827722e+00
2.064191275049256369e+00
1.397140552014308534e+00
1.416323848723154200e+00
1.553765835014542684e+00
2.671229737167616580e+00
2.686065179579343987e+00
2.577385877616049203e+00
2.093102531305155445e+00
2.410679622493145935e+00
2.078336184375294771e+00
2.355066208170111253e+00
2.090867957964075430e+00
1.581418344966762479e+00
1.981527098363275785e+00
1.622132542329210780e+00
2.637002175947652738e+00
1.655339244608616145e+00
2.845065582401209436e+00
2.228841026425008032e+00
2.356133987138778529e+00
2.428021627443305963e+00
1.873331584054348298e+00
2.070933141474251116e+00
2.389700829769893620e+00
2.324046432644904847e+00
1.413328062294963106e+00
1.769113004633104502e+00
2.041003315189060974e+00
2.474644227537726060e+00
2.750662990955404119e+00
2.559435261445549337e+00
1.373931574618812768e+00
1.582468005193270688e+00
1.577242997518152112e+00
1.744774982533504604e+00
2.464411421894382670e+00
2.496844659755417695e+00
2.142369380146439184e+00
1.560656001971030271e+00
1.534941845032901098e+00
1.911394332265269114e+00
2.487269716834320743e+00
2.016555136857555830e+00
1.671500846044727595e+00
2.775974295630893707e+00
2.013642454414160454e+00
2.312438216229970145e+00
2.435759307103792182e+00
1.472217464848059265e+00
1.251697762245647993e+00
2.049500655350891432e+00
2.051531054579443847e+00
2.213368236417166734e+00
1.406828862895441734e+00
1.704922305669880123e+00
2.266714480947089605e+00
1.568706048303984968e+00
2.148772570867767850e+00
2.102126478580546021e+00
1.722836863533587781e+00
2.614280600904011820e+00
2.598251038326168771e+00
1.653876635117170313e+00
2.060044023281854209e+00
1.803681962553103091e+00
2.368754308945102416e+00
1.638938904695860677e+00
1.600470161181517526e+00
2.644172584746845800e+00
1.754326052235806177e+00
1.215776080208997190e+00
1.294642127197658921e+00
1.816260443128472346e+00
1.680945371310000658e+00
1.245989905202883108e+00
1.977039844884150188e+00
1.726478449328571863e+00
2.583874595353623960e+00
1.895357466409588021e+00
1.880777095087477813e+00
2.082754149789357800e+00
2.802900205788938059e+00
2.342641769500066751e+00
2.058661247734980826e+00
2.370978659943292044e+00
2.039223750659804324e+00
2.176212552071910000e+00
2.573415842216960847e+00
1.714905176076428006e+00
1.698547577777009820e+00
1.412259892875957989e+00
2.428989009933670395e+00
2.224941429188700415e+00
1.784619311372494188e+00
2.124999708914633523e+00
2.255582256349178749e+00
2.254402118972976599e+00
1.864944116373553840e+00
1.672345108063467034e+00
2.285428223936724734e+00
2.440303349399033817e+00
2.456238219769276032e+00
2.615340481052557564e+00
2.055123222601059396e+00
1.469624347973477629e+00
1.597935255184839587e+00
2.282549077380148894e+00
1.591344977654111759e+00
2.022877630990269182e+00
2.280875622869687369e+00
2.251527334272059644e+00
1.766530634680848033e+00
1.563516061516863953e+00
1.832969450390411925e+00
1.917297899266042549e+00
1.972739931303651995e+00
1.806653217629500929e+00
2.859768046560720478e+00
2.033692861652299122e+00
2.142447194418881651e+00
1.838412581700809234e+00
2.389602220742959915e+00
1.729041107962764778e+00
1.361377948442684005e+00
2.191252313406652164e+00
2.402224810491635942e+00
2.072959463973752747e+00
1.723625589585185747e+00
2.760803445627908914e+00
2.737638858598712588e+00
1.630034769094613534e+00
1.837866749697370405e+00
1.767809078302105430e+00
2.247191845477763295e+00
2.098784224813720733e+00
1.464801063072690868e+00
1.608458150041327528e+00
1.319719940104899347e+00
1.994684387808962622e+00
1.984772015362031627e+00
1.492155557895301632e+00
2.096063431776186814e+00
2.321488521550547190e+00
2.123203276973426590e+00
1.588821784153847672e+00
2.486923720422999473e+00
1.652129841996661241e+00
1.347063390695667717e+00
1.838323517426551534e+00
2.313402223642251343e+00
1.590671327234886023e+00
1.566779889073655951e+00
1.504970619929586695e+00
1.905281663397067948e+00
1.886602338322881600e+00
2.343580888443446142e+00
1.823445551784856455e+00
1.912610735740670531e+00
2.218220740030480531e+00
1.775496403435808279e+00
2.310481234716437626e+00
1.797112222844449825e+00
1.786675201616226616e+00
1.830384625579875912e+00
2.367064903149899369e+00
2.454898522951460826e+00
2.691368315796922595e+00
2.052365407313279544e+00
1.971130613493855543e+00
2.443463044100568915e+00
2.086626524419162187e+00
2.491470796976823276e+00
2.196973796352108543e+00
2.163950743258300502e+00
1.954562725016377289e+00
2.603632712326863441e+00
2.862006231193201078e+00
1.651509787466130197e+00
2.264005643228539810e+00
2.159614575126603597e+00
1.353401596420154451e+00
1.639489510739248646e+00
2.298131615550248696e+00
1.829357015077362814e+00
1.935744455772443917e+00
1.695637848981842222e+00
2.566663070527718027e+00
1.896940973589910318e+00
1.805182808623111423e+00
1.807492796076968000e+00
1.218045118631700285e+00
1.555701633324313438e+00
2.277009474140355039e+00
2.298151554659003004e+00
2.195072858058389365e+00
2.245073594911952242e+00
2.066148279879353122e+00
1.900974461553104788e+00
2.393092901195728484e+00
2.244048613968422146e+00
1.925385932523739463e+00
1.650262617332282300e+00
1.419518056452662158e+00
1.934952597008266162e+00
2.560634883481938573e+00
2.484698259274567445e+00
2.344371695737899941e+00
1.602947884934850187e+00
1.947600394285598835e+00
1.624044801907759350e+00
2.827672011580450118e+00
1.381313918602005586e+00
1.921993396656363595e+00
2.043290124834779231e+00
1.562799809234567405e+00
1.664584789653177577e+00
2.452998412347631607e+00
2.389265916556069236e+00
2.358638852036958333e+00
2.469156871583737534e+00
2.092631141926169391e+00
2.790366335970949407e+00
2.148549953340024299e+00
1.779834175456870948e+00
2.208586814666558595e+00
1.868166596277557101e+00
1.289848460835163024e+00
2.447765190868140817e+00
2.081738314601663475e+00
1.992913956985178370e+00
2.158610428343044063e+00
2.069268613787659916e+00
2.170119892691992902e+00
1.512108532161263952e+00
2.279447786228385731e+00
2.120194069030862494e+00
2.380274411017731406e+00
2.628545104620681805e+00
2.434587054462682421e+00
2.459134327839964218e+00
1.926534721782688031e+00
1.925247819766677804e+00
2.794383179294991582e+00
2.188225282407941563e+00
2.063766536757679404e+00
2.223583907755188882e+00
1.697426412897211190e+00
2.367310485627073025e+00
2.072524382460555259e+00
1.734118925549607892e+00
2.042518949434674269e+00
2.329537234964581316e+00
1.963644722916058072e+00
1.588970190714975583e+00
1.720590574641300385e+00
2.311970605253323541e+00
2.195961198425428584e+00
2.017979070069084280e+00
2.060142776001079312e+00
2.393395670741152781e+00
2.515992846527327131e+00
2.388968904567057017e+00
2.447616010025656319e+00
1.822705374491921937e+00
2.074411093910367043e+00
1.974403749340958081e+00
2.118524173540048405e+00
1.896311670855205911e+00
2.180000465336181747e+00
1.889847295345344236e+00
2.526409904337939327e+00
1.508133426830978063e+00
2.668679548707777016e+00
1.661399861759979668e+00
2.104650544927824996e+00
2.511570977105344049e+00
2.535014066225496965e+00
1.057384696285395664e+00
1.516471447128217687e+00
2.133442833937905903e+00
1.969175057842112331e+00
1.844829319270780532e+00
2.873603960727257878e+00
1.989513506282895250e+00
1.665126818735282122e+00
2.278244021916977502e+00
1.793012860230104977e+00
2.267571712333822820e+00
2.313884730873483342e+00
2.392145305599424177e+00
2.393322223596861420e+00
1.603885698900004986e+00
1.987980027613535317e+00
1.485980736921835188e+00
1.878640530226960870e+00
1.465008900501413969e+00
2.093891174582972248e+00
1.966967268471293551e+00
1.084808393504629098e+00
2.334802007161750126e+00
2.339794668873679928e+00
1.695332779674186607e+00
2.129917874509409614e+00
1.596445318916107858e+00
1.942074960854407006e+00
2.144841142807913492e+00
2.338608039873407485e+00
2.784609107863368127e+00
2.361074422613030688e+00
1.781330285621984144e+00
1.976797150650200452e+00
1.642545525333262146e+00
2.003075268936326481e+00
1.751996168424914124e+00
1.647757836280591359e+00
2.360670459029745594e+00
2.708180218266434736e+00
1.720828486799822699e+00
1.950991947529800319e+00
2.088381192491845617e+00
1.297249625996237832e+00
1.717367273161063412e+00
2.409892156789153361e+00
2.040078779177386004e+00
1.165813323720806594e+00
2.514839663373368062e+00
2.325544367711988691e+00
1.544298132044154670e+00
1.735895059137539054e+00
2.186701227030071415e+00
1.896387632879554586e+00
1.200174122346067795e+00
1.551714688371273798e+00
2.307403779770077712e+00
2.655317477395968240e+00
1.763625419739988542e+00
2.108740196524421684e+00
2.552818623209098803e+00
1.153634337684187550e+00
2.324876950312430690e+00
2.396061219244021157e+00
1.060657612300177410e+00
1.441962424144762167e+00
2.492610802084961996e+00
1.481190891469853277e+00
2.247514670827570615e+00
2.887152181178248789e+00
1.939829663363042744e+00
2.129571587744565342e+00
2.398713778377431272e+00
1.805205660114412414e+00
1.693452391492902276e+00
1.667476748410272602e+00
1.965096467214904274e+00
2.223733860900295234e+00
2.265498393308547520e+00
2.389025704827012930e+00
1.787266040236625830e+00
2.306968078997477356e+00
2.525433441812183322e+00
1.900202926046150598e+00
1.948434714314866367e+00
2.146505610920091733e+00
2.068774969805585506e+00
1.560694084499540724e+00
1.304249216919618037e+00
2.171226470434736822e+00
2.245568456153192116e+00
1.885041595070786613e+00
2.086797444811717916e+00
1.347818834572141800e+00
2.717147127952579844e+00
2.154294833254543740e+00
2.271952285516628756e+00
2.176493829036562300e+00
2.322986997511078400e+00
1.586182548901587719e+00
1.695679875264631598e+00
1.609224410705711872e+00
1.620701798236987123e+00
2.298020255211778995e+00
2.351741894442860747e+00
2.207649962557220125e+00
2.239350229697922856e+00
2.619411104532849421e+00
2.006476118109433493e+00
2.425646652548036464e+00
2.128995095469757182e+00
1.277046094399944209e+00
1.813259003918414880e+00
1.769228465655537264e+00
2.710641546463706142e+00
1.935276840604854165e+00
2.123836771699807002e+00
2.393260875376049146e+00
2.002792507148076773e+00
2.182263173684967139e+00
2.244632070166534987e+00
2.450109555184228682e+00
2.350810073878510931e+00
2.182025572502415578e+00
1.867043053642023942e+00
1.986091231520063394e+00
2.045413150155145576e+00
2.490389546312823832e+00
2.097534066696315591e+00
2.307387699275753157e+00
1.823393178381206958e+00
2.181492568379892916e+00
2.122079067107811579e+00
2.529092887399264633e+00
2.572404861266106124e+00
2.706571375576089178e+00
2.441354374385690917e+00
1.846269065753718408e+00
1.522589492376841047e+00
1.633993309129322613e+00
2.358872773671909506e+00
2.236522638019073472e+00
2.170454260172130390e+00
2.187289256392581649e+00
1.930804255582116991e+00
2.260287140270418771e+00
2.137710430617529855e+00
1.718733955543418901e+00
1.839410234672992361e+00
2.421730023841254020e+00
2.492859073673578507e+00
1.732169155982102193e+00
1.875130070796370507e+00
1.936675669375881093e+00
1.629419988929612151e+00
2.421654877785249571e+00
1.887026454259548292e+00
1.952578625855427852e+00
2.147809891071994493e+00
1.865886644312951592e+00
2.122516980013896770e+00
1.244117844070778967e+00
2.293642449874310429e+00
2.257514003544816461e+00
1.625375436350036118e+00
1.763360737665563338e+00
1.969549244499921636e+00
1.812869031385026419e+00
2.786513008569722505e+00
2.190302199429015495e+00
1.147434286689061889e+00
1.637722531150354044e+00
2.078120299713675401e+00
2.409424735865979272e+00
1.904060337659728930e+00
2.548936520751658108e+00
2.043837369708546348e+00
2.254587747515174545e+00
1.393882114493772528e+00
2.126723970527116592e+00
2.270112023225583364e+00
1.889139887587351740e+00
2.064898667121652487e+00
1.489268070329890170e+00
1.940078884371329249e+00
1.440595681915723514e+00
1.660735752042310942e+00
2.101485055246389066e+00
1.790348126590568523e+00
1.810153619345855613e+00
2.223207550858251835e+00
2.737439809562841830e+00
1.816310477656129851e+00
1.842194106670937748e+00
2.685268037487937853e+00
1.641658371883508938e+00
2.000497240692410639e+00
2.279301943481820025e+00
2.083292042625399354e+00
1.413308025432541859e+00
2.285162391850926511e+00
2.359642333652666402e+00
1.954967126884639583e+00
2.069536983288434939e+00
2.287680926342140708e+00
1.424522237469830088e+00
2.693875378327475367e+00
2.677019013148420612e+00
1.786347213097370323e+00
1.918620955782038839e+00
2.446732405444909997e+00
2.059925711797759185e+00
2.086405138042911833e+00
1.370984608821448569e+00
2.695882507991135046e+00
1.189651400145253390e+00
1.829998739318805967e+00
1.550906240795527413e+00
2.387796746900391121e+00
2.811615822705033629e+00
1.910975790311904898e+00
2.088872036527336551e+00
1.605593547904018425e+00
