2.930568695804586454e+00
1.176850167448221685e+00
2.487881926052021964e+00
2.780058500091495688e+00
2.740058447824076815e+00
1.509687813224461994e+00
1.604145150275467557e+00
1.793229604681025879e+00
2.295887330976982277e+00
2.266972894292645258e+00
1.912764639142863210e+00
1.655490179334154988e+00
2.252206242020213800e+00
2.212840587738813980e+00
1.540969206026904015e+00
1.428166502742058253e+00
1.758549043037627602e+00
1.874973264950829055e+00
2.030295679894936978e+00
1.443165809517412690e+00
2.011981341813933621e+00
1.446764445577716884e+00
1.695081813848739127e+00
1.794782566527112433e+00
2.016060022843441324e+00
1.233750943235304209e+00
2.219849591009325884e+00
1.894541083118705505e+00
2.026693032906990322e+00
2.319306546335060837e+00
1.973733232164181839e+00
2.015155831125147401e+00
1.803845128134501596e+00
2.038602979151908912e+00
2.304037376832646089e+00
2.521382791680317759e+00
1.643151718317217291e+00
2.327973862661767868e+00
1.992664328247143679e+00
2.132941761661663271e+00
2.793815774579103461e+00
2.369366653980264026e+00
1.962806752606118366e+00
1.814266633052755928e+00
1.261350272575207709e+00
1.684585540359489819e+00
1.827036055595158581e+00
1.963639539597040740e+00
2.267858991808011648e+00
1.963893508920627751e+00
2.043126516410800342e+00
2.103215688765267988e+00
1.858500970778004913e+00
1.353107013792759439e+00
2.460406546274677808e+00
1.465294544924693465e+00
2.642836786993822074e+00
2.416065683833375388e+00
1.579904362588788747e+00
2.516589980471092503e+00
2.471338233693775255e+00
2.511846227377222185e+00
2.337107482362355881e+00
1.761959055257858786e+00
1.443210493581886578e+00
2.285898131873231875e+00
2.128849138777261896e+00
1.283949305944519281e+00
2.039423700744953827e+00
1.842418584248389113e+00
1.922103666040212655e+00
2.373159410562383442e+00
1.530259365483304990e+00
2.559552644867089555e+00
1.661869879642468462e+00
2.508444431527681040e+00
2.764064564321109252e+00
1.395632953773301876e+00
2.555961410211105012e+00
2.374549330584607265e+00
2.123378432380433445e+00
1.458670124534780399e+00
2.026118352526249389e+00
1.851435875522116747e+00
2.523943149639867656e+00
1.713402796572401465e+00
1.967856023889785089e+00
1.703441000223122614e+00
1.948706936891449359e+00
1.208264724225977194e+00
2.237232761476527276e+00
2.540262341181819039e+00
1.781316262515399096e+00
1.855921297600679365e+00
2.759588159893118675e+00
2.196320925665388835e+00
1.605665475880045934e+00
2.820854623190781840e+00
2.495757953215727021e+00
1.387867515925019779e+00
1.478496620385676863e+00
2.298210690339459905e+00
1.752112805999257006e+00
1.149332661915382525e+00
2.130710031497125456e+00
1.783925470864425211e+00
2.077743559713086441e+00
2.235986314781395201e+00
2.526856178750074733e+00
2.256683341577186308e+00
1.825197301191654908e+00
2.235025920029387159e+00
2.229715999927341930e+00
1.754046371840634055e+00
1.923461718904299733e+00
1.595664253039458025e+00
2.076565089012262000e+00
1.610436089540724147e+00
2.561352664316260963e+00
2.007182647223696215e+00
1.803943989656878966e+00
2.339063793209457565e+00
1.825836795423597003e+00
2.369755016746731613e+00
2.107700927857474316e+00
2.365908350688810557e+00
1.610657934375795630e+00
2.512675460577630915e+00
2.336887688555257636e+00
1.937821438820030551e+00
2.169092291403720285e+00
2.659958043603636746e+00
1.579868924435741784e+00
2.586116272590857079e+00
1.526558466996191354e+00
2.001675180332343817e+00
2.000550714093943139e+00
2.257959659927500695e+00
2.448652327675030271e+00
2.513656481464793480e+00
2.427902176325109185e+00
1.245087033171461854e+00
1.721145500587295540e+00
2.281758794961996628e+00
2.189855820299916545e+00
1.503355679904974984e+00
1.892474377472173730e+00
2.459361333442452668e+00
1.702917103273259070e+00
1.419305361651859165e+00
2.132832872687262515e+00
2.221479561133525849e+00
1.723235839416451753e+00
1.979007304428741953e+00
1.678050606701129821e+00
1.590695516871840631e+00
2.476002033242671985e+00
1.835695960412235372e+00
2.477260894532791191e+00
1.395876744884492426e+00
2.127722787469468635e+00
1.492119538561162972e+00
2.347241773507692919e+00
1.433465426563124367e+00
2.244293740470690413e+00
2.782006233845676135e+00
1.980891336963740201e+00
2.820671796870391379e+00
1.694230729359762266e+00
1.778848029523903751e+00
2.676558272364027324e+00
2.269444587741872077e+00
1.882084119655808463e+00
2.744390366944258641e+00
2.205924317652093958e+00
1.534533311569676872e+00
1.838047216560389607e+00
1.891417294608956468e+00
1.483848285841602443e+00
2.018359322297740732e+00
1.975728200810265234e+00
1.707362414047044030e+00
2.107003807459655320e+00
2.199250762263536885e+00
1.423985762008997957e+00
1.820438425209814692e+00
2.277407488991564311e+00
2.481132125610764128e+00
2.358297661583127258e+00
1.924702657470077405e+00
1.419137051108574576e+00
2.306878918243991272e+00
1.877758417230212640e+00
1.587210120465928354e+00
2.047609758733484497e+00
1.855500390458591831e+00
2.395578842228782701e+00
1.963824779018286115e+00
1.803392204160283008e+00
1.908716893837786532e+00
1.874230267468138145e+00
2.270145311979605118e+00
1.262175411177872242e+00
1.793723613683729567e+00
2.248893734930090815e+00
1.470826199205231610e+00
1.283721882460371777e+00
1.723263420007708602e+00
1.897757054081387285e+00
2.056757122694936157e+00
2.144423069201793375e+00
1.138469823395365621e+00
2.271489148221449650e+00
2.223422555687687208e+00
1.449083849944120539e+00
2.019982565977762157e+00
1.772345106701262107e+00
2.510040902046718259e+00
2.550994992930148086e+00
2.608981014004550403e+00
2.128205391431875260e+00
2.802627293393104235e+00
2.334056043969642058e+00
2.787157788410418391e+00
2.494070124881110573e+00
1.311140947266033141e+00
1.561555797675999280e+00
1.491546516297787006e+00
1.999669398643471041e+00
2.505181524036592222e+00
1.545283110818494565e+00
1.794080917368759076e+00
1.512386694552462885e+00
2.137552669727743826e+00
2.552292806686205395e+00
1.732786389060969157e+00
2.481792736906386132e+00
2.125507053887394804e+00
2.378285379272694566e+00
1.741929809432278375e+00
1.816442785684690087e+00
1.922486553040052559e+00
2.544898884096284952e+00
2.062926771405744653e+00
2.669210238877893104e+00
2.269760924309151662e+00
1.569354926248968551e+00
1.997117441816788741e+00
2.000856435350591767e+00
1.676519672646658687e+00
1.808971576042438745e+00
2.384042828149437021e+00
2.253010773560132129e+00
2.387052354397484422e+00
2.249055809684614715e+00
1.563986148570459811e+00
1.787482826780683709e+00
1.713529351992702843e+00
2.759788123533351900e+00
2.189044192311690118e+00
2.179597926445023148e+00
2.114262645192249934e+00
2.595504429901432708e+00
1.839769380016835321e+00
2.683272785689561957e+00
2.879470982839943183e+00
1.181584972536937173e+00
1.477659752426763173e+00
1.839135145995107301e+00
2.465330882745889518e+00
2.277467630321788672e+00
1.859652574460844754e+00
1.553622561139592406e+00
2.215948238006894222e+00
2.705572354347635766e+00
2.888942180981270980e+00
2.624448825770023142e+00
2.145691081218041862e+00
1.752372590752685255e+00
2.380311322617360226e+00
1.698611195305950394e+00
2.697716901118092814e+00
1.586429960517687476e+00
2.375489431813388119e+00
2.315468405241153160e+00
2.424224299658427562e+00
1.720104063234783043e+00
2.758531791083689733e+00
2.229388435448960593e+00
2.278485251445953708e+00
1.833718627271991641e+00
2.362712771387128541e+00
1.825474895412940501e+00
1.129389395300278709e+00
1.765909920798744093e+00
2.262108077450700527e+00
1.570835181512654444e+00
2.727229927053691050e+00
1.807116792503717928e+00
2.008135629286805113e+00
1.754433911598127782e+00
1.763550417749218724e+00
1.985616828174290305e+00
1.638082410809542644e+00
2.403596417379260330e+00
2.624085394439421570e+00
2.658128771601230511e+00
2.344273195933117560e+00
1.631135364880881067e+00
2.340879995894649568e+00
2.318711269187372359e+00
1.331117426121935399e+00
1.843084242583831855e+00
2.004360846177019262e+00
1.732830107554209853e+00
2.398998081436436447e+00
2.503015903490191985e+00
2.401296153878529793e+00
1.263032754751420628e+00
2.083975830594309464e+00
2.080152304989113521e+00
1.432413619668103655e+00
1.684023894990678283e+00
2.913084774576811142e+00
2.116128955457276639e+00
2.088941757769663177e+00
2.029123171808990378e+00
1.983310493133519259e+00
2.757556079259148696e+00
2.484860018851452246e+00
2.106229646607102879e+00
1.927523558883438515e+00
1.567998759346477922e+00
1.908378549124429391e+00
1.713808976119237215e+00
2.354205416092942649e+00
2.271560880823651374e+00
2.575194837241955526e+00
2.205365955583879156e+00
2.602143168164295250e+00
1.213725553156155934e+00
2.443468409984896894e+00
1.440856321378849891e+00
2.042175157024600729e+00
2.616103069072116760e+00
2.682352125953090916e+00
2.227102823473873894e+00
2.462992225276101621e+00
1.488544696135715384e+00
1.924229851826375626e+00
2.428028928169016609e+00
1.944923719531675310e+00
2.264154502948370506e+00
1.295525078901068161e+00
1.528686203058016169e+00
1.735209407032550999e+00
1.679932277478192404e+00
2.153968143372083865e+00
2.628972718625155469e+00
2.120002220674226390e+00
2.351270723555789921e+00
2.020001843079336279e+00
1.355750445091056466e+00
1.987035331113289338e+00
2.037409624541847819e+00
1.498541844546957602e+00
1.345768592335105041e+00
1.980990838501657691e+00
2.571116932451691817e+00
1.747611205122361788e+00
1.719522964927290065e+00
1.748071184108769938e+00
2.171776982000555911e+00
1.999372744052019923e+00
2.630641308203697903e+00
2.161966748544069894e+00
2.154239145486686713e+00
2.093052033183797178e+00
1.357441186279510159e+00
2.418652310361356861e+00
1.889513909482547049e+00
2.255511390085827905e+00
2.473506451737583767e+00
1.567413788669477670e+00
2.012676277569794170e+00
1.503295497587274543e+00
2.441448980648581291e+00
2.873423788679591695e+00
1.317396716318225858e+00
1.994281556653784593e+00
1.347864103563745086e+00
1.697185516211464185e+00
1.861191255461664085e+00
2.395630742521723811e+00
2.539135972713049139e+00
2.670272622036047316e+00
1.852832905344528935e+00
1.974901620344809317e+00
2.350632335288175945e+00
1.952309622572248937e+00
2.493766398324146039e+00
1.409067733904485697e+00
2.260205599708196011e+00
1.502143265732624799e+00
2.092650195195299823e+00
1.799435784155607010e+00
1.510409978967327316e+00
1.861490148495030805e+00
1.692464591761686066e+00
2.240952790765014413e+00
2.621998485463521433e+00
2.087375277880016533e+00
2.169124568135643472e+00
1.668046089328437009e+00
2.241019875364688829e+00
1.698898977773065422e+00
1.628332617187967957e+00
2.432407786367788205e+00
2.692240265674120003e+00
1.509455409508555057e+00
1.433249504903534755e+00
2.029752368592285805e+00
1.580329079961237060e+00
2.402979905494767365e+00
2.081207513478999349e+00
1.961020787173066271e+00
2.674674249658904657e+00
1.774122442042765257e+00
2.120272012328174860e+00
2.090362122295880809e+00
2.441206368539799332e+00
2.768880136092573885e+00
2.058913787941661688e+00
1.723233513282903973e+00
2.497276553021790413e+00
2.287173291117612806e+00
1.581219428055903542e+00
2.222695964045216410e+00
2.017929237704096934e+00
2.295996154775441944e+00
1.395923129167393473e+00
2.321151759796228120e+00
1.857631794534680747e+00
2.390627168999466701e+00
1.555824742621867207e+00
1.943565809618885254e+00
2.516692103179287265e+00
1.818824468674391959e+00
2.133367709847133309e+00
2.655036386081871314e+00
1.637497077952768887e+00
1.430580479729490095e+00
2.486422068468638891e+00
1.910393545740453725e+00
1.969185868567036479e+00
1.700006901987273444e+00
1.776154095951653522e+00
2.289078542657640547e+00
2.355682390582181540e+00
1.927997604064623172e+00
1.637826248750893665e+00
1.626171971090220048e+00
1.361423551704576962e+00
1.767982403957748305e+00
1.396353054078098621e+00
1.986727997901495790e+00
2.449099192385826740e+00
2.137757896113646527e+00
2.072180851536545187e+00
1.757397616091387116e+00
2.224734407296195204e+00
2.323543745221267720e+00
1.255064874052452151e+00
1.679265591171782646e+00
2.405980589575585249e+00
2.504348468147255424e+00
1.194264941059132390e+00
1.510514413353570617e+00
2.684287147467640189e+00
2.238426036654819207e+00
2.471698652901118010e+00
1.505875376603603044e+00
1.645785609350897793e+00
2.430827102199833334e+00
2.162649683772340570e+00
2.095309813973821988e+00
2.197510045972596249e+00
1.510655822341282040e+00
1.806572502951661940e+00
1.984680893006512958e+00
1.968364584814024987e+00
2.371373719546827630e+00
1.269608686849889256e+00
2.159071360605912204e+00
1.645831804785228503e+00
2.500012571447403520e+00
1.395688511821989275e+00
1.323736483038239431e+00
1.490203918804443362e+00
1.558382597848077200e+00
1.844961413379937687e+00
1.565145216656040006e+00
2.404465684769233835e+00
2.250627870193053326e+00
2.196195034004397861e+00
2.389803838040323480e+00
2.116179994157536104e+00
2.136785668044487885e+00
1.830648218407607386e+00
1.292979984392766291e+00
1.615512307234005185e+00
2.586255262020192625e+00
1.708130385168107335e+00
1.948527160436140937e+00
1.698479182168423307e+00
2.036905727817594602e+00
1.691087022080636881e+00
1.402131835916587965e+00
2.199098942973766846e+00
1.852984608785955167e+00
2.356756436635490282e+00
1.625438573082785609e+00
1.853198323234396039e+00
2.021264263489596757e+00
1.801168786362789431e+00
2.687410616687606613e+00
1.726494793316194265e+00
2.509483446530222928e+00
2.153417111279880558e+00
1.456064947503560081e+00
1.997855191918715079e+00
2.175972885370521581e+00
1.940726058082105521e+00
2.103607646812065468e+00
1.921319238106710126e+00
1.642693199541697124e+00
2.144504874483694756e+00
1.894937553943595976e+00
1.662248096220952043e+00
2.068405126576508213e+00
2.290234292141330563e+00
1.320964167184437654e+00
2.171778282174161134e+00
1.402339517865023311e+00
1.461967294897410508e+00
2.348183157038876256e+00
2.436866227705114518e+00
2.199527698627496974e+00
1.939953347947703577e+00
2.337026495738688148e+00
1.894454161350690224e+00
1.137180536497721883e+00
2.747922389175253777e+00
1.798470379399313535e+00
2.523598174112327008e+00
1.855255432321896825e+00
1.882454020340469825e+00
2.170837596617083420e+00
2.406861761314606163e+00
2.177323877786800033e+00
1.625850033481305523e+00
1.792342313557847344e+00
1.366997764199123555e+00
2.472898430354051769e+00
1.762417206379399026e+00
2.365132201419125835e+00
1.561622380881460437e+00
