1.434261899695225440e+00
1.970182470162384902e+00
1.874098057571325748e+00
1.676575211209826666e+00
1.536698097072552560e+00
2.527908755418653897e+00
1.499610963614561587e+00
1.531570684844818730e+00
2.191139135504516666e+00
2.107211783935027505e+00
1.796814007502353761e+00
1.940421722956649830e+00
2.801712560798181872e+00
1.696160283045093919e+00
2.117977061078473611e+00
2.267322153993986511e+00
2.026062046460048727e+00
1.557122123978289974e+00
1.963115304977022912e+00
2.065024495287570261e+00
2.894971309917262925e+00
2.005638707263274867e+00
2.272868931551238703e+00
2.192319304653151946e+00
1.481957108094314135e+00
1.430839352043115964e+00
2.199190277341244393e+00
1.818490846597803579e+00
1.207831963843827738e+00
1.553164419649084138e+00
2.017167068939993868e+00
2.402162728330544894e+00
2.471806813227875654e+00
1.896681383961833056e+00
1.126299056689996414e+00
1.887174215827078783e+00
2.373916610724224885e+00
1.776071738213722107e+00
1.361336997294223972e+00
1.777202293537609279e+00
1.556849395238183220e+00
1.990133212553045983e+00
1.893131259195967919e+00
1.956241901234555769e+00
1.965712410453414716e+00
2.842667090876012104e+00
1.571193308084233298e+00
2.354823569631510516e+00
1.814101130182919963e+00
2.221525856880692373e+00
1.212161853300379288e+00
2.231719518054756879e+00
2.502008309601896574e+00
2.693755072490050750e+00
1.974871946995654604e+00
1.794888668886553962e+00
2.046229635332363905e+00
1.664144828606228366e+00
1.439821022455374466e+00
1.962254098783479339e+00
1.602997822021315466e+00
1.858397424896967243e+00
2.716545616470590119e+00
1.607068428591649667e+00
1.510675897700993531e+00
1.763638993058213256e+00
1.092001349685580713e+00
2.265110534838365552e+00
2.004378093615269307e+00
2.337015498693025606e+00
2.625143023799312303e+00
2.305535938220839132e+00
2.386192054667027662e+00
2.581101526603474916e+00
1.627691911293272842e+00
2.465063711112883027e+00
2.521347332269226804e+00
2.330504578452669229e+00
1.339199728705983139e+00
1.210210299139513834e+00
2.033029798455638915e+00
1.535222575809394696e+00
1.911920791724553981e+00
1.636181068667608152e+00
1.673652039724155882e+00
2.164955989053858332e+00
1.983857837676605396e+00
2.574702440814976345e+00
2.135914390840704780e+00
1.964045281193768311e+00
1.986982885816373390e+00
2.169876479613782827e+00
2.301190528689364356e+00
1.733475096816804228e+00
2.242454204839061660e+00
2.175160923572032168e+00
1.919794343713142837e+00
1.676697626682030595e+00
2.488820961090702610e+00
1.997530534875211261e+00
1.997728661153586938e+00
2.379923464377825759e+00
2.201602663338865895e+00
1.706153544742532890e+00
2.186066331762829051e+00
1.330601320245671459e+00
1.743761095037639652e+00
2.062691272566082645e+00
2.308643509985905951e+00
1.762910673497319003e+00
2.600405934631536020e+00
2.132106834789670557e+00
2.115828159853707646e+00
2.526581987612202873e+00
1.558052973262110008e+00
1.253290702938700818e+00
2.188704117274378191e+00
1.413548887394445730e+00
1.762887347561207907e+00
2.277708738181922321e+00
1.757711209256947793e+00
1.886236697924937422e+00
2.009740695780447339e+00
2.453767755035820564e+00
2.169230866445097661e+00
1.887867896844375615e+00
2.273887433847487927e+00
1.984137060831378641e+00
2.416897019581541350e+00
2.084743016223910672e+00
2.029444271635882480e+00
1.413856200861613566e+00
1.588230780229325401e+00
2.084586370193449056e+00
1.906434106794016259e+00
2.109455060568567575e+00
2.193327652191561228e+00
2.029629912206985409e+00
2.201542456976323336e+00
1.973805194888711867e+00
2.401674010600491016e+00
2.284896420158511354e+00
1.551452054841748307e+00
2.060881627219877110e+00
2.346104296098296516e+00
1.394954511269900888e+00
1.761633738789590398e+00
2.504607178367245446e+00
1.324101973293473566e+00
1.906803742835716076e+00
2.773687621550140925e+00
2.424934585609685556e+00
2.453345037487812519e+00
2.540263995582851653e+00
2.724412412747911905e+00
1.582917310967004498e+00
2.188436678723194362e+00
2.572394203333955076e+00
1.946585693652003624e+00
2.071874278185885210e+00
1.356407123819956650e+00
2.168639330622760486e+00
1.960474563394366765e+00
1.848510196517086923e+00
1.679565369954550524e+00
2.346647396723180012e+00
2.356587659771218313e+00
2.025187679262660634e+00
2.491170402377917981e+00
2.678771749486920761e+00
2.236130393184274645e+00
1.885424021213861989e+00
1.992997817668909155e+00
2.357719082246995335e+00
1.809932690191044635e+00
2.065048764971539441e+00
1.522820018020367927e+00
1.083039287769302916e+00
1.737302723816988914e+00
2.329875658750386158e+00
1.286862706617479368e+00
2.267596453823108149e+00
2.062504782245513368e+00
1.788230431984917157e+00
2.332337064423270601e+00
2.298473617487591270e+00
1.510970876248612704e+00
2.461587878388765027e+00
2.143337570202059172e+00
1.806776764773487809e+00
1.720700096680925828e+00
2.285120256651611115e+00
1.736383479009680153e+00
1.650041166220507893e+00
1.898941558811749974e+00
2.680907945146879356e+00
1.820475180384995451e+00
2.624686130029540099e+00
2.455979489679640082e+00
1.234685757740510592e+00
1.734377162804465744e+00
2.123750876449433278e+00
2.255896467973698805e+00
1.663907024672804491e+00
2.089856382959201397e+00
1.291310170200022700e+00
1.946053369373885289e+00
1.519731312692180314e+00
1.253350557620882100e+00
2.262946258836007640e+00
1.422612187501103298e+00
1.807936215823693571e+00
2.474697996557811308e+00
2.322032133626096062e+00
1.822983326166760065e+00
1.687752712243208109e+00
1.956212104102648119e+00
2.426813073999463555e+00
1.337867658113512048e+00
2.199751230941277669e+00
2.133546895140643329e+00
1.485580687472718431e+00
2.572863460860781437e+00
1.776296521411945939e+00
1.691119464664497141e+00
2.271226563096543138e+00
1.811826374093638670e+00
1.578309132293807426e+00
2.311733600651426634e+00
1.752497582978285617e+00
2.130553307480399283e+00
1.489587652775766324e+00
1.655376094513847596e+00
2.329034057709042926e+00
2.220183928525750972e+00
2.083182391693993551e+00
2.440114297908592356e+00
1.797211695069465431e+00
1.794489246545685646e+00
2.366752634755079576e+00
2.662142967872320298e+00
2.264459941800181397e+00
1.977242806141065623e+00
1.997846159287718137e+00
1.808693140154771006e+00
1.299565600779528207e+00
1.934920903669464121e+00
1.888981920094031430e+00
1.761363022420239011e+00
2.770505296386970073e+00
1.874400272322474859e+00
1.837348256625192411e+00
2.255697653946753256e+00
1.462100335251907968e+00
1.851257974882215107e+00
1.451740631087383271e+00
2.097585511964395799e+00
2.610880905986922684e+00
1.811532379598466580e+00
1.510913461112701750e+00
1.700120565467323042e+00
1.099265717059334513e+00
1.436026969423352284e+00
1.465556591542642728e+00
1.520548750448246889e+00
2.303195913212602086e+00
2.312064220651992574e+00
2.511434949355916491e+00
1.893565880599634488e+00
2.315444743135297578e+00
1.685165652219453136e+00
2.756538482450817895e+00
2.672639833293872336e+00
1.898572778069478550e+00
2.542647847308436404e+00
2.277453297770333229e+00
1.807135159206579633e+00
1.741018244052208619e+00
1.672667177012368001e+00
2.368600506499648262e+00
2.324999166895330038e+00
1.655317053210031641e+00
2.260809066768642683e+00
2.391451139514766844e+00
1.776199770302629766e+00
1.661676210862465641e+00
2.212730161318928523e+00
2.178579847110746925e+00
1.367683760002871951e+00
2.533624552239798433e+00
2.004940013919267905e+00
1.506353913998946359e+00
1.962100342124498020e+00
2.302648438698177813e+00
2.115884587631586378e+00
2.023947227546974759e+00
1.682601999308991791e+00
2.473848474161400190e+00
1.186798121927483241e+00
1.755186302461433812e+00
1.533639800166349598e+00
1.752099038539464360e+00
2.506851778956782351e+00
1.993734101880452858e+00
1.837679896331121832e+00
2.228247817838154177e+00
2.239112069841965535e+00
2.237419442429025018e+00
1.240181047924440172e+00
1.894031413762022442e+00
2.526727766257434116e+00
2.607515162191711866e+00
1.375859800277051015e+00
2.258239112251244407e+00
2.618962063687582109e+00
1.095330290026343079e+00
2.002213672236256237e+00
1.817681880662894045e+00
1.517939606586036216e+00
2.227977659207402539e+00
1.967995165103200161e+00
1.558986586349363934e+00
1.990615484389032908e+00
2.192381756774525847e+00
1.366988238138962641e+00
2.646765249308485224e+00
1.698329447400369840e+00
1.845513061013677625e+00
2.230729916485363340e+00
2.373521235860221346e+00
2.602421591229668429e+00
1.647766486161056143e+00
2.408266835722199239e+00
2.155584039918517103e+00
1.945633490802273657e+00
1.874662295390232103e+00
2.075061980767250791e+00
1.630392145128527259e+00
2.048269270737428815e+00
2.429565649450940334e+00
1.781309772868664432e+00
2.544273616282724859e+00
1.389916685936010809e+00
1.871103692263014207e+00
1.714596963282044584e+00
1.983319272499049823e+00
2.419854217248484041e+00
2.153243826194692012e+00
2.379918843686109398e+00
2.424142252343805204e+00
1.618292644893144505e+00
1.849065411818620053e+00
1.400458198281612887e+00
2.586826870396799816e+00
2.316140742298827604e+00
2.763900311186906045e+00
1.683112507270892344e+00
1.754111467482946773e+00
2.316315341120900761e+00
1.805165305669562903e+00
1.513641501879028795e+00
1.965224427076964764e+00
2.488443417418308101e+00
2.460434397883070723e+00
1.886620516378441303e+00
2.233085792647529821e+00
1.779509521874471201e+00
2.188287001972042844e+00
1.313741951800558638e+00
1.743831445188658513e+00
1.922827298285952446e+00
1.743151529272212841e+00
1.747998332766906415e+00
1.872137027949086541e+00
2.282462890434366454e+00
2.759403695961591296e+00
2.813517634044969462e+00
1.568922821788041988e+00
2.185004202235245607e+00
1.781167420099565746e+00
2.003557969474531575e+00
2.041310676800008217e+00
2.738954955496227583e+00
1.282146173133547284e+00
1.769084764418314748e+00
1.967333746749943657e+00
1.865155637961083634e+00
1.146184152377108578e+00
1.366932536511677121e+00
2.726484969369262323e+00
1.255051095097418523e+00
1.481757457406002843e+00
2.410157942359730576e+00
2.019504010761770996e+00
1.540815447845204966e+00
1.788953167606683659e+00
1.575200737365471948e+00
1.943359761453759216e+00
2.424432665802114251e+00
2.720415165989435557e+00
1.537130459159419704e+00
2.622903249220304822e+00
1.449444393755932037e+00
1.329910920563289300e+00
1.429942656398961010e+00
1.691398722930556708e+00
2.343331988081934991e+00
2.364013146330361081e+00
2.801779474073924359e+00
1.962953605564581094e+00
2.334444951430694637e+00
1.794212094572145144e+00
2.384336100376692080e+00
2.406610164882069469e+00
2.375675071464872445e+00
1.809566530758836667e+00
2.256159493463781196e+00
2.219307587597051601e+00
2.053304169919565325e+00
1.617220477705733295e+00
2.239872450422961681e+00
2.601801435677265406e+00
2.470435241164900653e+00
2.018012486831657348e+00
1.175462942255276033e+00
2.752642228177281325e+00
1.478986175289342064e+00
2.089195294820757720e+00
1.450097396441553554e+00
1.701274080117430865e+00
1.621244965113918912e+00
2.142988150472330933e+00
1.718689660111979878e+00
2.053836523621725973e+00
2.297129137027630996e+00
2.151078204599945476e+00
2.478517376280545470e+00
2.231638304883098112e+00
2.525014826259720735e+00
1.540907658653112744e+00
1.939465040076985947e+00
1.987508554305020603e+00
2.580450735992877220e+00
1.515414736204694801e+00
1.494210856749792704e+00
1.172719766729565016e+00
2.590149059950971999e+00
2.170988552813189365e+00
1.442813164477942944e+00
1.973986313691091343e+00
2.532287708720759589e+00
1.642312824492703882e+00
1.774272388559658076e+00
1.983598941224163026e+00
1.799037997340296346e+00
1.888460178515894983e+00
1.876498774512752377e+00
1.870977701192866327e+00
2.046107473571591395e+00
2.547726120058266375e+00
2.055007440348017411e+00
1.507368004950675910e+00
2.239325158882780720e+00
2.028518354471635199e+00
2.732824040999161319e+00
2.544696375448466608e+00
1.729569717843826515e+00
2.079133282531969051e+00
2.555265423391178903e+00
1.267037204622958324e+00
2.030640997897881661e+00
1.730137697983030076e+00
2.126211133938696207e+00
2.479138769489984462e+00
1.403818741726925001e+00
2.020705897550720387e+00
2.560507311317539170e+00
1.952617725093998446e+00
2.519714951896133925e+00
2.386455545669950329e+00
1.309122478069847162e+00
1.868876238899896292e+00
1.762767591223846297e+00
2.446699940359410963e+00
2.526814661837168074e+00
2.277854847319791709e+00
2.076175181369446676e+00
2.427644307530556489e+00
2.307949259920543561e+00
1.879986001664833317e+00
2.152988113310794205e+00
2.439434779041384616e+00
2.176362269255007753e+00
1.796131428263108898e+00
2.785655347435823437e+00
2.524762277833454860e+00
1.636144033838557998e+00
2.508811715249118279e+00
1.604757584321776065e+00
1.436503339610708752e+00
2.198253332836745955e+00
2.185967162689621546e+00
2.125109135731135801e+00
1.582534029821884403e+00
1.290131819829092308e+00
2.540114242286767521e+00
1.999609984759647352e+00
1.866526525055141494e+00
1.617730881696144429e+00
2.050973475616435060e+00
1.453969897051089699e+00
1.441261593478756708e+00
1.783945030681735266e+00
2.791094869291772085e+00
2.122519916982499755e+00
2.020516431632498389e+00
1.975570544121033389e+00
1.672376552398136429e+00
1.930672198362706204e+00
2.230637336772995027e+00
1.776074622773596623e+00
1.639930941982303159e+00
1.837767591271672440e+00
2.210972011925511183e+00
1.673384862805195716e+00
1.318843684667855731e+00
1.910080079338471126e+00
1.931476570245716395e+00
1.169795614412529439e+00
1.554618594540825738e+00
1.608644987605473364e+00
2.444913790916273033e+00
2.157849779537012846e+00
2.300350599356560721e+00
2.424738993085107541e+00
1.246649321999215632e+00
2.055317063207408701e+00
2.437528527592229821e+00
1.923775995596407773e+00
2.289330122762936348e+00
1.610200559866249215e+00
2.287436807308496078e+00
2.392020982785960648e+00
2.540238265344137325e+00
2.473662520718000746e+00
1.136142045515950993e+00
2.735027368662017011e+00
2.297152675521170195e+00
1.944603783525766350e+00
1.452385490127302781e+00
1.915930995415745519e+00
2.375189311946334314e+00
2.415839893783047643e+00
1.922163995817672166e+00
1.474938164198910329e+00
2.463687113482047053e+00
2.350489755910013301e+00
1.422328788202624095e+00
1.646152954579643390e+00
2.626886056144803305e+00
2.263507687036288907e+00
1.866659017672833265e+00
2.774728181491797230e+00
1.205544602313038505e+00
1.987857950454110956e+00
1.901375063401567367e+00
2.793958067752154939e+00
