1.962389595606230941e+00
1.836224660078596305e+00
2.089455276580709508e+00
1.657034239250161578e+00
1.250009035423904402e+00
1.750882594581704144e+00
1.610824473314647287e+00
1.791814339631978559e+00
1.343038182765808219e+00
2.325603486451042201e+00
1.199055361637202832e+00
1.802388248099433099e+00
2.633454529215009110e+00
2.267868009690233499e+00
1.444236382469564095e+00
1.667370483233269640e+00
1.564432960823340046e+00
1.534364699941406673e+00
2.149312915113664069e+00
1.960869531895201856e+00
1.783833643890702536e+00
2.046763231951276296e+00
1.635094041161191392e+00
1.696567323201811472e+00
2.114300462404043124e+00
1.666398888280033574e+00
1.111250688585937674e+00
1.812990285984875438e+00
1.656736982572580619e+00
1.732474660331844607e+00
2.367983295545239564e+00
2.406043696565312473e+00
1.921741025253753232e+00
2.061875239898240952e+00
2.069309783789578638e+00
2.157241427539782208e+00
2.059500404923670480e+00
1.544902665435019973e+00
2.163623167246730983e+00
2.812293497325669467e+00
2.451544035008411004e+00
2.046571323824040611e+00
2.398256215189003893e+00
2.692171541912429689e+00
2.604864241449163842e+00
1.438945264191094475e+00
2.008197137922412168e+00
1.459605185355673962e+00
1.941691955481295029e+00
1.796571568103008110e+00
2.012826021454578118e+00
2.121890883711524900e+00
2.464180196977279635e+00
1.781479713878522109e+00
2.207664931113382245e+00
2.620132915161027753e+00
1.540441310311879031e+00
1.278374435235511086e+00
1.993697842611557469e+00
1.865211336342707193e+00
1.946130281091016823e+00
1.999117162149736338e+00
1.458406938295141897e+00
2.436910078324740159e+00
1.425735388680040128e+00
1.887912397075378390e+00
2.030984699771356539e+00
1.849599738627699441e+00
1.226549343205001863e+00
2.395183367633996419e+00
2.041001780781074526e+00
1.360079527591608883e+00
2.198210987855425458e+00
1.867865960468500175e+00
2.024435292754790616e+00
2.497752029291980591e+00
2.709464620174989236e+00
1.896399899626808550e+00
1.853741664229909603e+00
1.763041930688464376e+00
2.833098360757904555e+00
1.866915343704471653e+00
2.532817910575429821e+00
2.148927445097355005e+00
2.926791543330083289e+00
2.518105974235636424e+00
1.481801506141098068e+00
2.581359531239635352e+00
2.298770702042601144e+00
1.277772482791090125e+00
1.797316309898887576e+00
1.891303078719247299e+00
1.764504043159164759e+00
2.796874161174859985e+00
1.671599121146261968e+00
2.564239685702115246e+00
2.312715938311734831e+00
2.689621493879933212e+00
1.836851793603466065e+00
1.477551244931899044e+00
1.555721657605340535e+00
1.337149917434869328e+00
1.446042839047374073e+00
2.120697786707670396e+00
2.442997387852455571e+00
1.241150302925299709e+00
1.936587890242840171e+00
1.385889644481197225e+00
1.900210709231187511e+00
1.939401886718443935e+00
2.050802728521919693e+00
1.397628026414897473e+00
2.459141115189970250e+00
1.713881985511201744e+00
2.899480629096242268e+00
1.669354580143955769e+00
2.185754483655804048e+00
1.830013578266361129e+00
1.668912676528057748e+00
1.260814633160092457e+00
2.156041636057482336e+00
1.787773294537258639e+00
1.558698432568260905e+00
2.134711667184705064e+00
1.698751996342947823e+00
2.395319349055077041e+00
2.347649964934280575e+00
1.468624317768220111e+00
2.400537421253002179e+00
2.516636035126208704e+00
1.951784628271030053e+00
2.122665252422776483e+00
1.298613279468769699e+00
2.068732321939267038e+00
2.115309418064446056e+00
2.313378061112428163e+00
2.390464676975114777e+00
1.870146789172770330e+00
2.428384067473929431e+00
1.482087001057982079e+00
1.613096690653695209e+00
2.535036087509926261e+00
1.961836283963812821e+00
1.702432314149914472e+00
2.185955083175426417e+00
2.078040324246284598e+00
1.460733907513430019e+00
1.260228978997575577e+00
2.369918773730049111e+00
2.280001781667826855e+00
2.432916448719802283e+00
1.762150749600290833e+00
1.468415771985223106e+00
2.362480598311050617e+00
2.685145628522613404e+00
2.585110393240831250e+00
2.423680662477385450e+00
2.895025640181291937e+00
2.185608108964855134e+00
1.835287644728021750e+00
1.770036641431694813e+00
1.494640863592346935e+00
1.525861787409910519e+00
1.826837560843073360e+00
1.545275509144695913e+00
1.593826562461876595e+00
1.969747374049452882e+00
2.356139607207940134e+00
2.238710206818641524e+00
1.962718978657035374e+00
1.687081427516589738e+00
2.330948580632560052e+00
1.309080125393158989e+00
1.710477783668466145e+00
1.859466893351158667e+00
2.091229736569901743e+00
2.093799890309155920e+00
2.748432386889383405e+00
2.094170657832525428e+00
2.427436893315398692e+00
1.646583090403989313e+00
2.194212715671253200e+00
1.929257255028058893e+00
1.726173433107444755e+00
2.619943456962775308e+00
2.611936642967660482e+00
2.304495435347550192e+00
2.145523743880147105e+00
2.554650104758076523e+00
1.834212967727282262e+00
2.011302023071739331e+00
2.117374754472211684e+00
2.205340429342772079e+00
2.304826635976969129e+00
2.472977044850616757e+00
1.979149391613413300e+00
2.508444268903215146e+00
1.687026527399725140e+00
1.932578885988019080e+00
1.245041822108716945e+00
1.252537175844497863e+00
1.437376554873406320e+00
2.299390298437893332e+00
2.527732366104935124e+00
2.705205734397774453e+00
1.418157362359319329e+00
1.389437119158754674e+00
2.259394338973033101e+00
1.686296575720251489e+00
2.529561853285855921e+00
2.230786505635406591e+00
2.061337203930945883e+00
1.840325971943965744e+00
2.413602110068173268e+00
1.754090269706478633e+00
1.787662933003028032e+00
2.259016955154204975e+00
2.369438860316034123e+00
2.964586100550953063e+00
1.976319789014319817e+00
2.302418236604821811e+00
1.968059718264641544e+00
1.112527641875480811e+00
1.840939722969316961e+00
2.366214997569758616e+00
1.531285995031756553e+00
1.849935564041733649e+00
2.276585706338121184e+00
1.818584129174506181e+00
2.441696828784472029e+00
2.000377512748920950e+00
2.234892171316737564e+00
1.755406371351144967e+00
1.620846403074510000e+00
2.609323457533918145e+00
2.156619716882711479e+00
1.592787241119911101e+00
2.109946532529221930e+00
2.463971659503628509e+00
2.034233896012868748e+00
1.883902614722326785e+00
2.569002816820974644e+00
1.664690767887759382e+00
1.944566923485828269e+00
2.221467916211288696e+00
1.865368456094409710e+00
2.386768420622300102e+00
2.252899183130393723e+00
1.779913459003130249e+00
2.216816519591176871e+00
1.879661961688940508e+00
1.503674954453774859e+00
1.094487936134050710e+00
1.288007272916853463e+00
2.338325789453486792e+00
2.274991011346118697e+00
2.486059333657664183e+00
2.102539175392706294e+00
1.302319729656976177e+00
2.149567179881714640e+00
1.928820616597894722e+00
2.001125354919102595e+00
1.692231889581066628e+00
1.525479292351051175e+00
1.673973962212627953e+00
1.167192892134527593e+00
2.674495227994995616e+00
1.416254213437369014e+00
2.708854987133897829e+00
1.769997216419452180e+00
1.555673649290918004e+00
1.708477370669453155e+00
2.528022199005004911e+00
1.864142224921308433e+00
1.540753444273905703e+00
1.630834843322244376e+00
1.737259257074482033e+00
1.460327437948977458e+00
1.192699563101484950e+00
1.855585061443438821e+00
2.496392826755840399e+00
1.917506385997960194e+00
2.304436249023697592e+00
2.073123596932435309e+00
2.099933266736234927e+00
2.572304561330162720e+00
2.465849123763252937e+00
2.080913723215215505e+00
2.084841019234399795e+00
1.999380342739715655e+00
1.542899379608806631e+00
1.581794626286673111e+00
1.974215885901041911e+00
1.842987599220097472e+00
2.094064194490972142e+00
1.956462203142252942e+00
1.318988079373309086e+00
1.774899266363898942e+00
2.541448872420007277e+00
2.640463071901523406e+00
1.789175549608132521e+00
2.306833370768131442e+00
2.367924823322270278e+00
1.463494301708519796e+00
2.486989878877102100e+00
2.046461439648099123e+00
2.456524018372743257e+00
2.405996505360402438e+00
1.656124687559122233e+00
2.115793594496242491e+00
2.616839900778113126e+00
2.556514443354179100e+00
1.886386526227686211e+00
2.571934862481898065e+00
2.092504767788305742e+00
1.992876880966555575e+00
2.442653218516511959e+00
2.304173849406859098e+00
2.035056779884636846e+00
1.527862535961430179e+00
2.597445287062415176e+00
2.777582759484970687e+00
2.795602969845931263e+00
2.294393521065131836e+00
2.191893530066549189e+00
2.251673342795180943e+00
2.936786105173062822e+00
2.687864492393660321e+00
1.517954084491474065e+00
2.097517756081209495e+00
2.438876371363263296e+00
2.291959569949554520e+00
1.755068722700346751e+00
2.567583154955808133e+00
2.476556140213202362e+00
1.653610420877457354e+00
2.183840204407598407e+00
2.177017899557808445e+00
2.842504678288928499e+00
1.900707448313463388e+00
2.266056086625042099e+00
2.718088805074338588e+00
1.765774034466126352e+00
2.039020084097105112e+00
1.956850698013663958e+00
2.094656772730005390e+00
2.558396850264576194e+00
2.256336561626936632e+00
2.208600368817601023e+00
2.151071990367509734e+00
1.605465842962600309e+00
1.781022349771665736e+00
1.384284252728894993e+00
1.931499833989558601e+00
1.396316936620139559e+00
2.248965148911978851e+00
2.018676682623978813e+00
1.769376962633381734e+00
2.521817021242840795e+00
2.337297743292717556e+00
1.328511457554083730e+00
1.837925717022947936e+00
2.093791386166540480e+00
2.839534617214355627e+00
1.964518466132298524e+00
1.812035869124130727e+00
2.443582377122250016e+00
2.169497147048402574e+00
1.266997673305549910e+00
2.315561289736637995e+00
2.243210198627919372e+00
2.434557326569490421e+00
2.279290087960338607e+00
2.555387151192136663e+00
1.833837150344850730e+00
1.526644657607019617e+00
1.789473881617391182e+00
2.039098853565405989e+00
1.956083875225163471e+00
2.072045032257363140e+00
2.302685878971438171e+00
1.569901350917820793e+00
2.381700289486416544e+00
2.292138710330435813e+00
2.273524917026405134e+00
2.030644445406655230e+00
2.009639454667004443e+00
2.053026389370283589e+00
1.874756090849199808e+00
2.128730972519416120e+00
1.864673813499947208e+00
2.217889725726348793e+00
2.579228086102257400e+00
2.525123138250712440e+00
1.872671744908015690e+00
2.276398859565211374e+00
1.560339827054782358e+00
2.446529664460875608e+00
2.025948115031398267e+00
2.010480687140320022e+00
1.192861237464456270e+00
2.264069285824117372e+00
2.246071038059000990e+00
1.509250315691589961e+00
2.341543069808272204e+00
2.397919326366657167e+00
2.086195487998896425e+00
2.210272454022815136e+00
1.936079781690389634e+00
1.244569782868899077e+00
2.152821991318408124e+00
2.597116687152361436e+00
1.724049093310248137e+00
2.662717259403023284e+00
1.340691866897922857e+00
2.697747581601261935e+00
2.322931949631235504e+00
1.586988281784333266e+00
2.572028857479576658e+00
1.509714199955339620e+00
1.620076730485803695e+00
2.082765711936509057e+00
1.478166886888853782e+00
1.395756628685777656e+00
2.230578651519370403e+00
1.899122185253306005e+00
1.450165708158482669e+00
1.317121791413692788e+00
1.902225938585841547e+00
2.636674402068200251e+00
1.933841905150810447e+00
2.382938001151365004e+00
1.914439701460212140e+00
1.763353147390068321e+00
2.428757991975788677e+00
1.957778884183153378e+00
2.438016771645427738e+00
1.092966213020756916e+00
2.441698791007319347e+00
2.620576639386366313e+00
1.763859224110918333e+00
1.632237778503994097e+00
2.710022034182635764e+00
2.408257477377422795e+00
2.290492920889810158e+00
1.924913324638100942e+00
2.657831816183969131e+00
2.391666343610527434e+00
1.738912637217811863e+00
1.958808442263060279e+00
2.592610345590098397e+00
2.602348641566612386e+00
1.562066802301675494e+00
1.872929744707140465e+00
1.468822572911937518e+00
2.150907086887419162e+00
1.592448007669002630e+00
2.353223807313472360e+00
2.421249085524088240e+00
2.082191715405433463e+00
2.411705683821090851e+00
1.164252408702803887e+00
2.541444614561501503e+00
2.734797664610052692e+00
2.444055089985708307e+00
1.560964508507456605e+00
2.270598268627208149e+00
2.246654287366005587e+00
2.702164586898879950e+00
1.391409621751708237e+00
1.224468289699403023e+00
1.999196087465090255e+00
2.317723116198618705e+00
1.629906136905417524e+00
1.995834415191078071e+00
1.804826298388230388e+00
1.544915404602400066e+00
2.010751652871371142e+00
1.688226438039107435e+00
1.800094521048917429e+00
2.620067866109017984e+00
1.736588879408654140e+00
2.716891536275430674e+00
2.562831149527149854e+00
1.946299762997373728e+00
1.796193922322797842e+00
2.365721189095404409e+00
1.704655591407163051e+00
2.702891626610758102e+00
2.063543816546707710e+00
2.319168870322740439e+00
1.733840029671775307e+00
1.665447067989051178e+00
1.857836157014926659e+00
1.835459471562012723e+00
1.323691629266674941e+00
1.514615453622817576e+00
1.411615241236944929e+00
2.654402994490702383e+00
2.182029825447213245e+00
1.602695824713331163e+00
1.559819371529326038e+00
2.234773387673575140e+00
1.596927941378539550e+00
2.008058191569829010e+00
1.467259910116341048e+00
1.759710095446558542e+00
2.223056654497315154e+00
1.681987577417516366e+00
2.189492102980247878e+00
2.394677229321757750e+00
1.517505188596998789e+00
2.540255469512631592e+00
2.262957194262739780e+00
2.146333752242086224e+00
2.270594806835534385e+00
2.251876675744424183e+00
2.538096951438583382e+00
1.595571854207553208e+00
1.621529207437718112e+00
1.518829603542102280e+00
1.620391332345485713e+00
2.291560595669900113e+00
2.286169018834502076e+00
2.603159607600949332e+00
1.540621447898179674e+00
1.180294671001950180e+00
2.488593739789126680e+00
1.411976774113445909e+00
2.135775581662644917e+00
2.079287333727841691e+00
1.796835025012211151e+00
1.512060103461181360e+00
1.997039779945855908e+00
2.731991635087588133e+00
1.632598046078861387e+00
2.377939505821447419e+00
1.908986049177349376e+00
1.645971896814035107e+00
1.636926986691673136e+00
1.412031531600615342e+00
1.769602878191524731e+00
1.099374023926861677e+00
1.928075559065372868e+00
1.334968891250589484e+00
2.416185653725307692e+00
1.456795888449002874e+00
1.735601034923200281e+00
1.918092000810887043e+00
1.993309377001757365e+00
1.492438872252698445e+00
2.586786461396660464e+00
2.233487784863086745e+00
1.860466489865359785e+00
1.422262982151316191e+00
2.084785276154670797e+00
1.941377221372660777e+00
1.893812680720323716e+00
1.599926228844462228e+00
1.878304275026532633e+00
1.910141880641638812e+00
2.049441327493252363e+00
2.391393708270845408e+00
2.676126521224011512e+00
1.445491990232925517e+00
1.311480693591687396e+00
1.769574969380735663e+00
