1.750709292671564388e+00
1.376717934438172586e+00
1.734152123124708123e+00
2.225308920635170828e+00
1.749969265945162444e+00
2.141988555670794714e+00
2.342138402248452600e+00
1.970372249269960241e+00
1.553082124460350100e+00
2.232472249772992967e+00
2.757660401554596685e+00
1.894943360748533312e+00
2.022398818494469452e+00
1.887796687260721029e+00
1.419882325685956515e+00
1.397690797409495422e+00
2.226111571314691506e+00
2.044749317271528533e+00
2.424266242123852777e+00
2.469321257513364287e+00
2.031575880414657753e+00
2.370244017527470604e+00
1.638584546757295701e+00
2.158142233977585978e+00
1.594894178086893266e+00
1.791582847549207491e+00
2.097282800414212556e+00
2.296434248372770881e+00
1.160241895000382772e+00
1.687747106394978935e+00
1.481112970672049833e+00
1.713078745764158750e+00
2.287661960464372868e+00
2.466129773028311156e+00
1.102951858014792785e+00
1.454597846409442452e+00
2.396901025947104635e+00
1.216980408482364773e+00
1.813545103760387800e+00
2.253534068747898189e+00
1.700165219639560021e+00
2.232899749315390370e+00
2.107477766961134424e+00
1.919246188451577684e+00
1.747410558094100175e+00
1.514845689898022929e+00
1.789295489803028882e+00
2.108097782169343404e+00
1.959581590615500746e+00
1.961868816713844499e+00
2.310501894830583769e+00
1.835920826964694275e+00
2.328301258057286383e+00
1.726171237736102704e+00
1.737940925259446434e+00
2.659836659678997961e+00
2.313535042113968210e+00
1.582653542755011244e+00
1.506809606856137851e+00
2.618838086634598383e+00
1.738699605285985106e+00
1.719839091717919377e+00
2.422856147082363965e+00
1.457985116915658352e+00
1.668219727391504925e+00
1.403656863024699497e+00
2.090243011098136705e+00
1.623959518321904216e+00
1.388544564404980086e+00
1.981898670664763218e+00
2.203528207990668619e+00
2.266053376721390400e+00
2.785925628610737448e+00
1.464553712689936393e+00
2.316592000939615037e+00
2.430020675995332891e+00
2.380810043772257689e+00
2.498249356902490170e+00
2.733784071236524227e+00
2.222413787970251686e+00
1.654952687693971303e+00
1.782973473280380361e+00
1.747037936922078760e+00
2.448225039776474432e+00
2.066678627908608235e+00
1.822923456147634180e+00
1.517499912479579827e+00
2.241684148475247440e+00
2.043947463122487207e+00
1.695139514096951627e+00
1.715702425760359473e+00
1.485405513367535013e+00
2.303329352796460228e+00
1.975409555164625353e+00
2.343598680253332844e+00
1.935957315186414895e+00
1.530395615839916790e+00
1.412712194608998439e+00
2.818897150841829014e+00
1.844480268715933402e+00
1.420967697621123627e+00
1.529003656561827462e+00
2.521432368152237480e+00
1.570877799328139535e+00
2.117912579696989539e+00
2.251742050760213498e+00
2.308943000289111147e+00
2.273582264432197242e+00
1.572243208925908631e+00
1.628053612895724367e+00
2.203479117235541462e+00
2.289713368990276443e+00
1.583640462025240003e+00
2.135097206052983587e+00
2.464750873321173152e+00
2.321343753587073344e+00
1.463620434870106957e+00
2.153614204275976718e+00
1.845261797294395434e+00
1.654858591363437270e+00
1.297192693761997084e+00
2.199838320477190745e+00
1.199276416199213102e+00
2.100637316440430169e+00
1.688181795337386548e+00
1.155266648302311960e+00
1.689059508072899396e+00
2.166046757728606664e+00
2.149413347475649605e+00
1.847458495814567669e+00
1.705624425880974737e+00
2.283355138708714982e+00
1.882994162099277835e+00
2.608266277780668219e+00
2.051340377430237893e+00
1.818047404091553521e+00
2.236254631670338888e+00
2.040258030210001294e+00
2.718143800798018539e+00
2.124995100089347666e+00
1.519661720126687987e+00
1.466671481310239722e+00
1.938856127088249170e+00
1.627514220058246863e+00
1.478068581625798572e+00
1.794400903950472914e+00
2.741180010793295097e+00
1.637496204572509662e+00
2.453521463521009860e+00
2.132273083585742413e+00
1.727414679210816484e+00
2.839390790022116029e+00
1.320602995106017863e+00
1.611396453956331909e+00
1.722006389491447020e+00
1.531568948068016134e+00
2.174606878501121443e+00
2.414909296442161235e+00
2.488043102759813330e+00
2.589444413092012454e+00
2.203257169089601675e+00
2.382203277982350986e+00
2.322815981676643382e+00
1.679776441874477833e+00
1.438210534151068698e+00
2.386940115348646696e+00
2.378997214862905274e+00
1.902840239406917711e+00
1.297655082543298644e+00
2.306128706786059190e+00
2.388416455611189093e+00
2.104232965735575611e+00
1.717035479805711029e+00
2.057961325742701852e+00
2.485069770226298047e+00
2.318185524051865176e+00
1.544836137753008209e+00
2.008808202403801424e+00
2.061106967427250858e+00
1.933178239083491068e+00
1.918472576782604078e+00
1.266573682327110983e+00
2.142435092239751704e+00
1.919449517888666801e+00
2.105798558921102348e+00
2.143099830895900837e+00
1.647874193912695961e+00
1.875515809847883020e+00
2.201483984290637963e+00
1.492064276592618199e+00
2.622673236682072861e+00
1.820938884728073637e+00
1.550019281284303885e+00
2.438812191160463883e+00
1.764299182253119547e+00
2.411388546691437096e+00
1.901954968973177396e+00
1.655327234437136141e+00
1.806607133238426144e+00
1.731688773705868600e+00
1.728456654334545650e+00
2.366263726284300262e+00
2.325050177533302787e+00
1.934441285365471330e+00
2.627623990271839460e+00
1.923682291524998922e+00
1.966932398326416864e+00
1.837836313628770313e+00
2.449001911641357054e+00
2.607038238329171698e+00
2.200149372180827179e+00
2.422238371199515239e+00
1.205287707455982904e+00
1.894598806459895313e+00
1.706505018428972509e+00
2.555244368796564913e+00
2.064353212054753417e+00
1.998946720855966808e+00
1.977736957418939845e+00
1.903968712562751575e+00
2.336262263081744006e+00
2.292850469787434342e+00
1.788717622117784511e+00
2.581797171402564040e+00
2.024403535811881483e+00
2.461912031096694431e+00
1.859123413547626891e+00
1.925327858521953761e+00
2.009032596422124062e+00
1.238074599073283544e+00
2.368958047984534687e+00
2.326190731868112316e+00
2.734133730129764572e+00
2.318142739173580935e+00
1.693714594922097305e+00
1.576084179814870145e+00
2.158173426803223549e+00
2.051597903774321718e+00
1.237437404930646023e+00
1.728925809534574753e+00
2.674200289213074289e+00
1.531625193803828555e+00
2.361453258949209655e+00
2.014768650211542500e+00
1.948082880406433626e+00
1.396182915468547669e+00
2.763884892495584111e+00
2.003587968262117158e+00
1.196003671194835638e+00
2.021860601203590235e+00
2.040885968318359112e+00
2.338898150204054893e+00
2.482958858939255720e+00
1.499730392507634624e+00
2.070524114157543227e+00
1.972359183779577974e+00
1.582960685733332484e+00
2.534130736202565792e+00
2.082085150638389504e+00
2.218881721914070404e+00
1.548099000856428376e+00
2.516001408935665040e+00
2.412912685803489055e+00
1.935417413809621845e+00
1.166177526909201845e+00
1.615545973264409518e+00
1.825675211717847635e+00
1.930135123144506526e+00
2.255290177468917356e+00
1.895775481489994529e+00
2.625466109044419127e+00
1.888583585360761319e+00
1.518302665147578168e+00
2.129215098297770226e+00
2.321405520384688170e+00
1.146721105911710614e+00
1.729393532367721642e+00
1.575764879383086514e+00
1.422123652172935682e+00
2.081097676442033695e+00
1.701224743928090088e+00
1.734591789762135017e+00
1.497514471814444192e+00
2.369170666230479227e+00
2.340981743184425312e+00
1.601638157802825368e+00
2.258588494332512742e+00
1.804309274431211474e+00
1.397972148597325326e+00
1.877666029590709718e+00
2.207265490132168217e+00
1.194491706493336691e+00
1.692397731062841082e+00
2.741222507105932849e+00
1.704114031600709289e+00
2.021175235280599836e+00
1.879084231308151054e+00
1.520861744335452848e+00
2.483839996712904785e+00
2.190557244432755013e+00
1.423988941420973653e+00
1.340755493181325697e+00
2.408122104292690135e+00
2.392006016345663344e+00
1.659306913463390654e+00
1.782158883341960598e+00
1.936139573301449479e+00
1.717075867645736498e+00
1.621142149060096793e+00
2.408367222772806571e+00
1.344267969076362590e+00
2.083505652159026500e+00
2.183772115382100587e+00
2.012283984814884352e+00
1.842633153082342101e+00
2.106369068631061658e+00
2.801968153900042502e+00
1.485802333498963401e+00
2.624252996973480911e+00
1.528579585779359151e+00
1.947749124445585345e+00
2.076129160956648345e+00
2.375454951560012073e+00
2.140348835476039824e+00
2.316585137936845840e+00
2.109624838274203107e+00
2.060801185402207469e+00
2.482664163353883513e+00
2.268044604576401557e+00
1.492739893752841551e+00
2.447646460096415844e+00
1.297088504176705737e+00
1.994741014962073011e+00
2.962831209166625790e+00
2.173147022024704889e+00
2.550527049410360902e+00
1.889261864219778708e+00
2.253303976112604801e+00
2.576583366583491852e+00
2.509264545198391705e+00
2.422529168344577766e+00
2.404064023168223763e+00
1.346581387727841417e+00
2.257286946764322622e+00
1.515940000845374946e+00
1.929907877221760382e+00
2.555294286434906859e+00
2.458115312071438741e+00
1.770543257784456870e+00
2.255681375255575993e+00
2.042342033204095131e+00
2.184642302339936837e+00
2.389399764137844606e+00
2.481571996706977146e+00
1.316854364843779157e+00
2.228221396376339314e+00
1.609829513315267580e+00
2.689455049769136963e+00
1.342294224272487568e+00
1.840938679808013401e+00
2.174820634993336999e+00
2.628007425614913295e+00
2.695949693064015662e+00
2.210729766234211802e+00
2.530191157978913807e+00
1.250730582733261098e+00
2.536830414302068348e+00
1.804913725327688123e+00
2.192792319365934439e+00
2.517577893432001446e+00
2.158264907084099349e+00
1.524007247032257428e+00
2.551042611841147334e+00
1.392087328673696112e+00
2.282891127309381485e+00
1.883425646334182968e+00
2.223670864869121466e+00
2.717043005298436231e+00
1.127811904387221675e+00
2.385750500924597617e+00
2.145711819072458670e+00
1.814109213442896884e+00
1.565620748350503355e+00
1.679346820932917428e+00
2.453225563691058042e+00
2.180567540148159011e+00
2.126242262921046677e+00
2.287619266743531554e+00
2.023176852581038077e+00
1.989733032039516125e+00
1.582995830106236790e+00
2.671742157317190003e+00
2.535953274623377496e+00
2.008244510802455363e+00
2.196433456072973467e+00
2.006447413032636629e+00
1.879118952899308415e+00
2.650455261026846809e+00
2.380179683562194448e+00
1.718167631897407066e+00
2.210796135244274652e+00
1.371110519426783192e+00
2.028210077599124084e+00
1.497605967180927644e+00
1.984940280493045606e+00
1.323973552381279895e+00
1.472327786840729402e+00
1.291557765073059638e+00
2.687644940112266845e+00
1.719506768324826851e+00
1.199637520500031584e+00
2.167200666214013083e+00
1.752119979831786800e+00
2.136811760083829448e+00
1.671934776982045845e+00
2.052222506251910605e+00
2.411605149401596648e+00
2.454429434974852775e+00
2.521317860489593166e+00
1.717257588143722202e+00
1.692218727109096932e+00
2.347358553771361933e+00
1.883317724796287784e+00
1.994504364354150905e+00
2.258969676944452054e+00
2.283603641228708625e+00
2.366400281223334012e+00
2.225006861816242854e+00
2.626127307314693571e+00
1.446412636145767650e+00
2.056154120125218476e+00
2.136987029074083555e+00
1.668883562017799527e+00
2.211328806680962433e+00
2.111815723535826805e+00
1.182115628777814953e+00
2.692476054327992419e+00
1.957447145861008320e+00
1.742526700181145305e+00
2.026799544034943779e+00
1.596717541352974834e+00
1.851195726491878801e+00
1.503984306414885230e+00
2.461238754459431632e+00
2.184951382006611986e+00
2.498414218161329359e+00
1.756505075685022677e+00
2.379285783727902004e+00
1.655638879569725663e+00
1.354774951548734840e+00
2.522653441321201839e+00
2.299010720188031431e+00
1.965384569967975947e+00
2.059567567425879098e+00
1.489725498437924234e+00
2.458475228972856641e+00
2.446631510147724065e+00
1.642998380638283518e+00
1.451650214490609825e+00
2.057718216567361313e+00
1.996345948971760764e+00
2.254807525981196381e+00
1.447921463180018353e+00
2.128397671859726614e+00
1.460082532667883681e+00
1.116094787558526980e+00
1.343071007981386789e+00
1.790885458198825830e+00
2.080901483873354607e+00
1.924557507546419188e+00
1.967169731575971969e+00
2.189084995505187869e+00
2.128615470091127282e+00
2.256320707622380350e+00
1.935952857338757216e+00
2.602037819114997319e+00
2.165401683293430413e+00
2.663961066397552813e+00
2.022585499092016903e+00
2.112945534891338184e+00
2.065724625701902628e+00
2.029738696622619187e+00
2.226574112506265024e+00
1.311001949881091866e+00
1.786294045532256902e+00
1.390474772731743247e+00
2.572163378407273271e+00
2.255969895727087504e+00
1.686910015980430000e+00
1.261473695379475402e+00
1.732513628407069239e+00
2.454684138860155684e+00
1.502216437550915940e+00
1.908199288071755761e+00
2.808007642695288908e+00
1.838213431014560140e+00
2.209774627423729321e+00
2.136819895562581451e+00
1.776035897872310088e+00
2.009819769206641737e+00
2.614987980225264685e+00
1.967683425322147794e+00
1.959822178040720786e+00
2.135336637860381970e+00
2.650786058998809036e+00
2.193938426465654068e+00
1.881865338007496558e+00
2.010324548485754370e+00
2.186300342398940444e+00
2.070816953656221315e+00
2.689517677454605238e+00
1.813356158131131490e+00
1.768409430441439945e+00
2.859553187651002748e+00
1.815754878232590297e+00
2.050758562533835150e+00
1.823968900901648871e+00
1.961275268108720882e+00
2.107060080323579498e+00
2.426228460649402674e+00
2.072597864291326086e+00
1.926034399824783083e+00
1.803762546898096453e+00
2.735223546182666610e+00
2.434603499769893098e+00
2.431628813871895112e+00
1.638666065118037363e+00
1.884492422413898582e+00
2.369004187235265402e+00
1.779413218355561987e+00
1.958931133664165714e+00
1.796572724031095358e+00
2.193759243066962572e+00
1.956521769644725239e+00
2.183042852262988998e+00
2.298706219705728415e+00
2.172577859833240588e+00
1.803893580355397042e+00
2.615188296179938199e+00
1.892474798446109663e+00
1.793487844985556912e+00
1.988977415779938029e+00
1.732273035866993105e+00
2.068214519155763931e+00
1.492081917843011585e+00
2.345740195440087827e+00
1.754687612657869433e+00
1.847288415285444074e+00
1.936732167051257836e+00
2.299489817341134668e+00
2.142602125701245974e+00
2.427229423713023415e+00
1.963826902895039472e+00
1.994172852531359119e+00
1.552159412069299194e+00
2.050940617853614256e+00
1.529127711453317939e+00
2.396053889515257662e+00
2.331370488819724862e+00
1.313075095126225111e+00
2.594150508591982707e+00
1.850784539669694917e+00
2.289441236872050034e+00
2.112149978048226018e+00
1.931661339081887974e+00
2.049557926338485991e+00
1.921904524367147982e+00
