2.356525913490285618e+00
2.818151149147776202e+00
1.589799589014326164e+00
2.003052065454088648e+00
1.415423280104236792e+00
2.304946305639382853e+00
2.025769752238325783e+00
2.588191899517276795e+00
1.784107761454848173e+00
1.407672192058379235e+00
2.133201114443560087e+00
2.180768404392883220e+00
2.017304439478914801e+00
1.674797162332317679e+00
1.807285953332292472e+00
1.569494213258378679e+00
1.317432805542558150e+00
1.820367385061737453e+00
2.329404481571970997e+00
2.484067074710305079e+00
2.111848446573661775e+00
2.152181514847648636e+00
1.955049776053707333e+00
1.866882513642021735e+00
2.027358707193902987e+00
1.424014702857349324e+00
2.368499048983900401e+00
2.214571967620966308e+00
2.507241604454019779e+00
1.887027734925089462e+00
1.510018829462594692e+00
1.365061350486956204e+00
2.559913899206256005e+00
2.077213923195565748e+00
2.434362391187032681e+00
1.287879720757632018e+00
1.958179399238957785e+00
1.702296182733815666e+00
2.839167774654124177e+00
2.207447396882184165e+00
1.597869551180666425e+00
2.430931219197490556e+00
1.831382960973520824e+00
2.768147793353080033e+00
1.770959285565522734e+00
1.496398767297276722e+00
1.792918287469100758e+00
1.971828737740529247e+00
2.500906388443269179e+00
1.434759222352832042e+00
1.422010655119200440e+00
2.037475947356936601e+00
2.381993391888669098e+00
2.135260553783189685e+00
2.346746485605797350e+00
2.524531683657989412e+00
1.795836922104792954e+00
1.488208412931026459e+00
1.861489601239714631e+00
2.172003135180112121e+00
1.438952877895219196e+00
1.213660431170908716e+00
1.378467309717708478e+00
2.624988295700570795e+00
1.771591848104026035e+00
1.725849429854916517e+00
1.836141166847900852e+00
2.848447714259293218e+00
2.222447898847761394e+00
1.966352571569354613e+00
1.628618005835581251e+00
2.144529669062532840e+00
2.753113189658284110e+00
1.604692837827037533e+00
2.857016719887075062e+00
2.603498799771113426e+00
2.160356247208967240e+00
2.202471677324385091e+00
2.813064674151711131e+00
1.396729704456366461e+00
2.385468874630328528e+00
1.903564141909502849e+00
1.931380895258675956e+00
1.704808707438122850e+00
1.746902610249155607e+00
1.744857702331216842e+00
1.870128549915700766e+00
2.011611136044173520e+00
1.573511534810434487e+00
2.159134254370630224e+00
1.837555307891293843e+00
1.980485949251785005e+00
2.125529185255340181e+00
2.856233280206988745e+00
1.584785195066493291e+00
2.225000606042712548e+00
2.005477373933161722e+00
1.867520105208024139e+00
1.470138358362550912e+00
1.604512036925095142e+00
1.920165318158258305e+00
2.098682764685563917e+00
2.197163512207053415e+00
2.055390882558179477e+00
2.465620577310710715e+00
1.622105397197571852e+00
2.250750673860369311e+00
2.473790122952027382e+00
1.807146194312337917e+00
1.623840965367477907e+00
2.459986800269152951e+00
2.299027074317943509e+00
2.231517563665184944e+00
2.122493370302710680e+00
1.697178133152697388e+00
2.300029296981120019e+00
1.958181032868668847e+00
2.116042898517970450e+00
1.724494671208397278e+00
1.751937592471610738e+00
2.504248872039959828e+00
2.468297128012407082e+00
2.560717519129249276e+00
1.770457342053243233e+00
2.323596894121438439e+00
2.762566711435879618e+00
2.075067397097767330e+00
1.603310745416317351e+00
1.805864170503765020e+00
1.376257727782020490e+00
2.041017002930074931e+00
2.649409102089558932e+00
2.277002378603520505e+00
1.977747452147669449e+00
1.555005333798053835e+00
1.996087399546181862e+00
1.764216123706778383e+00
1.865379353903788395e+00
1.988030698610087299e+00
2.254284833286513745e+00
2.335969706222874809e+00
2.255209197310072966e+00
1.638535040788584363e+00
2.062896449199798532e+00
1.118995256803082317e+00
2.357351300540381445e+00
1.437235570130934059e+00
2.329006880471812035e+00
1.708821069137766990e+00
2.576742392442640472e+00
2.665618037558583175e+00
1.577336235657283314e+00
1.214864459329825452e+00
2.297960168437552131e+00
2.257292952724400337e+00
2.250908799267816729e+00
1.797819677802842797e+00
1.630276201105695044e+00
2.399072876152832379e+00
1.981171852259328903e+00
2.323847311973262997e+00
1.573371487651848977e+00
2.270139836278803003e+00
1.551927439637998063e+00
1.824581113051516379e+00
2.275386562005644819e+00
2.338722779051089162e+00
1.422447011674012440e+00
2.655512148871117084e+00
2.082196762321453676e+00
2.165520130415002242e+00
1.828420512047018498e+00
2.282526401780864411e+00
2.685286848625266565e+00
2.065725608288912163e+00
1.583709228511710698e+00
1.407820951405231558e+00
2.496491948891790713e+00
1.673800249269912221e+00
2.111738327830123829e+00
2.068573601896770864e+00
2.530108518681893237e+00
1.493560621442057146e+00
1.970456237770160213e+00
2.567593437512619481e+00
1.666069707714702197e+00
1.403798371348941476e+00
1.560327773519355254e+00
2.836814427742815781e+00
2.805681461130133059e+00
2.595435838659215122e+00
1.508285787069179706e+00
1.253805349122253165e+00
1.696595063772675438e+00
2.234582985416328604e+00
1.869122462553943542e+00
1.963615107514063096e+00
2.721476207941369019e+00
2.100090966088825173e+00
1.494445045094717539e+00
1.989485948401313431e+00
1.728061334266396187e+00
2.011287526947429960e+00
2.066801884358972163e+00
1.454941898639213083e+00
2.288430903910112502e+00
1.466849789108396473e+00
2.061100579431866642e+00
2.021139332674367850e+00
1.967649038962899777e+00
2.337281539671608233e+00
1.796948129607333744e+00
1.812840907467901275e+00
1.856429993878518259e+00
2.488921503943172464e+00
1.402868130888569320e+00
1.995624687940749098e+00
2.483267647673797818e+00
2.481660967312116384e+00
2.514842345171916627e+00
1.650596104401347297e+00
2.048106195911373106e+00
1.686103508127341888e+00
1.897169443018224211e+00
2.276557244860752061e+00
1.844714541254971696e+00
2.383416513956465366e+00
1.791391127914037540e+00
2.666914870815269456e+00
1.998189753731155038e+00
1.413740331120814098e+00
1.502345329839829269e+00
1.912622141036219414e+00
2.610636548951053015e+00
2.606552053790359480e+00
1.477228321232811448e+00
2.139611217431775181e+00
2.546781015054150554e+00
2.724776775446715149e+00
2.448091013622376799e+00
2.373309915801537606e+00
1.612688477728229319e+00
2.208358687492296912e+00
2.196379559897316369e+00
2.223420833399201157e+00
2.760748242172621936e+00
2.744972644381035387e+00
1.747937953015555212e+00
1.763346411707184203e+00
1.787396516251389400e+00
2.180726885877001919e+00
1.658065569427839225e+00
2.227893968681305736e+00
2.234108218071619856e+00
2.296338896530975671e+00
1.800763717871161962e+00
1.444353048476720858e+00
1.842420090769077756e+00
1.777132811917684574e+00
1.701613552673870711e+00
1.381402650155044487e+00
1.779465492073623256e+00
1.783409279662507174e+00
1.626607599980604446e+00
2.049976197051623039e+00
1.531660108302496770e+00
1.938987215199232450e+00
1.542828569978949682e+00
1.598652589728715601e+00
1.309488519415461516e+00
1.976493927296604669e+00
2.348720071410309806e+00
1.151396574166430042e+00
2.311500080323261486e+00
2.414441663218448220e+00
2.426667141749540235e+00
1.833752498223034655e+00
1.627492838894420757e+00
2.159190514958838847e+00
1.557164306467433867e+00
2.025428985225476985e+00
2.030876727315952479e+00
1.480920225578135963e+00
2.004815119672564094e+00
2.255568032614781337e+00
1.993458465430776982e+00
1.686525553488096074e+00
1.952611624788872735e+00
2.194933366287950882e+00
1.753875516094261844e+00
1.844568112213247346e+00
1.556124841490151844e+00
2.387752207765798662e+00
2.435957402748704759e+00
1.737109554898462527e+00
2.509940686724486447e+00
2.484850892151534651e+00
1.636924973265979411e+00
2.134532883924018076e+00
1.620668127159415217e+00
2.320984396952479933e+00
1.385699068801044875e+00
1.924141645951648272e+00
1.798819100985176611e+00
1.466567758570226143e+00
2.114584521872397538e+00
1.809281542233462048e+00
2.667000317863899905e+00
2.033293064139910289e+00
1.876788802758535546e+00
2.518820843654888897e+00
1.998323105846159242e+00
2.011565289676640944e+00
2.011791739480529806e+00
2.275556026923489128e+00
2.307364199057802878e+00
2.416349741967048992e+00
1.733522311242645220e+00
1.664091484664401932e+00
1.757432251603663120e+00
1.937187165257237886e+00
1.189012261024756878e+00
2.022683882450813098e+00
2.329097345281559761e+00
1.723640002669022397e+00
1.627933655405579882e+00
1.918612739337489437e+00
2.108035541251890521e+00
1.922631896344076496e+00
1.342457620913855898e+00
1.969384243702341442e+00
2.258259607754218745e+00
2.713648874371536124e+00
1.948295246968830607e+00
2.393387656499430971e+00
1.723797927036902600e+00
1.120551785572804659e+00
2.031110752204493775e+00
1.027371556071253744e+00
2.345894550109287380e+00
1.957467291915863328e+00
1.905274922473181087e+00
2.731594717812932060e+00
1.840259692438345418e+00
2.097921667690923364e+00
2.610954742376243587e+00
1.770631054756869549e+00
1.690463005217040848e+00
1.918743837912448846e+00
1.909297739685431372e+00
1.525414227177881665e+00
2.573292543065285098e+00
2.259510926929283681e+00
1.241269749762943686e+00
2.056893068014406190e+00
1.770553340269155340e+00
1.777518624754407472e+00
1.214603533307792471e+00
2.273827483623138246e+00
1.302398278233455553e+00
1.636731757429260359e+00
2.474629742910675390e+00
2.262339834050323795e+00
2.529920259283088058e+00
2.157636808844944909e+00
2.257962099006340040e+00
1.734763059039016841e+00
1.697630536818042213e+00
2.568622856029447732e+00
1.507432024294476314e+00
1.626462446713031751e+00
2.437685683721658947e+00
2.774749249883050606e+00
1.877382856021140078e+00
1.227412755472129247e+00
1.953460998105662538e+00
1.892781237498323277e+00
2.252278316649769963e+00
2.009839840487888551e+00
2.437182585145874825e+00
1.898058101195019276e+00
2.295521248186119578e+00
1.749919239872358645e+00
1.900375941335561647e+00
2.811423858384789476e+00
2.318132919280336601e+00
1.734721587392942910e+00
2.127104520423990230e+00
1.086216713097926334e+00
2.121906634998090624e+00
2.246616654182635564e+00
1.879324390550233259e+00
2.196567288981009725e+00
2.793563751440768961e+00
2.550792572766371613e+00
2.179325881229119410e+00
2.252110394136447979e+00
2.203598734738282161e+00
1.971352436173180900e+00
2.158769664871273974e+00
2.666315158574630750e+00
2.165513583559254940e+00
2.294691747856007158e+00
1.982413076632373095e+00
2.501158200463455827e+00
1.254528843948945260e+00
2.416400687953589532e+00
1.991403893171724837e+00
2.105268149648393372e+00
1.732662348546974984e+00
1.886823871825605403e+00
2.085830946318034673e+00
1.638469508621534843e+00
1.690766080074490141e+00
1.806879546679006854e+00
2.048525005038869473e+00
2.073181168852876510e+00
1.861933929640614771e+00
1.619344574503155387e+00
1.924757262093919508e+00
2.095621052442848686e+00
2.012794584728800906e+00
1.083944538439869376e+00
2.041581065488753843e+00
1.830015045780791327e+00
2.513076751521074570e+00
1.415013512503250359e+00
2.114102355950588930e+00
1.707955827716108876e+00
2.116283978029289692e+00
1.764404395439073348e+00
2.495979502109975989e+00
1.536737997896538754e+00
1.456234648635045925e+00
1.579154957919124413e+00
2.152446069144600127e+00
1.359809946668281144e+00
2.007869450797340249e+00
1.442246850904504996e+00
1.809080077106618223e+00
1.843719103314444219e+00
2.411252521412107441e+00
2.938507790712793000e+00
1.943051977987338752e+00
2.026957162333454576e+00
2.232604824206235961e+00
1.815045899147380126e+00
2.117117071433641584e+00
1.827106799504164769e+00
2.520421525489993986e+00
1.200269531847961257e+00
1.631297974061424849e+00
1.569327157815206819e+00
2.225832501626769933e+00
2.419145458456305686e+00
2.091527458196074996e+00
1.231611966009112047e+00
2.767388879136571056e+00
1.884259187017820025e+00
1.682756037255232151e+00
2.233956052375359214e+00
1.865752802399018861e+00
2.134061551195588713e+00
1.739794874995907126e+00
2.483797101594302337e+00
1.651961228683727079e+00
1.396048191874402100e+00
1.658220406611713216e+00
2.698643157989232932e+00
2.288756225466912930e+00
2.354236353750653432e+00
1.981562742243771158e+00
1.402338572801764549e+00
2.533259350461560810e+00
1.911788308997241836e+00
2.056732754773982208e+00
2.387761785784145552e+00
1.365332269363456863e+00
1.925091354329256710e+00
2.841254753023107149e+00
2.323344712288736069e+00
2.630836337060726393e+00
2.027936592253451131e+00
2.369003797067786188e+00
1.534793703053716429e+00
1.892597291495367262e+00
1.825370855907073153e+00
1.567703449470761790e+00
1.752525321035031780e+00
2.562780676722855588e+00
2.008413155280884155e+00
2.448657852992746520e+00
2.078217626773261273e+00
2.636754181172610956e+00
2.355748958726807452e+00
2.019825336439878605e+00
1.607804064121487464e+00
1.948576460699741775e+00
1.459297971029548613e+00
1.698899431649434355e+00
1.905919342098213010e+00
1.626593188217169139e+00
2.285196010561769242e+00
2.378661489872886836e+00
2.348558833328453943e+00
1.777183664149138753e+00
2.414645901731825361e+00
2.578500110667268252e+00
1.719605458623381544e+00
2.027279708275798065e+00
2.045641205976616916e+00
2.159840338431505913e+00
2.277346300137564228e+00
1.962315802536074516e+00
2.285903837833227925e+00
1.411206138501000407e+00
2.080822515941720852e+00
1.709606771700399097e+00
1.275539023949800344e+00
2.313137371061152692e+00
2.140306349522102636e+00
1.776495638040493041e+00
1.283404772284570061e+00
2.409921541112560295e+00
2.499415274444781954e+00
1.620801111599775135e+00
2.396557506832333040e+00
1.503757090068959634e+00
1.358256141668582773e+00
2.275336122092798785e+00
1.897654778586497226e+00
2.007314963291816134e+00
1.884268630930913124e+00
1.825038225325203545e+00
1.445358504846780301e+00
2.592334815077835586e+00
2.333917722282088825e+00
2.723991195880270944e+00
2.208226327642107911e+00
2.666588188025230899e+00
2.255873850501677325e+00
2.726723450611383548e+00
1.600256457536214372e+00
1.824031603309805183e+00
2.828048252701672816e+00
1.478881495292331927e+00
2.081617612647774784e+00
1.730243655724870599e+00
2.265584542797109968e+00
2.117703606066661415e+00
2.339733682457269204e+00
2.063267405359260120e+00
1.603418727377043496e+00
2.497094865895593152e+00
2.255549052338143401e+00
1.675068924446992291e+00
1.771991909469487148e+00
1.911146311474205328e+00
2.080907809380273310e+00
2.396390891980619386e+00
1.705888339963914646e+00
2.175042987012397511e+00
1.431011697888418643e+00
2.130608635649682725e+00
1.886538400226372092e+00
2.186120814427676251e+00
1.613396471583888214e+00
