2.501420426970745847e+00
1.195069511045294242e+00
2.075196494796755164e+00
1.637373003571962249e+00
1.912744448438504774e+00
1.920422131926484699e+00
2.563818071956635691e+00
2.128409250218063598e+00
1.849990593206257916e+00
1.882509429492012387e+00
2.294898867927534170e+00
1.349803030439064910e+00
2.129182500181206805e+00
2.336294064321951858e+00
1.540398244806467920e+00
2.002933072708401596e+00
1.881084214228433860e+00
2.611165397680310640e+00
1.844629788049205299e+00
2.196119183235602179e+00
1.381458640743114197e+00
2.025749441479887558e+00
1.297256592774743700e+00
2.579416122762616226e+00
2.257969262016934486e+00
1.724658024876243090e+00
1.982555247421964761e+00
2.012810981625110962e+00
1.574817665036173597e+00
1.979283148860365271e+00
2.487251527216568725e+00
2.510246674304434045e+00
2.131414461250563441e+00
2.118364840672719129e+00
2.110293781847947692e+00
1.815136782990357078e+00
2.093474033465295925e+00
2.565869561086179917e+00
2.550316776250772577e+00
2.443294992569728485e+00
1.916561480131463213e+00
2.455246386892076416e+00
1.374461530485412641e+00
2.623942104265225339e+00
2.031112966331787284e+00
2.592677052919198033e+00
1.649020840106275365e+00
1.845496338029394057e+00
1.515120144303137906e+00
1.787873585779433672e+00
1.358397193548613435e+00
2.405034135331836076e+00
2.089547889576773620e+00
2.305403839683332734e+00
1.524224086034186243e+00
1.422284393988943574e+00
1.781262222622589153e+00
2.146381239153629217e+00
2.227315548057471783e+00
2.099313597230304751e+00
1.414696012465991970e+00
2.636356526276235179e+00
1.876253249410292590e+00
1.523782823612521931e+00
2.006890972217415747e+00
1.826738821216724373e+00
2.405601589453647549e+00
2.489693763750965960e+00
2.707052536325374348e+00
1.591604286120898992e+00
1.492402737600949880e+00
1.661662183343685539e+00
1.940450281698299140e+00
2.552219094722131487e+00
2.623724917032042470e+00
2.285549076605645880e+00
2.116519952431529461e+00
1.962119741704843268e+00
1.682769187513767584e+00
2.010274740773370539e+00
1.528902504250730487e+00
2.030543713225643643e+00
1.921269999922996741e+00
1.737852050745000376e+00
1.261859946932739840e+00
1.610073666246521151e+00
2.598514741102015968e+00
2.801284611917253642e+00
2.590263777663651013e+00
1.890285230332263700e+00
1.995100595660796339e+00
2.265179402573608947e+00
1.466192790423461512e+00
1.221464178795324429e+00
1.161044528520736030e+00
1.445401492841582147e+00
2.714033759894133979e+00
1.874521203170517847e+00
1.829904949875906350e+00
1.668080945763061429e+00
2.252217125568523937e+00
1.467894343457362138e+00
1.798113638846462248e+00
1.347683912088212477e+00
1.850441882167296992e+00
1.153994479061011713e+00
2.183837700876168242e+00
2.094461223782174031e+00
1.955884691777068252e+00
1.487528906226083247e+00
1.317488231369109641e+00
1.592397836433722791e+00
2.335442581302573206e+00
1.761214209522910856e+00
1.109324956066604972e+00
2.111122048303744947e+00
2.015542568503995824e+00
2.273713040084256676e+00
1.225929565870720550e+00
1.848097965174136270e+00
2.119912549536551616e+00
2.333871138229958397e+00
1.830174721971580043e+00
2.295642189749480533e+00
1.479825929543389540e+00
1.699419902525924453e+00
2.433537473888268465e+00
1.719657914353176054e+00
2.317243097020028841e+00
2.291594154086178392e+00
1.733893686732845385e+00
1.794188991776491715e+00
2.106615991820883771e+00
2.283544739070324514e+00
2.334096499825035753e+00
1.591510845655197848e+00
1.956967624773776171e+00
2.398098072346528831e+00
1.798161189816605665e+00
2.340251051407947536e+00
2.135398293734431352e+00
1.812790350171171738e+00
2.045104461409448682e+00
2.326917875512862111e+00
1.828802225372408330e+00
1.973171648577968895e+00
2.202899427267816623e+00
1.342495158388801180e+00
1.549636799557629008e+00
1.913046736248414703e+00
2.428109975951195487e+00
2.378899603435355559e+00
1.539598269721542678e+00
2.748338201103091905e+00
1.517675526960564181e+00
2.148145358151247741e+00
1.690597541960792372e+00
2.189958155759484271e+00
1.838665477091125711e+00
2.033561649524880277e+00
1.632934871952707923e+00
1.770196311682091572e+00
1.531776023225869920e+00
1.778620255195052291e+00
1.947939511688306036e+00
1.512112564066550036e+00
2.721933356462248987e+00
1.998725939568006815e+00
2.258857162781534811e+00
1.203509439109064605e+00
1.867277573781091826e+00
2.486726200200686243e+00
1.607283300902203393e+00
1.500341966009738570e+00
1.358649437489121148e+00
2.084058880897301957e+00
2.483631739930180604e+00
2.191458929400469380e+00
1.646441952032823286e+00
2.173308639549323296e+00
1.774298394913158106e+00
2.069804006144802422e+00
1.639201054438478078e+00
1.335252798653759454e+00
2.180491160343738244e+00
1.488007029314314167e+00
2.419750013231639407e+00
1.451656146741150843e+00
2.011047607615474409e+00
2.017296044546531331e+00
1.391643465443957783e+00
1.291681745411828341e+00
1.665780183594542718e+00
1.276244774512371505e+00
2.034781038934480257e+00
2.286233560302754597e+00
2.189463614218353893e+00
2.267134908755353173e+00
2.066772964308495997e+00
2.284319023199043563e+00
2.542339076340371484e+00
1.752833690665079214e+00
2.515607030046918879e+00
2.333476119293186102e+00
2.168842705412590721e+00
1.957344246689592726e+00
1.338574983032957189e+00
1.892026444013550357e+00
2.484173726486660794e+00
2.340343175212772575e+00
2.007707716285280775e+00
2.098811624124408581e+00
2.524479564220145633e+00
2.098337529145590352e+00
1.777436144283251807e+00
2.228885712690223730e+00
1.667181106715094119e+00
2.207315588894267044e+00
1.720117744052966913e+00
1.602257088924024409e+00
2.154761791680934735e+00
1.952725726752916557e+00
2.597511059613100137e+00
2.574195811731819994e+00
2.319017991848621119e+00
1.220086906830987639e+00
1.330437721714344823e+00
2.394905236404386351e+00
2.248104550414705916e+00
1.720666209230777177e+00
1.335603999569991540e+00
1.645969633098457674e+00
2.725583820556217951e+00
1.955646974936340987e+00
1.964705057330332849e+00
2.070705757310886241e+00
2.202087774586850344e+00
2.058695348428919658e+00
1.188398821441917663e+00
1.434484503872913042e+00
1.886555740524230584e+00
2.281788815907514145e+00
1.752078850520015330e+00
2.130285895609997482e+00
1.823217303543893664e+00
1.593099393856324486e+00
2.183924758847198611e+00
2.469740206327225351e+00
1.584872839725763871e+00
2.166551728019685097e+00
2.478465708983878635e+00
1.741232282905669226e+00
2.666343727877069192e+00
2.326118502977550406e+00
1.853200631568186374e+00
2.089790080202474698e+00
1.930843324968045005e+00
2.257588297544328881e+00
1.467498935992427755e+00
2.325655332519159124e+00
1.963614166064761690e+00
2.673125477495761793e+00
1.698971381842073747e+00
2.174107384390917996e+00
2.738854325078173613e+00
1.631440423160622988e+00
1.546678577853970005e+00
1.520030238702302361e+00
2.405193128433860572e+00
2.083385986098284626e+00
2.589710937517432310e+00
2.166200372130874019e+00
2.042784678232541395e+00
2.284943115325930307e+00
1.891955430135999539e+00
1.465970500844641311e+00
1.455160783538103297e+00
2.064034050875638293e+00
2.105969230670136305e+00
1.638588666804839944e+00
2.180939191670505650e+00
1.542131204649423992e+00
1.207170725195460204e+00
1.696944602340650921e+00
1.993575595584717863e+00
2.373858668095989888e+00
1.740175014945313681e+00
2.402252528449816626e+00
1.299597088427824731e+00
1.678757026693116883e+00
1.476758091688156860e+00
1.408389328817576169e+00
1.716095370866054237e+00
1.504848074294511839e+00
1.719464875677248372e+00
1.928902303278416941e+00
1.466227742485080920e+00
1.548379503043493477e+00
2.143976595518791495e+00
1.608323467626256331e+00
1.540634320779727062e+00
1.138129120154044438e+00
2.498147115337487456e+00
1.749869684830873684e+00
1.696530902381372385e+00
2.018760757894857871e+00
1.880168665686223539e+00
2.431935103788826602e+00
1.299125423943542579e+00
1.670911854592838308e+00
2.594440663425642946e+00
2.426065450492584041e+00
2.037312029691062065e+00
1.665610246892799129e+00
1.380183531255533280e+00
1.528882382683031338e+00
2.177460107058381222e+00
2.126153680514085487e+00
1.630799847155939286e+00
2.517574184920848168e+00
2.049725100738339467e+00
2.155277461210681977e+00
1.154532477239386790e+00
2.381780755495618518e+00
2.344347612308030016e+00
1.983817386913361513e+00
1.654165766113178559e+00
1.212895989149112008e+00
1.763943851643390737e+00
1.544699664088382107e+00
2.186894422554514161e+00
1.623970387615754074e+00
1.368605103162379599e+00
2.245624759184643437e+00
2.067340042015601842e+00
1.359037004267378057e+00
1.950978219270068426e+00
2.045648744469437119e+00
1.646286909341086346e+00
2.386352080346747506e+00
1.989114792396662779e+00
1.560691538782717380e+00
2.295546605991238387e+00
2.323177320486375486e+00
2.289533185702492091e+00
2.009902721620381527e+00
1.286800536307828313e+00
1.486237072939420978e+00
2.743680202564379833e+00
1.687202856032889997e+00
2.129735835407541522e+00
2.052704824234792280e+00
2.753978983477702869e+00
2.130627028992339689e+00
1.182305445523108567e+00
2.657223354647779257e+00
1.565205007430332085e+00
1.495507632675243670e+00
1.933934010924004632e+00
2.456862471829773575e+00
2.537984104455841994e+00
1.146203095133991212e+00
2.031863665234997285e+00
1.745119931899586252e+00
1.222347434101302532e+00
1.942038431541645238e+00
1.992534079866506769e+00
2.394893363994810898e+00
1.673982630379126535e+00
2.110686336765215998e+00
2.220290106522434304e+00
1.414062823234654598e+00
1.871655189409712650e+00
1.843311821991931332e+00
2.294323912712697755e+00
2.226700663934916946e+00
2.878320286701906650e+00
1.598379697621955309e+00
1.134076337297941217e+00
1.760106837972807980e+00
2.242336727214679470e+00
2.198678787160678105e+00
1.578975818826196198e+00
1.953112295956340727e+00
2.418629341770140329e+00
1.392641113820890730e+00
2.226227307576902348e+00
2.550779796611887917e+00
2.412186911978303705e+00
2.557956425065013750e+00
2.253648355363246925e+00
2.188762133071471716e+00
2.533741128059713965e+00
1.940638906567053734e+00
1.488484682431849171e+00
1.819411902512526824e+00
2.276792540638915341e+00
2.131065675479035804e+00
2.403506493268058541e+00
1.767085633694027269e+00
2.160741048692452537e+00
1.685641990431410164e+00
2.120432445430417090e+00
1.961658833597903273e+00
2.602455754140034383e+00
2.276911772935145795e+00
2.623319811430267379e+00
1.972060729196924989e+00
2.308134062040344325e+00
2.354058365231714856e+00
2.611754720800024465e+00
1.390913284822727025e+00
1.604698634332335505e+00
2.570035843105980433e+00
1.399777860463100598e+00
2.104290729246286240e+00
1.799850958396999934e+00
1.966057201781128860e+00
1.849195289368831041e+00
2.162696896528681023e+00
1.943502800860673174e+00
1.721332701271724996e+00
2.465284023588596440e+00
1.924189415534051317e+00
1.843412719636119856e+00
1.866200779394815212e+00
2.435589067683853415e+00
1.569354582444195234e+00
2.572256493552481871e+00
2.450889120842034252e+00
2.084348660582612922e+00
1.999113252607590763e+00
2.597793326678044412e+00
2.282641340161336352e+00
1.540842285003890311e+00
2.332399803409198391e+00
2.920363022387711283e+00
1.139169799619155654e+00
2.491694675964973626e+00
2.108908768481251528e+00
2.246488889928850874e+00
1.682037572397454106e+00
2.362382490939815671e+00
1.905312850468886321e+00
2.060577454675072140e+00
1.776714710478969117e+00
2.224773570742144102e+00
1.719811389108905963e+00
1.520805805218337969e+00
1.626635223496255112e+00
2.001054381895537304e+00
2.104909574632603420e+00
1.806411147928250749e+00
1.752307007136473249e+00
1.974249666685782056e+00
1.137010180190422437e+00
1.760309219503575218e+00
1.856967947692185428e+00
2.682737899798977477e+00
1.978697444693037211e+00
2.746437355722004092e+00
2.049116209650112097e+00
1.218416229708016552e+00
2.590292149867285509e+00
1.831725294440994745e+00
1.840311610251347485e+00
2.083421075499811259e+00
1.209449697696140635e+00
2.703849295442575240e+00
1.821234201399667185e+00
2.463709343784072914e+00
2.384992124402775637e+00
1.857706022377933364e+00
1.529639860348174452e+00
1.585202299730963382e+00
2.154017551102190620e+00
2.425283703110261868e+00
1.980080068215017697e+00
2.815784087705707872e+00
2.565748391908730497e+00
2.266638561433139465e+00
2.019561010365384490e+00
2.003908577854200068e+00
2.017649761803747666e+00
1.994190476108720134e+00
1.514488769899605014e+00
2.839479247166050158e+00
2.834835585071556530e+00
1.749512666518689308e+00
1.487437177827725332e+00
2.687047026939277661e+00
1.403464897867023664e+00
2.308653288300478224e+00
2.049836068041121173e+00
2.078895737343538386e+00
1.582091174514457466e+00
1.500175492337609162e+00
1.655862562057020426e+00
1.869846377552274008e+00
1.515053802423702578e+00
1.236852161564798047e+00
1.758212550790162254e+00
2.392031815226634883e+00
1.567688469641033588e+00
1.463031889225737459e+00
1.698344436081270725e+00
1.402699683862227431e+00
1.469689125276880670e+00
2.206444617376591033e+00
1.818087687636478877e+00
1.940669762786694896e+00
1.532688174153451932e+00
1.399674159116403915e+00
2.160117137944000731e+00
2.803989304588808906e+00
1.684006692952688677e+00
2.481983554945843995e+00
1.564239295900321514e+00
1.365608296729070137e+00
2.049644328656941461e+00
1.348244976814625185e+00
2.532142876254123820e+00
1.967437186111723246e+00
2.164686248395255141e+00
2.324864799130189397e+00
1.603558273131959755e+00
2.051985861063427841e+00
2.583015469897750549e+00
1.295092390657314851e+00
1.994096847017731600e+00
1.853619185873395914e+00
1.278321938852791551e+00
1.688763320720158667e+00
2.343402203829817232e+00
2.182819967968891106e+00
1.571435876688463296e+00
2.220194592560568392e+00
2.421484424249316536e+00
2.133829162509323751e+00
2.662538229647084975e+00
2.079893736989296471e+00
2.448313037536469672e+00
1.405993191055066260e+00
1.988044205257695651e+00
1.153283045902259385e+00
2.335659593954418689e+00
2.003772119186610468e+00
1.525906827506143371e+00
2.072252297606692828e+00
2.152004186933379692e+00
1.541660880015373047e+00
2.699064769954122145e+00
1.833673817044023213e+00
1.773941479695856582e+00
2.660283049494724494e+00
1.464245799932632153e+00
2.301730621512668051e+00
2.003706752703819927e+00
2.133801306159850864e+00
1.863501946840124157e+00
2.775560158575946623e+00
1.676598397589906142e+00
2.086935809251896590e+00
1.448160760880975895e+00
2.149701596497504141e+00
1.636720818782132936e+00
1.632589732537577998e+00
