2.475455945613121322e+00
1.754774014335499510e+00
1.984713641222524583e+00
1.546204380046768634e+00
1.466771035573938287e+00
2.106595713244986179e+00
1.407489536483983228e+00
2.555308396361786194e+00
1.964121927034510051e+00
1.661291129222199903e+00
2.351758337834015222e+00
2.444091410121724373e+00
2.006723182359475999e+00
2.171576853056859768e+00
1.723445494862617000e+00
2.241039688107496541e+00
2.201317499569628744e+00
2.581428906023287340e+00
1.913567645398513761e+00
2.472135634186996000e+00
1.610233964172011145e+00
2.102096013844627187e+00
2.432765558914864901e+00
2.282756875798262808e+00
1.493181462446939278e+00
2.160774837910723001e+00
2.006684106598229267e+00
1.319003082109265979e+00
2.672351860071227492e+00
2.516295969558439261e+00
1.818228074739629552e+00
2.224581408499389568e+00
1.432289578265821151e+00
1.590252393276661458e+00
1.500488886018155110e+00
1.996232003124617460e+00
2.021314512554500009e+00
1.950026064098303813e+00
1.731078205119541469e+00
2.149041003566238395e+00
1.767000071174515075e+00
1.979800634772902690e+00
1.887897727798784064e+00
1.677022157074141040e+00
1.999563782585077387e+00
2.632668175957047385e+00
2.197003326462273698e+00
1.214958547014218793e+00
1.364093242997818756e+00
1.648737951013935277e+00
1.300682782759559952e+00
2.144619888847512534e+00
2.422201244624431204e+00
1.614910252951190284e+00
2.419948094180075060e+00
2.476427562612569133e+00
1.559201584715924405e+00
1.310333745979834097e+00
1.792696009034864701e+00
2.194551207985391272e+00
2.245770459617774772e+00
2.110470243305992977e+00
2.622290074953317340e+00
1.291282555357942563e+00
2.409040985407436608e+00
1.611646248652689906e+00
2.512756149844403097e+00
1.799189275587562253e+00
2.421473695817217386e+00
1.507703545809748746e+00
1.968691280233771490e+00
1.928032903957138888e+00
2.796845711480691499e+00
2.071892387587834339e+00
1.727020775432554611e+00
1.426693370966030994e+00
1.968626069485722940e+00
1.766894083483443456e+00
1.960304012700082144e+00
2.445886938091036633e+00
1.607086684041817648e+00
2.269363772420736503e+00
2.086117992354790118e+00
2.017487257596867423e+00
1.997704491340611899e+00
2.741720025828091600e+00
1.976226983929375347e+00
1.676323014602653094e+00
2.023248275873720026e+00
1.573499186275820527e+00
2.051387508325957398e+00
2.243319907414782932e+00
1.990159066729785486e+00
1.943766534300945370e+00
1.459452023294953937e+00
2.023383348728993170e+00
1.564878258703523928e+00
1.796255095552744763e+00
1.830625609596749248e+00
1.838646984586785660e+00
1.073232291727348908e+00
2.271666718638931215e+00
1.969368070396279258e+00
1.352357802914971874e+00
2.575797891354350888e+00
1.827840401310488971e+00
1.390388267010595591e+00
1.481064815326268436e+00
1.787933316249026516e+00
2.398380287172988901e+00
2.506758088150681907e+00
2.135569407047223756e+00
1.680972095947741440e+00
2.246057837194100681e+00
2.050613385202621597e+00
2.364851640213438522e+00
2.720687066986685831e+00
2.047669365497069016e+00
2.645101795356508134e+00
1.812692028610478179e+00
2.168039704677803492e+00
1.982635692317616272e+00
2.138037520940124558e+00
1.473878732225577970e+00
2.067423215830786809e+00
1.738224499279210633e+00
2.132297530865602919e+00
1.559166447344197959e+00
1.899689145685010239e+00
2.348720257549119950e+00
1.834621954561075796e+00
1.421032428288331095e+00
1.884531364333078329e+00
2.293976317358701333e+00
2.534676369670201268e+00
1.909872580810449971e+00
1.542432055102819666e+00
1.825004505302527447e+00
2.074319252654566625e+00
1.885240689327404295e+00
1.376744537317791339e+00
1.711063927392465711e+00
2.358172826177347581e+00
2.821856152325637801e+00
2.189167838208041950e+00
1.374934775801904596e+00
1.683670351236723040e+00
2.300721556830380266e+00
1.956591043784314587e+00
2.291235312784026590e+00
2.203759511727122700e+00
1.776424706445876689e+00
2.727979426999818546e+00
1.498290921274878285e+00
2.758029848439459641e+00
2.110113397332740170e+00
1.746293508184256105e+00
1.444488999801438300e+00
2.773869466202505407e+00
2.749829163148746147e+00
2.081732896632359164e+00
1.732764886977646412e+00
1.564705428481235172e+00
1.304403775709930935e+00
1.835122272019100276e+00
1.718445130754471917e+00
2.577012949479676074e+00
1.574390102443713246e+00
1.389295637417024443e+00
1.671590682514951798e+00
2.071156164697217861e+00
1.963908180485121946e+00
2.357168245691981134e+00
1.421791097316202013e+00
2.246498324814296232e+00
1.388919067716680944e+00
2.191320615188726784e+00
1.261742824840968558e+00
1.477569528568128732e+00
1.832692311982805577e+00
2.176851284023427979e+00
1.110377657221518932e+00
2.282517140008064160e+00
1.950181237449239102e+00
2.138213886586274981e+00
1.773555842182450437e+00
2.124189083785909649e+00
2.142379485801956474e+00
1.895251644506096067e+00
1.273083599500964613e+00
1.847557633241527997e+00
1.836098515292608813e+00
2.506209730200237296e+00
2.204513041376434224e+00
1.625676369724208925e+00
2.096832686637721821e+00
1.844650184947035587e+00
2.327332961915972831e+00
2.007450984545029016e+00
1.685845655680604960e+00
2.093164261379679925e+00
1.777819892311858663e+00
2.736919039045391688e+00
1.137041513053974384e+00
1.803721719078771768e+00
1.429343644352562670e+00
1.795945960601389446e+00
2.213086851526603560e+00
2.747617130450888734e+00
2.708704403143717077e+00
2.048559754899004659e+00
2.545953985771223671e+00
1.520208739083798832e+00
2.534254321894389150e+00
1.729553403349950003e+00
2.333291098164500976e+00
1.941323061605253919e+00
2.161951797570559997e+00
2.381522389832456010e+00
2.788601567794871450e+00
2.837863605372434428e+00
1.246361068247981096e+00
1.723404532200494055e+00
1.710189183399689172e+00
2.554471903673277478e+00
1.461490789160952541e+00
1.533136415966766863e+00
2.262045989135710311e+00
2.755664237182014809e+00
1.677634745216487477e+00
1.557201136027137611e+00
1.076413861625299617e+00
1.281323547430516019e+00
1.717649449123422212e+00
2.527777198955001303e+00
1.467672933189875684e+00
2.204598482540765403e+00
1.581042113919472136e+00
1.705877878549047377e+00
2.189597274918622549e+00
2.003413650721022954e+00
1.856257850617006877e+00
1.356738331505736639e+00
1.940857463577280839e+00
2.072851008856384070e+00
2.018004771548902454e+00
2.339294581159801378e+00
1.752892613455168114e+00
1.309744120797965872e+00
1.762696993612026031e+00
2.725465551993474733e+00
2.169216075473308969e+00
1.321933951917785954e+00
1.830993783187183199e+00
1.961261825914217161e+00
2.661541359151532227e+00
1.864463092901841534e+00
1.367492547298749361e+00
2.379654297858473377e+00
1.153919487309125635e+00
1.610874082025275822e+00
1.764595982829682663e+00
1.872881450967026407e+00
2.037223697777228004e+00
2.109728230977196084e+00
1.958511926264610903e+00
1.959542371866573651e+00
1.834136859165471867e+00
2.695932660168939954e+00
1.701253898956742727e+00
1.830901794823734496e+00
1.704819071060946545e+00
1.964668545033388058e+00
1.281842254338155573e+00
2.608901024394632451e+00
1.486732366968058550e+00
1.753246964422904508e+00
1.409688204145315371e+00
2.201769004485300663e+00
1.653104778793218932e+00
1.658836844945198674e+00
2.539334360884561548e+00
2.899752420658339602e+00
2.023065507721311995e+00
2.067100839587777017e+00
2.073195717095164703e+00
2.293830112963522794e+00
2.287267288647090169e+00
1.638960440728573831e+00
2.846992301015262683e+00
1.212696510631662505e+00
2.160662675050767589e+00
1.931499380221348261e+00
2.591351916559924362e+00
2.762135389814343256e+00
2.191511032794976721e+00
1.696275495370558106e+00
2.215184140759615339e+00
1.964924538201397120e+00
2.026749279442421781e+00
2.319989662526118046e+00
2.105462303516497435e+00
2.345966064009163077e+00
2.380183203850058771e+00
1.990420657551878802e+00
1.520458813749215654e+00
1.629506264935915105e+00
2.759082252027281079e+00
1.757018241510423184e+00
2.031340481263101516e+00
1.549856327925694499e+00
1.830769878003505102e+00
1.815020880099024625e+00
2.056781571872819292e+00
1.339301877561336562e+00
2.143391985462648641e+00
2.017074486667938871e+00
1.735092270625451238e+00
2.147707841022951314e+00
1.484750450941675126e+00
1.121552116668756538e+00
2.584578747556195655e+00
2.333643918627480218e+00
1.740565627994593356e+00
1.904773805152351063e+00
1.420502374809119450e+00
1.712431115731493314e+00
1.876860032254230592e+00
2.283507043126229874e+00
1.928664548782821342e+00
1.383235466149413728e+00
1.207614919942459064e+00
2.523547931584830373e+00
2.342149607166645886e+00
2.174735292234058370e+00
1.509320462748772851e+00
2.229092578263148994e+00
1.986737794780029542e+00
1.639307817239031184e+00
2.090971437539413280e+00
2.213813672779394892e+00
2.410030706191605976e+00
1.885940932251934266e+00
2.090709043713881332e+00
2.706573049993312274e+00
1.617536332195948390e+00
2.049208546596247071e+00
2.196914196566837063e+00
1.373937308363634147e+00
2.527614620406807955e+00
2.113126518335799453e+00
2.138491182350223951e+00
1.930830479332467320e+00
2.065576061098552962e+00
2.212107969942475716e+00
1.773773137243359610e+00
2.066761873191937049e+00
1.672795731732650282e+00
1.763397225597303830e+00
1.895567710739155753e+00
2.534129849564747960e+00
1.534667311530472089e+00
1.726776729017883927e+00
2.113094517941709327e+00
1.614515662218050096e+00
2.257371143912550338e+00
2.491312418717658961e+00
1.673950839459283024e+00
2.891924236455630570e+00
2.618772823022173402e+00
1.786925871691115386e+00
2.722580107257699833e+00
1.823826769741626164e+00
2.387585844547650105e+00
2.157773076732023121e+00
2.103572865016971605e+00
2.202880534705879079e+00
2.341981627764596396e+00
2.192738458749616370e+00
1.720078996852444586e+00
2.202682150028527630e+00
2.261112759343603784e+00
2.452675289375944701e+00
1.824331682047551695e+00
1.684810855580150202e+00
2.278472014531045531e+00
2.106400675506153952e+00
1.903027465226977855e+00
2.526336838438522747e+00
1.887279555182665991e+00
2.619264359241300077e+00
2.222000767164177937e+00
1.972187306162662690e+00
1.834724874300160957e+00
2.701141435674482061e+00
1.695894911809032068e+00
1.674075778983375340e+00
1.882635676041795936e+00
1.560103193677965905e+00
1.906742706892921912e+00
2.128747936595123846e+00
2.509966796120556953e+00
1.549500580055775956e+00
1.402311712817147615e+00
1.675575888876214670e+00
1.911412221559591673e+00
2.221784164613165302e+00
1.944203358344696486e+00
2.317754766618249196e+00
2.433462327776724887e+00
1.694975833489293038e+00
2.296182610872066654e+00
2.611216722787288003e+00
2.033324421573261986e+00
1.720522703208075876e+00
2.145187787018799419e+00
1.601338352833553635e+00
2.592451350930136122e+00
1.287232581800401565e+00
2.250344175396727486e+00
2.162153143982564529e+00
1.987115605302367971e+00
1.551063514383448361e+00
2.257872790775802940e+00
1.755703430249017316e+00
2.167611160136935666e+00
2.585126254375622601e+00
2.491609708883796515e+00
1.778912353227421805e+00
1.712770979349598433e+00
1.963044452421834229e+00
2.284151138539646908e+00
2.687747970885619786e+00
2.221445427678985673e+00
2.423596893081510828e+00
2.087008894064628528e+00
2.553158811127806960e+00
2.281755866440056124e+00
2.403407632195036392e+00
2.395279522818466234e+00
2.144095353142517979e+00
2.422933797435925740e+00
2.518825012114587203e+00
1.439908743148481607e+00
1.823887977938468907e+00
2.458884933370576231e+00
1.660252272909475524e+00
1.383234346469277787e+00
1.697756158343581845e+00
2.487042870615239654e+00
2.590218664054781517e+00
2.231237629861184679e+00
2.217013858000606241e+00
2.343995167335045871e+00
2.135997731811452471e+00
1.927041079836312232e+00
1.576567214722573773e+00
2.632886382201095721e+00
2.304000076345800174e+00
2.113272508472169964e+00
1.731027370092467210e+00
2.083951329960543664e+00
2.097547247867775688e+00
2.337944086560112211e+00
1.626022692387215862e+00
2.328560493147531218e+00
1.494848402551012256e+00
1.635580256686325118e+00
1.779133221673770304e+00
2.244188234527221493e+00
1.577934100847914189e+00
2.023335409854412514e+00
2.499825374492357533e+00
1.740265057490203437e+00
1.563644815527229781e+00
2.481321956293712105e+00
2.020356912947049111e+00
2.497303268704564871e+00
1.851067806411748951e+00
1.531330309626016462e+00
2.092079949524841442e+00
1.682681572664503467e+00
1.884577668013874607e+00
1.445156604365637865e+00
1.295504957576317562e+00
1.847111166667263049e+00
2.320673257433063075e+00
2.439612660042693726e+00
1.956347834476371172e+00
2.544244967109831279e+00
2.380354987211346085e+00
1.567131365583814162e+00
1.479346527243180276e+00
2.267137551915463511e+00
2.089667307573452426e+00
1.680104812461476360e+00
1.621208284518472320e+00
1.614209020713285980e+00
2.030453807071822325e+00
2.772330633355073015e+00
2.761576776904401953e+00
1.024232967272175943e+00
2.187113077643695114e+00
1.806559452747507066e+00
2.457041702404680450e+00
2.274739129906730106e+00
1.802556287565536541e+00
1.745387095679810763e+00
1.132795318218073888e+00
2.409006926336894949e+00
1.726144967006698838e+00
2.838458336725885101e+00
1.220759606174118606e+00
1.508726955073714127e+00
2.439078899037253834e+00
2.048993045910322941e+00
2.445058104874329175e+00
1.832581335769951858e+00
1.467869252926874424e+00
2.208935918874003868e+00
1.255900607532906665e+00
1.719097505349773236e+00
1.716173065719631019e+00
2.118570076551918646e+00
2.015835178222863178e+00
2.269809147790536663e+00
2.586621979348060485e+00
2.156343316130383769e+00
1.942754247726712791e+00
2.505721443885501554e+00
2.019345615119865212e+00
1.898147473237286498e+00
2.117967968516381916e+00
1.492600778346608870e+00
2.028160020576874611e+00
2.085070371014646540e+00
2.086546231844469190e+00
1.957529717266580427e+00
2.341009952859296028e+00
1.650349073099224295e+00
1.232337371281849059e+00
1.211846040987479389e+00
2.591177888923669848e+00
1.705310075674226766e+00
2.414435038000577460e+00
2.094353788754829360e+00
2.124277502614059454e+00
2.319717925353229404e+00
1.749512097826743329e+00
2.047711378363492152e+00
1.923497670883731470e+00
1.965603291858489587e+00
2.196523314561633189e+00
2.135594507535353515e+00
2.092870059257198712e+00
1.155051999378887917e+00
1.277541877503143075e+00
1.662780593745095903e+00
2.361768499649181230e+00
1.201007819359408035e+00
2.216985412747476847e+00
1.814882826052521381e+00
2.298670721226228508e+00
2.633652991231884677e+00
1.850608483026312534e+00
2.089250812071638208e+00
1.999234381322873011e+00
