1.847842989019527593e+00
1.283916248522136039e+00
1.898890402076541140e+00
2.675092243747909215e+00
1.532069311288392299e+00
2.070937527525268163e+00
1.704146794080430904e+00
2.128335168502058394e+00
1.757808066751035181e+00
1.351936219051184107e+00
1.416426703574971135e+00
1.749023212184134035e+00
1.929911031136092303e+00
2.840172719228200915e+00
2.052182551656592135e+00
1.506742577260583360e+00
2.605910961226556743e+00
1.828290693711965620e+00
2.158129022943339415e+00
2.394651404010527784e+00
2.088368971823309828e+00
2.258765989110459671e+00
1.366884263136355582e+00
2.105235427285669036e+00
1.542637830800591026e+00
2.017526374019031010e+00
2.870377661367010447e+00
1.381121551850132523e+00
1.449684880410779142e+00
1.996592511778941370e+00
1.945485918076962140e+00
1.125246174743827821e+00
1.178028302241265424e+00
1.825753811943620963e+00
1.158936405111989920e+00
1.815093594413675682e+00
2.324729765295103334e+00
1.649452454287349212e+00
1.845261235918499665e+00
2.522452635079631911e+00
1.557322742383048686e+00
2.655132069457050825e+00
1.501550132077230870e+00
2.064272993270793499e+00
1.565751861978139203e+00
2.567581960935111596e+00
1.626605492010510412e+00
2.428689407396638522e+00
2.036105658815468900e+00
2.030877265764530648e+00
1.783697501781517758e+00
2.059157453117161918e+00
1.864538819654010915e+00
2.492741847328672211e+00
2.451510495484223284e+00
2.059717174248306470e+00
2.602216305693231035e+00
2.222430192025119933e+00
1.540200933798923977e+00
2.286386847430102787e+00
1.844703042376672597e+00
1.886639849816849956e+00
2.472526925541361109e+00
1.921004119595280279e+00
2.520964810886564766e+00
2.572337272106437922e+00
2.702524661557828889e+00
2.599912642105742577e+00
1.342193701009372298e+00
2.569892790890881962e+00
2.237174753621797407e+00
2.407779964015942298e+00
2.138777782075465872e+00
2.065742816783848745e+00
2.073199200789795249e+00
2.429348262571578321e+00
1.794172383253519687e+00
2.285339003373509925e+00
1.360123237215971947e+00
1.972674065485759298e+00
1.728020879973473534e+00
1.888305632169198445e+00
1.421643329137329381e+00
1.763062867409827872e+00
1.558633809426611228e+00
1.623429565495328797e+00
1.835469140969213875e+00
2.241496284664844740e+00
1.641705427968823905e+00
1.116948681522221820e+00
1.829035597529926171e+00
1.280573235299775625e+00
2.289555208249491436e+00
2.362107422013180802e+00
2.398497681579997654e+00
1.661568333860755198e+00
1.711075545787105856e+00
1.403382721443394043e+00
2.709007903362875780e+00
1.414115918410060679e+00
1.815924314807557671e+00
2.420015156225091779e+00
2.068166092978270143e+00
1.600468043579729827e+00
1.430347696887051656e+00
2.173863781765319025e+00
1.707369278960373826e+00
2.770854829815997178e+00
2.661117845572836593e+00
1.462274550781719640e+00
2.281628108207671701e+00
1.347540187749259211e+00
2.588009486335646425e+00
2.524679341852664738e+00
1.183881236823649319e+00
1.978245210427755030e+00
1.344029273949290282e+00
2.111664707309095057e+00
1.968279712074846977e+00
1.703872477985572953e+00
1.992248982721071204e+00
2.671940489015039333e+00
1.609071181691061003e+00
1.765413796542194547e+00
2.747245886823499461e+00
2.343564822619476296e+00
2.154172933126740741e+00
2.445204737936128137e+00
1.340621579495048454e+00
1.925578921150354672e+00
1.924895372432466001e+00
2.180481805955914787e+00
1.675695426805200894e+00
2.298584689257967550e+00
1.176971618285839183e+00
2.402294075753284019e+00
1.736452815956293083e+00
1.718695150032939711e+00
1.564415155983605921e+00
1.360068283017628943e+00
2.339926179493363456e+00
1.861227473494445395e+00
1.721998599020370779e+00
1.254564495358703624e+00
2.529274236392907049e+00
2.227532776587530350e+00
1.968790023390892818e+00
1.652973977633975355e+00
2.172211444434827499e+00
2.082805689272941407e+00
2.313910436292364370e+00
2.179640307001860400e+00
2.054810324202790639e+00
2.089017931820239760e+00
2.440041151482707171e+00
1.607755515251759304e+00
2.523924189989214639e+00
2.570198362129063163e+00
2.065865619264128483e+00
1.688969097084305870e+00
1.485889146451987219e+00
2.237326132607373452e+00
2.024812533194507047e+00
2.537561262488793545e+00
2.268238196822525587e+00
1.533002885421984152e+00
1.782560578859071931e+00
1.822456219436591862e+00
2.007182226302062222e+00
2.272467609102039265e+00
1.554798747180996976e+00
1.661367759242804665e+00
1.782152763514364580e+00
2.651104703634585835e+00
1.457171733824275117e+00
2.639352402392534991e+00
2.475498262986358888e+00
1.747612369407282706e+00
2.065309687039274866e+00
2.563572301195748082e+00
1.215115741475375932e+00
1.866262372992422591e+00
1.210816325596913545e+00
1.913556596728101189e+00
2.130776015411457003e+00
2.673623835438389662e+00
1.862966178191032718e+00
2.464877516673689151e+00
2.508194996070326255e+00
2.588110115098734454e+00
2.150976397471939805e+00
2.101340753656724125e+00
2.445984697230024096e+00
1.340430596332481183e+00
1.512739872484851533e+00
1.113086460675990264e+00
1.735913248797412267e+00
2.267237876069820413e+00
2.188135262697215921e+00
1.308398232713112064e+00
1.263776281069476370e+00
1.781789276621169371e+00
2.301000500664718729e+00
2.023391439603314801e+00
1.791065816102427544e+00
1.928778064415065829e+00
2.617645424357497586e+00
1.301550282032648109e+00
2.166072799111578462e+00
1.877945446710846511e+00
2.077335319219060228e+00
2.004327308139442820e+00
1.761029554857616031e+00
1.942070741716697579e+00
2.398831664240385297e+00
1.539552558453613385e+00
2.573655181384917334e+00
1.863747242416662786e+00
1.805546518492562980e+00
1.494481992626871536e+00
2.444874314829106332e+00
2.256510753322664709e+00
2.486641517646685173e+00
1.833519227657109285e+00
1.567760035326922763e+00
1.699541615944812234e+00
1.317800199967668062e+00
2.130060308987629547e+00
2.299635973000758504e+00
2.119014805714350302e+00
2.319332007683766683e+00
2.655359590371938694e+00
2.022451098759155741e+00
2.449836314755395872e+00
1.891045594342387837e+00
1.594620155840712261e+00
1.315646420982945486e+00
2.387411179465692701e+00
2.926594940990995042e+00
1.539067174450751807e+00
2.448244212544312681e+00
2.243811723900493327e+00
1.812125787262210075e+00
2.780045206850719985e+00
1.582914211423072981e+00
2.037800709700222868e+00
2.510739253264000936e+00
2.173110580938129033e+00
2.051829034528290574e+00
1.840152769274142397e+00
1.509861435682436248e+00
2.024804506643405055e+00
1.325642981480071647e+00
2.482645167650674889e+00
1.844029716122016493e+00
1.550430917087927796e+00
1.693489969572743448e+00
2.133008446122069746e+00
2.287191365400331300e+00
2.054842658345418904e+00
2.098279593969389012e+00
2.272002786515579409e+00
2.443942074112141150e+00
2.062135420550179177e+00
2.122934534961380404e+00
2.411368039441413202e+00
2.449439614586834679e+00
1.750030168244175011e+00
2.768282855545558530e+00
1.786967802597756672e+00
2.180733149812035698e+00
1.894311619084045661e+00
1.160676937247784091e+00
1.794990045561490888e+00
2.282715957105646787e+00
2.776055465151666901e+00
1.444937514809744528e+00
1.889071840097509503e+00
1.874363501706555635e+00
1.358091837062893603e+00
2.382307031264609520e+00
2.084586198501511056e+00
2.645627122675519693e+00
1.594428199232569732e+00
1.580841675151608783e+00
1.749666356909572951e+00
2.604882101815704676e+00
2.360649008436563001e+00
2.641053299836224166e+00
2.187656696538969214e+00
1.859352855647603331e+00
1.410038027600599264e+00
1.920053188534187161e+00
1.612965321835415855e+00
2.862423299577656621e+00
1.825092058068360501e+00
2.323166104777063978e+00
1.127203289389081986e+00
1.785106869026817034e+00
1.396418066523882118e+00
2.619661325174936994e+00
1.983900786446132880e+00
1.342724345662387631e+00
2.244025037948310430e+00
1.716625584684979833e+00
2.702132459520412144e+00
2.021767053217206289e+00
2.308129000063154024e+00
2.405082702551086804e+00
1.383347949766009499e+00
1.780346874765701859e+00
2.304844737020240064e+00
1.803673778426454266e+00
1.776085373593926375e+00
2.785848804626990916e+00
1.597233822746729093e+00
2.668775948992763603e+00
2.116958737065314899e+00
2.511232993928262047e+00
2.251899956491187904e+00
1.663275799029395596e+00
1.461901126444049792e+00
2.440811342123324845e+00
2.111082880530910977e+00
1.401940216404447437e+00
2.029363981760046620e+00
2.150505990060981087e+00
2.438808254105141238e+00
2.036213347746790525e+00
1.702450109333752737e+00
2.446422586535399013e+00
2.422533651214824335e+00
1.911140877831546625e+00
2.117940194956725364e+00
2.827871027053191710e+00
1.851316579846593591e+00
2.012388139592860448e+00
1.541268490453755025e+00
2.598009708536090479e+00
2.583475363821869486e+00
2.146413815365825872e+00
1.951101588224125383e+00
1.766855423467523778e+00
1.265483816285784879e+00
2.245783115547970166e+00
2.647893047499489505e+00
2.016852103438182553e+00
2.326312040294326700e+00
1.835208795320261377e+00
2.111320520712196558e+00
2.031162339491630053e+00
1.956014787517524001e+00
2.371076971018474921e+00
1.378946404733591757e+00
1.682028437311327451e+00
2.390858152189307528e+00
2.104707099905680501e+00
1.483849421233439880e+00
2.403606973893778864e+00
2.913724232651912160e+00
1.251553273606056615e+00
2.139222469980639474e+00
1.943059459822850998e+00
2.479584123303528287e+00
2.098918087798279153e+00
1.607258666946247416e+00
1.580149982972048006e+00
1.714230300503920112e+00
1.669621061790365069e+00
1.902370967655314882e+00
2.053026230681463282e+00
2.173527476617937104e+00
1.330794918339127886e+00
2.176500318408607804e+00
2.214840248417490720e+00
2.628909617098693641e+00
2.108453627665083374e+00
2.012900251894297998e+00
1.679283081358187601e+00
1.950001057447977804e+00
2.083937414364119611e+00
1.859675593649233072e+00
2.207559632559984664e+00
1.727776815004826938e+00
2.519980238194748257e+00
2.701655594197825749e+00
1.701932978878623715e+00
1.764407234778902822e+00
1.564561501474642569e+00
2.210325267262978066e+00
2.046962286566530231e+00
2.195134115319926416e+00
1.678411550618577497e+00
2.182981761458859360e+00
1.910341919702231550e+00
2.564424244134446251e+00
2.202169381941184056e+00
1.361158883116259322e+00
2.715955627994782517e+00
2.446403488701306195e+00
1.888734235915975779e+00
1.615298134872569458e+00
2.519989876730724276e+00
1.694165024969103372e+00
1.963393962278233484e+00
2.166026000335379731e+00
1.755208629706818346e+00
1.274411423380819031e+00
2.418996670208685806e+00
1.749315928720648117e+00
1.453324549173992342e+00
2.735131144467864761e+00
2.383395643990256829e+00
1.977393137511241017e+00
2.232998919348038847e+00
2.049651171146104733e+00
2.046752695964822344e+00
2.071174274480660493e+00
2.063016228916347394e+00
2.647038921087450980e+00
2.084475857217744199e+00
1.658944928007842989e+00
2.601082204717569901e+00
2.086589332177447353e+00
1.984440112802576817e+00
2.564737901011413523e+00
2.122307711153119669e+00
2.470819173957599979e+00
2.732876393097091849e+00
2.229583454243059037e+00
1.824926243448589336e+00
1.862277837184786122e+00
2.485249651684349637e+00
1.696196595349098057e+00
2.741250752517446987e+00
1.239402703763314850e+00
2.541130425249706892e+00
1.933639639879866312e+00
1.511221642061467918e+00
1.865861044895198440e+00
1.819289447410124883e+00
1.800102202256427475e+00
1.715019039056090655e+00
2.625329609775971740e+00
1.921176749725318267e+00
2.428649172653300603e+00
1.151537867813112292e+00
1.919559964131966279e+00
1.220615620568350490e+00
2.076900147249866713e+00
2.536932734735700024e+00
1.358080513745212103e+00
2.427524497282016025e+00
1.963878136065716928e+00
1.833004683982634608e+00
2.183077537076670183e+00
1.935646194091815486e+00
1.220708508492631461e+00
2.737853589909696517e+00
2.058941588501704167e+00
1.201366954850203506e+00
1.486654667556315479e+00
2.275976742620652082e+00
1.227492978384760791e+00
2.568000582041400470e+00
2.627414297568982704e+00
1.818717640354557297e+00
2.261457143538692094e+00
2.119079236772368535e+00
2.065492398778653538e+00
1.464155470110615420e+00
1.540453232511113324e+00
2.476350961410537899e+00
1.726685040114134040e+00
2.613667204305580860e+00
1.552069907177619168e+00
1.850702728114327789e+00
2.113779899319440325e+00
2.437919603568080795e+00
1.564955580820975189e+00
2.214415544171671524e+00
2.594962890829344282e+00
2.385884875403748051e+00
2.245851875155103095e+00
2.341573636130939828e+00
2.564284861155619932e+00
2.361665999162746665e+00
1.825650235973880431e+00
1.338059992502925066e+00
1.859564470643242151e+00
2.285440878401816533e+00
1.689365099245542012e+00
2.055183368788969567e+00
1.859417480242703258e+00
2.136752050968062200e+00
2.130047441065050506e+00
2.667706028222506465e+00
1.495998213284806866e+00
1.731457983905969389e+00
2.662128461897559362e+00
2.286799046287348425e+00
1.927027283510405198e+00
2.186959748612380849e+00
1.903460577336008930e+00
1.497306902289484487e+00
1.750053071822380346e+00
1.911331231324745916e+00
2.188676205901031402e+00
2.567166844863695285e+00
2.112757140454680549e+00
1.858862400802518966e+00
1.894708925666166888e+00
2.634864413023019658e+00
1.989792793465283927e+00
1.492025046521105125e+00
2.191048851826850274e+00
1.981699830815701890e+00
2.576259708973236862e+00
2.550788386892912207e+00
1.366275518721847604e+00
2.283209844972788893e+00
1.375852374718071758e+00
1.835026583810944079e+00
2.138342910813034514e+00
1.689144887155119790e+00
1.915458576547423020e+00
2.535279642846651083e+00
1.920714798855992500e+00
1.747624258408371656e+00
2.367219062751303671e+00
1.905816384044108469e+00
1.592015933113352766e+00
2.335704553640082892e+00
1.278964951118425342e+00
1.748150151215791093e+00
1.442494724903413683e+00
2.159361180592349605e+00
1.505761488447900476e+00
1.675197552346896046e+00
2.245477620831374033e+00
2.659724589955623220e+00
2.048360993539262154e+00
2.498452647107392011e+00
1.665501983257906105e+00
1.831104673393705751e+00
2.350244720464197634e+00
2.485475941306295233e+00
2.258800086005320118e+00
2.003505348700826971e+00
2.497202830197835510e+00
2.201902616704734861e+00
1.908974432638866237e+00
1.326585621536521487e+00
2.217853107940809032e+00
2.066829019627368424e+00
2.411594522572012345e+00
2.279173008277902035e+00
1.873228718980006091e+00
1.674204365971945219e+00
1.968820617760924208e+00
1.825508894366291823e+00
1.923862033718858333e+00
1.695737824025106422e+00
2.181537126183560105e+00
1.951929335146800337e+00
1.496143412452400456e+00
1.485807150539916188e+00
