1.772478981101099027e+00
2.704975676253075001e+00
2.791645151757831123e+00
1.959441918449485343e+00
2.079848130001415996e+00
1.196330355521807220e+00
1.554304253019199500e+00
1.755561991824099000e+00
2.157714472472675560e+00
1.227701222339182330e+00
1.899008812723170347e+00
1.688728460383214003e+00
2.318533520319736141e+00
1.355210589605041482e+00
1.662204316410522020e+00
1.653009946309912159e+00
1.842118552642689977e+00
2.228282977440458446e+00
2.170657437832505643e+00
2.184153901157287248e+00
1.902130948418027989e+00
2.158816901270359523e+00
1.965087749764452552e+00
1.137900376127349400e+00
1.650742005570771331e+00
2.228750878004851721e+00
1.420143068099052552e+00
2.112099002304499429e+00
2.021566415741341327e+00
2.024656683811628000e+00
2.905974210512421330e+00
1.829009621081854942e+00
2.015390520542272412e+00
1.591455792790193335e+00
2.561648241296496487e+00
2.042798891839713971e+00
2.186048588763362055e+00
2.120072417962412636e+00
2.249828554090211430e+00
1.663585433259346935e+00
1.599077443899341588e+00
1.790457882336971895e+00
2.579618355923582129e+00
2.140115100084880595e+00
2.626211576870913333e+00
1.549515548564488698e+00
1.386037716118492913e+00
2.564869847750588683e+00
1.487229019092340510e+00
2.548762278728318620e+00
2.477091012567652406e+00
2.135460493690225281e+00
2.581112359678297885e+00
1.440029871566084640e+00
2.194877764296085942e+00
2.456916970129262801e+00
1.359605653373140655e+00
1.214455862655626328e+00
2.119214489752566433e+00
2.198733937022158802e+00
1.738453828619056729e+00
2.582550903830317601e+00
2.742225588130064118e+00
2.069337790460080040e+00
2.306790967386230129e+00
2.530904324906396496e+00
2.265881603758794327e+00
1.670579851289848428e+00
2.778705009891055511e+00
1.462914026579716253e+00
2.153080346562695979e+00
2.601338974665642567e+00
2.524087721051921474e+00
1.475015930832416222e+00
1.394349976614243314e+00
2.159128453941721482e+00
2.007758700519465034e+00
1.513026395361192655e+00
1.920484568429741135e+00
1.519784332917160086e+00
1.630225644546542174e+00
1.348707126064891515e+00
2.253520328898416025e+00
1.626710879913774832e+00
2.317214348701109650e+00
1.441495532267400792e+00
1.697583770460789232e+00
2.548623604841190105e+00
1.952270452374992304e+00
2.117595032610418482e+00
1.300797436994469924e+00
1.957756564482482586e+00
1.981884656718766680e+00
2.265503294724103611e+00
2.236748225790871292e+00
1.706575562515071365e+00
2.839237257741443976e+00
1.684490593726176932e+00
1.446961102168262681e+00
1.829225002083529006e+00
1.661559722508195280e+00
1.971171176683987891e+00
2.298411229977253889e+00
2.366896783308118923e+00
1.953279057438563449e+00
1.974057578888011921e+00
2.102427864625285636e+00
1.419039866661339744e+00
1.606261888245318348e+00
2.457487724354520786e+00
1.795399432085656777e+00
2.014389532609848210e+00
1.447260009227441024e+00
1.590050973294009129e+00
2.238808739012862148e+00
2.039347893502075237e+00
2.258976474618258123e+00
2.401616818525482699e+00
2.671456811625633421e+00
2.479127266910484018e+00
2.168466846558791516e+00
1.925576635806931947e+00
2.099780430504009310e+00
2.407681740994122244e+00
1.654290099126660252e+00
2.400674082213214433e+00
1.665408774653197810e+00
1.883331174650957562e+00
2.584822081907353741e+00
2.227117386337572391e+00
1.729200803617826132e+00
1.595138610483052055e+00
2.232268358999428326e+00
1.566733565968168040e+00
2.039925425158196859e+00
1.793998621177331998e+00
2.774103023488819542e+00
1.045332577825294207e+00
1.305802985905354596e+00
1.397394706780331619e+00
2.290016343890552086e+00
1.471672901540400202e+00
2.233280601712010593e+00
1.910084259659673211e+00
1.268280830395252856e+00
1.103688827338365375e+00
2.155194490661051177e+00
2.643683056648056695e+00
1.651591137591693847e+00
1.293815105037426028e+00
2.760522125860640941e+00
1.502886771925338261e+00
1.701428577194863845e+00
1.959737059641516232e+00
1.397646127466777521e+00
1.617061908272591664e+00
2.051003616652947059e+00
2.099033546825411989e+00
1.764726262650630595e+00
2.104512358023241436e+00
2.217925673563700073e+00
2.227790370054702151e+00
2.033519908641250318e+00
2.031361087939474785e+00
1.846334699484088793e+00
1.805022602180854419e+00
2.499526214542678204e+00
2.463865003733006986e+00
1.654831049513392438e+00
1.659748241336711061e+00
1.349205274036251012e+00
2.200387698277709525e+00
2.151675555415951457e+00
1.256211314247899002e+00
1.836809444337334618e+00
2.619914199845973179e+00
1.866528193088706544e+00
2.192236650474259196e+00
1.745308171215721238e+00
1.937873933058444686e+00
1.231950462251567346e+00
2.368846965164500773e+00
2.691932638590171400e+00
1.992120640475901538e+00
2.015767989558280071e+00
1.590954727776072275e+00
1.676106746573570394e+00
2.414099303205518687e+00
2.514454134294398457e+00
1.379087121517271974e+00
2.395894888310804660e+00
1.961678204320319807e+00
2.842849806915974220e+00
1.763895566729961173e+00
1.645570539798264731e+00
1.439507348806059461e+00
2.658472960792192197e+00
1.944628363452455488e+00
2.004953835841686072e+00
1.979123230822803059e+00
2.360440381495658713e+00
2.646349372414490642e+00
1.722626486300731674e+00
2.675662195755441619e+00
1.564435177079702033e+00
2.269122001875072847e+00
2.524971582383583879e+00
1.478368192538621617e+00
2.406397330309429705e+00
1.674796825377030673e+00
2.373988245082724990e+00
1.829563220217285124e+00
1.802571365800293091e+00
1.985255559545560766e+00
1.714777605242036707e+00
2.031377240363275050e+00
1.704613279990108143e+00
1.848064337315556305e+00
2.135458528574559089e+00
1.424719333453565273e+00
2.308700918565539162e+00
2.423208426138193872e+00
2.152573656051248729e+00
2.538055601388430116e+00
1.663420738242303187e+00
1.492049878140256691e+00
1.964323986358260221e+00
2.574378107456104292e+00
2.775600550686741830e+00
2.057990732836908698e+00
1.448341812796599015e+00
2.613193958467951994e+00
2.631885971550540937e+00
2.154830054662402183e+00
2.240931624338946548e+00
2.176764004292471633e+00
2.249280472434597833e+00
1.400128173127608067e+00
1.876188925046996747e+00
2.391313927767567016e+00
1.547140034038226197e+00
2.631750151526146553e+00
2.831438367270739498e+00
2.149521483051665793e+00
2.032283156917016775e+00
2.070451945713493558e+00
2.537855608180180411e+00
1.236387147345590298e+00
2.539615258271953557e+00
1.776840307572511657e+00
2.130187457790832184e+00
1.343713125739632197e+00
2.322404989134001951e+00
2.700986320388975237e+00
2.389705795168836300e+00
2.161759006179875264e+00
2.481394486407350719e+00
1.987810140924013425e+00
2.033415236609532606e+00
1.851338333557502214e+00
2.445529808061153609e+00
2.719687566161942183e+00
2.119810851665112850e+00
1.758713311510607724e+00
1.537145807329530101e+00
1.958591358189527121e+00
2.521001679961656805e+00
1.178605593593673451e+00
2.022624679718218133e+00
1.820714977797377010e+00
2.350530017464636412e+00
1.323912975213213716e+00
1.645892051726682626e+00
2.306194346844303134e+00
2.305919347166354605e+00
1.896428987428754098e+00
2.333308846546790605e+00
1.558317224112568233e+00
2.663636399877120198e+00
2.867106985121929963e+00
2.307844550671813266e+00
2.097192040981513905e+00
2.354019907824233204e+00
2.166217942508051220e+00
2.028583788617257966e+00
1.037115861056890465e+00
2.007122085853350058e+00
1.994277962204394905e+00
2.216440072117006110e+00
2.370729286671297231e+00
1.708075455264483899e+00
2.277799523768610612e+00
1.309707296659547993e+00
1.489613037113686422e+00
1.327635922304753580e+00
1.767411721135137670e+00
1.929594580889472999e+00
1.823081637736944316e+00
1.710654740444930821e+00
2.429158442413620556e+00
2.555245940337742105e+00
1.512584477406773376e+00
1.869279432080522163e+00
2.114509162944219867e+00
2.086068470106322792e+00
2.322255660780288444e+00
2.261025148525519057e+00
1.942803527246856898e+00
1.449675575273271733e+00
2.093621498455081831e+00
2.224098063700112871e+00
1.933167253393706764e+00
2.414368117523456814e+00
2.887293356386992027e+00
2.040895286417462984e+00
2.359309801581241928e+00
1.829859738375835931e+00
2.329617459893965403e+00
2.367274443628488712e+00
1.938279533113197894e+00
2.448900179486509288e+00
1.860661465932546887e+00
2.630487886649450324e+00
2.076277495792306027e+00
2.006496861374487573e+00
2.117232186311091446e+00
1.489286361365208089e+00
2.045290017753242928e+00
1.755868212917077731e+00
2.004640164176406891e+00
2.506654737875416039e+00
1.862837250289783864e+00
1.569636111874230355e+00
1.644376620230909136e+00
1.865413102939805778e+00
2.256524963577764886e+00
2.345215233331720661e+00
2.421448416224952105e+00
2.378032029507448630e+00
1.713960088880935650e+00
1.273676444532904295e+00
1.373417949879780053e+00
2.067164167529059071e+00
2.313308512497343372e+00
1.906288824475363963e+00
1.634089560653144257e+00
2.038311290349816840e+00
2.089221885356288055e+00
2.632559553209349090e+00
2.267954275940641029e+00
2.661433046818175718e+00
2.095932079575327123e+00
1.769257180908496929e+00
1.939383753454156700e+00
2.210670387314217500e+00
2.002540191764618616e+00
2.510213378279879670e+00
2.372745737918270148e+00
1.634409997649897806e+00
1.237112023304813846e+00
1.813919610425698714e+00
2.019797119277853881e+00
1.788957108577206467e+00
2.077928383095273723e+00
1.771851728268867276e+00
2.123929668690657024e+00
2.674004409193950771e+00
2.693716305780110787e+00
1.199789621536382356e+00
2.000582453544506034e+00
2.150629718044067218e+00
1.582670310524727730e+00
2.130887410653416580e+00
2.034698047740699067e+00
2.772572266980447786e+00
1.644297874322230957e+00
1.469293347729620614e+00
2.568319435988561494e+00
2.620354187474252861e+00
1.862843483206284567e+00
1.972149180946711766e+00
1.806833193523324610e+00
2.275322000227230745e+00
2.118668734735740244e+00
2.380548051232499684e+00
2.070087032047569942e+00
2.150569920138731383e+00
1.870035761619391224e+00
1.656662963141310785e+00
2.247521439025168100e+00
1.934855788400088539e+00
2.193190270103030137e+00
2.026322834754088476e+00
1.984628021087299743e+00
1.316673320175199446e+00
1.928673704333677019e+00
1.419901099591306615e+00
1.517673139588473941e+00
2.341579173183528262e+00
1.390853171101209540e+00
2.668577454170568686e+00
2.678103382828156853e+00
1.942336387381066176e+00
2.118844974008809778e+00
1.498264248318161185e+00
2.005207233071631290e+00
2.252561724166703527e+00
2.262987094876732996e+00
1.470745928532267488e+00
1.702484460669754007e+00
2.451629143980605718e+00
1.445672993835253495e+00
2.097658878152103501e+00
1.826296340803978957e+00
2.241652111866201391e+00
2.302382382350152135e+00
1.935062400046134279e+00
1.841873665364786916e+00
1.528548594880675182e+00
2.032397827224651898e+00
2.454637926576861418e+00
1.751475989272031297e+00
1.548261076375565981e+00
2.011191110458400821e+00
2.687280161298773784e+00
1.605854712424015673e+00
2.506809477919497375e+00
1.209469724287296488e+00
2.446892654175494286e+00
2.258339922102392983e+00
1.639077861171770900e+00
1.865440933322706663e+00
2.297412224210292564e+00
1.670128813442831817e+00
2.390355571884942076e+00
2.027936610903545045e+00
2.668215330017754461e+00
2.180082803883969689e+00
1.547585789723965100e+00
1.416232157626452715e+00
1.353942122567183937e+00
2.042735078390170322e+00
1.602259313676217989e+00
2.022378736047975689e+00
2.090717328838002764e+00
2.482592291665563611e+00
2.003138297907997689e+00
1.818660701064207519e+00
2.524515005164783332e+00
2.008534215469162998e+00
2.117732391418392091e+00
1.912495916366010462e+00
2.232009956590341737e+00
1.733280924180537141e+00
2.150087714849740372e+00
1.999231171037412658e+00
2.262494070933401158e+00
1.825619511634997583e+00
1.320699036541713278e+00
2.464652405614241815e+00
1.438874377078163569e+00
2.175474726296815042e+00
2.186876425353000641e+00
2.851870080637113780e+00
2.128854515924383239e+00
2.596831083449827382e+00
2.097294242217464078e+00
1.854981691119841791e+00
2.057236611127770232e+00
2.029249097970340365e+00
1.497678959472150462e+00
2.351555532519444824e+00
1.728761066122163292e+00
2.314179030176581442e+00
2.075526310766441895e+00
1.652900023539201957e+00
2.100353295532737530e+00
2.077660894339612874e+00
1.912247282032075280e+00
1.727846216921182343e+00
2.175242481603954392e+00
1.354549861294381596e+00
1.767094695571393537e+00
1.567075624590319016e+00
1.585299664663376129e+00
1.852849152572258795e+00
2.322573110713759270e+00
2.281996341652356541e+00
1.939752271450434051e+00
2.581297656827780784e+00
2.575130744833281415e+00
2.295910871056879188e+00
1.700236530302379645e+00
1.951914418944868279e+00
2.418796326409678343e+00
2.454214659893868777e+00
1.602674950156751210e+00
2.849630806525249582e+00
2.291292591388538913e+00
2.087225803645493372e+00
1.450634265801808098e+00
1.693233217864080320e+00
1.732612552175593512e+00
2.457919240902827873e+00
2.323356173642754818e+00
2.421765761811320861e+00
1.826745180653665646e+00
2.408685186930353606e+00
2.455285480667042108e+00
1.536829848165570667e+00
1.528907936238119714e+00
1.590880524475828395e+00
2.564088594077243322e+00
1.855632557083743972e+00
2.037697252458805508e+00
1.944095124991617851e+00
1.772269987431906557e+00
1.936967456425253253e+00
2.273742926883225213e+00
2.693342219441918317e+00
2.452278001090374637e+00
2.784791302253285306e+00
1.426512222621531656e+00
2.774641732034260233e+00
1.578948852278158732e+00
1.811390943617006588e+00
2.071303699228124628e+00
2.240783663285212057e+00
2.482047535010868167e+00
2.818057980957867414e+00
2.907696732185697019e+00
2.881436002461044588e+00
2.108986323692865650e+00
1.582135681139039018e+00
1.716871505442654877e+00
2.021122733666189220e+00
2.836570096236149308e+00
1.791344503807113187e+00
2.401133104777918081e+00
2.150373731809913203e+00
2.075368856873939016e+00
2.293260180065380904e+00
1.803169560589908293e+00
2.350105238799693907e+00
2.209901601123222648e+00
1.706303046225434494e+00
2.374335277156770729e+00
1.673867939891484635e+00
1.683002703545002587e+00
1.988849387117313627e+00
2.513644738633592723e+00
1.981676110323767892e+00
1.954116031334951042e+00
2.466723763611792908e+00
2.117747947005629960e+00
1.898250979370356362e+00
1.512621002736391329e+00
1.164236588860855015e+00
2.336342570350507408e+00
2.145776039934573998e+00
1.643113547175782951e+00
2.427781726057943512e+00
1.398631693293383549e+00
1.881409235897510301e+00
1.214872267948614359e+00
2.019895930816505647e+00
2.542819918592068795e+00
