1.513542124651510168e+00
1.868669070531238319e+00
1.674296349669936568e+00
2.388356212904849230e+00
1.337095589049429600e+00
2.499686062927151564e+00
1.429768867589833903e+00
2.001050792019422708e+00
2.734364110804378800e+00
1.892694940189198149e+00
2.170213021709402668e+00
2.016140932973151223e+00
2.372574995644408880e+00
2.765442893611913533e+00
2.307648554069844593e+00
2.555849451662115968e+00
1.406674771189768025e+00
2.147766008775144897e+00
2.207278925620138388e+00
1.756205725106537274e+00
1.986209621866523278e+00
2.246000903009899297e+00
2.437164154168646846e+00
1.723573417461948809e+00
1.718332296524162306e+00
1.878275276094567570e+00
2.260834427233873622e+00
1.606093537736911214e+00
2.527254010009301943e+00
1.531792681526109368e+00
1.691876925202691950e+00
2.172160939539704572e+00
2.023326111879851119e+00
1.625050663933340189e+00
1.795109197890264463e+00
2.373797017661142483e+00
1.460120003004190758e+00
1.865345247121815042e+00
2.228156593438713529e+00
2.306551968009528331e+00
1.510225808718335561e+00
2.504255620465392518e+00
1.805174140268747340e+00
2.626109056235798711e+00
2.336728159203727007e+00
1.678710661671082960e+00
2.691416006742668010e+00
1.757334003174346737e+00
2.459209801387374661e+00
2.327056198425161870e+00
2.219691546573679730e+00
1.995164357595143212e+00
1.811586788001762871e+00
1.670696057592806039e+00
2.269442764425496861e+00
2.172870899922795918e+00
1.947151723824449121e+00
2.071155319763944291e+00
2.564877159191804701e+00
2.281355246664530600e+00
2.093181918050166512e+00
2.791547202675870309e+00
2.519288610532895767e+00
1.357591194402768986e+00
2.431460815175245926e+00
2.078776587529048037e+00
1.447355880455444943e+00
2.189421857923252723e+00
1.302823581622173155e+00
2.207920691671073854e+00
2.260299746413322097e+00
1.705179225702111445e+00
2.097244500735047090e+00
2.120544134117869461e+00
1.895787953940952786e+00
1.922899629616753536e+00
2.608711146044854878e+00
1.246974948841225173e+00
2.325138558421580015e+00
2.431060306161550333e+00
2.174608999074332694e+00
2.269610242057598981e+00
2.408994323678875560e+00
2.343237072518582043e+00
1.502287503993495088e+00
1.730193127561837407e+00
1.444419873224681572e+00
2.142585489299043910e+00
1.532870583100815143e+00
1.414307168245849011e+00
2.762540193914679421e+00
1.810374301873194369e+00
2.001630282311769982e+00
2.278166113221117506e+00
1.900914444224964361e+00
1.332680759702017381e+00
1.776211428965075001e+00
2.039883205214781725e+00
2.479280747465052670e+00
1.555811445844806462e+00
2.418853411460372360e+00
1.228185735533478429e+00
1.709192543151535348e+00
2.303961130869974561e+00
1.803419822304223485e+00
1.407686214713256501e+00
2.477681588486654540e+00
2.474396193746073891e+00
2.009210573294271995e+00
1.620663997029772041e+00
1.731581134609549544e+00
1.943408866923943545e+00
1.409694730026313847e+00
1.650015098458430751e+00
1.309094438040733221e+00
2.329197254659852057e+00
2.234052187666067724e+00
2.134309446459317527e+00
2.193768950767845283e+00
2.494489735037153544e+00
2.156199233948418836e+00
1.618558351258072570e+00
1.944458924649290044e+00
1.844587048517188688e+00
2.333471346762703735e+00
2.077870952210104427e+00
2.062358107115250583e+00
2.175578344556118537e+00
1.653618348535335514e+00
2.137039297591218912e+00
2.702626954388151148e+00
2.469773430245635115e+00
1.369687904740820583e+00
1.611766307565997813e+00
1.273445373077282117e+00
2.028826180597427253e+00
2.691458789844012323e+00
2.048524443296181552e+00
1.292038183842616039e+00
1.882260198815507657e+00
1.239179670332324346e+00
1.605435036703043661e+00
1.367628689116818119e+00
1.541541025811664412e+00
2.379646573869333981e+00
2.545915390395183664e+00
1.732534633412251779e+00
1.586828997928471097e+00
2.253893423804362417e+00
2.385929187139343099e+00
2.755219605257193116e+00
1.568286488434355030e+00
1.886001367064374268e+00
2.071764901738503806e+00
1.371094428331143700e+00
1.755863355859335506e+00
1.543487981572149836e+00
2.413203438859462757e+00
1.502493889463441645e+00
2.261805967961116437e+00
2.065604284749138930e+00
1.408380035647022410e+00
1.252281603943593558e+00
1.498088177692493472e+00
2.600227570947554412e+00
1.404952373566024093e+00
2.019777561672366772e+00
2.061182247421121883e+00
2.439169314732008154e+00
1.411459840818108269e+00
1.591194415865646361e+00
1.377841804544707838e+00
1.459147192940722260e+00
1.951735055891115067e+00
1.972376285330095902e+00
1.787926082208951106e+00
2.248625677562845482e+00
1.741824696569935549e+00
1.718551801554452751e+00
2.751473490022474877e+00
1.959961099632189452e+00
1.047568262983302079e+00
1.710742729893740322e+00
2.550258959738153308e+00
1.937568468603641847e+00
1.472773471359040798e+00
2.764690992276775283e+00
1.655147160057677702e+00
1.683296438542719820e+00
2.304596637237486867e+00
1.561395995320931984e+00
1.984057422190319553e+00
2.262842242638528845e+00
2.288519944891847402e+00
1.452015708614574407e+00
1.872897371967760183e+00
2.253945461939373285e+00
1.639488101347584159e+00
2.365628408009647465e+00
1.726527863356293047e+00
2.218066090261320511e+00
2.531299229990832345e+00
2.330398083703181022e+00
1.310427394594347428e+00
1.699549905337994105e+00
2.003534641751410383e+00
1.598230140016549949e+00
2.427824844880742461e+00
2.339530482125618427e+00
1.301167386941450399e+00
1.656126073189679637e+00
2.630493553182199129e+00
2.585743903924420550e+00
2.014675864604559496e+00
2.038231675497663709e+00
2.380047755541781385e+00
2.014893495204295171e+00
1.937729095448157413e+00
2.233619405478014297e+00
1.621418751580081974e+00
2.083858208719764793e+00
2.338546199673412040e+00
2.364782929080241125e+00
2.236630252945200681e+00
2.186856448454010948e+00
1.794876398556002783e+00
2.363327277015613070e+00
1.792302554398212289e+00
1.414837303600382512e+00
1.577373974721315797e+00
1.528706556213690337e+00
2.544034603370240788e+00
2.798127757819335759e+00
1.989745482059473769e+00
1.745469606104494531e+00
2.423110049875984551e+00
2.137543694399149263e+00
1.953852864105755982e+00
1.441970906851159029e+00
1.329170571141958357e+00
2.761011338356643918e+00
2.181768966049892455e+00
1.642288988384444481e+00
1.743888333284512759e+00
2.236916402135342707e+00
1.346412203965628995e+00
1.326408465127596692e+00
1.579170160184308447e+00
2.353293437011350075e+00
1.806923958079222015e+00
1.679553086659509642e+00
2.144017581845566234e+00
1.834081637537369414e+00
2.141036394680587485e+00
1.666937866963703829e+00
2.434310561239346526e+00
1.659741174861834478e+00
2.012246330557402541e+00
1.965890392854183100e+00
2.681063341765022479e+00
1.507659904828492214e+00
2.030408199366022792e+00
1.691903066243182430e+00
1.900229118456832733e+00
2.393365629765952907e+00
2.198010032066809671e+00
2.471200709315080957e+00
1.710061832571065477e+00
2.148916809029713271e+00
2.136085933632405176e+00
1.717020529413100460e+00
2.121825633124527322e+00
2.247923073694922724e+00
2.197361770891271604e+00
1.983580209734430166e+00
2.416529353226223087e+00
1.629898844488527621e+00
1.685745165203031970e+00
1.428743837734522959e+00
2.043908071790322190e+00
2.331059901433244264e+00
1.795702919767880212e+00
1.402543736033678545e+00
1.399734316723208138e+00
2.448289644384307628e+00
2.115807375253198508e+00
1.300181236772342430e+00
1.551543020536531703e+00
2.629173084383644721e+00
2.527584397073859179e+00
2.448101947114644350e+00
1.466351616642092459e+00
2.019610273436199144e+00
1.994326180166344553e+00
1.929187983037343734e+00
1.781901178419333487e+00
1.463254855285181399e+00
1.931925989911811525e+00
2.026430502758223007e+00
2.026155144686557552e+00
2.074035309791003368e+00
2.064864252675793210e+00
1.813612358529385071e+00
1.857309366778884474e+00
2.057132556144923186e+00
1.529207391395186244e+00
2.180100940360829131e+00
2.528240991855518871e+00
1.594210372668764197e+00
2.112285634549319280e+00
1.540329216609865215e+00
2.112022128707641500e+00
2.351171227756440718e+00
1.957087081872895373e+00
1.441724509721002745e+00
2.084848215692673534e+00
1.723782569385977403e+00
1.519175227899633107e+00
1.835887504543841198e+00
1.799302049645831847e+00
2.169102643393972851e+00
2.424204319160591314e+00
2.005438715633045099e+00
2.562344069493106335e+00
2.138915535756558572e+00
2.153565976607333177e+00
2.204495750074042526e+00
2.004735243569212955e+00
1.529681567137815223e+00
2.073056394335669683e+00
2.090460054447674132e+00
1.889010396471978437e+00
1.981462857742388062e+00
2.358421247569205015e+00
2.278937714536902526e+00
2.557945769335946196e+00
1.932468989197726916e+00
2.550547673747773914e+00
2.193908927565566991e+00
2.111277717986130842e+00
1.690510301327921683e+00
1.658932273992547168e+00
1.891484576380385585e+00
1.749424805097285374e+00
1.554852225469620652e+00
2.768958492522421988e+00
1.879557283320624217e+00
2.120033123713368717e+00
2.344487002551217003e+00
1.547187630297612859e+00
2.370069434951528109e+00
1.860021343708482267e+00
2.133654873171420441e+00
2.774462398849895983e+00
2.095258798010160461e+00
1.624311016123067164e+00
1.725414185571059633e+00
2.405772242082239387e+00
1.790992394374569141e+00
2.188604265188865305e+00
2.118770524979450620e+00
2.563368751805792378e+00
2.393064585167988589e+00
2.534565817812787003e+00
1.434630750404562782e+00
1.238918943012070173e+00
1.610205618611654899e+00
2.093604121394016637e+00
2.021134059495431678e+00
1.468224165002111947e+00
2.163710018784268829e+00
2.394061618473904307e+00
1.202187826043295882e+00
2.151646946127944382e+00
2.400446064745652919e+00
1.403340779043677822e+00
2.117743353385475480e+00
1.968674818278932204e+00
2.519541373499323278e+00
2.040557075377992469e+00
1.839352258580515986e+00
2.312994448533091330e+00
1.889730905846982001e+00
2.870027161686586226e+00
2.520521763563379203e+00
2.207849650165495170e+00
2.160597842184021289e+00
2.564311976097491730e+00
1.643704572686843557e+00
1.839620754259970958e+00
2.852704566610216652e+00
2.192987016262391009e+00
2.838551787492052725e+00
2.330400817330342544e+00
1.698374712674173947e+00
2.301817617830303142e+00
1.311580679170468500e+00
2.841232988678572102e+00
2.343568237176742119e+00
2.074311511065087377e+00
2.183683284038337113e+00
2.281220999006545735e+00
2.057658563558847575e+00
1.654079750581021191e+00
1.485734498141292770e+00
2.312801419763248933e+00
2.804455837115331640e+00
2.817789680039466838e+00
2.222298064470461298e+00
1.720069886547790361e+00
1.642786472534598641e+00
1.694521743533857983e+00
1.707444768931634549e+00
1.948772302891506047e+00
1.807040655800107309e+00
1.448355157182149577e+00
2.315073167166226131e+00
2.528247308401719629e+00
1.469700684716879646e+00
2.607736909788293644e+00
1.415306943641386761e+00
2.186589182688099875e+00
1.586026180539950481e+00
2.034885460443725425e+00
2.168143891266040679e+00
1.526651707239927269e+00
2.332994706669938800e+00
1.260709828869073457e+00
1.815804568812855901e+00
2.340191850831635278e+00
2.671520214936411008e+00
1.144609909852981389e+00
2.087233534156178738e+00
2.145553347669652666e+00
1.659677241028780337e+00
1.403431159228754721e+00
2.326369720782459627e+00
2.000136009978605856e+00
1.817984191259835569e+00
2.216190694821021268e+00
1.603115298442914893e+00
1.572193711576753028e+00
2.553611613900772070e+00
1.684797572834592305e+00
1.233215202989963899e+00
1.255961897104347802e+00
2.077838275940222523e+00
2.247048214156616375e+00
1.804698204336039336e+00
1.741069967699214072e+00
1.207311750700651221e+00
2.151349050166996513e+00
1.698408348011925195e+00
1.625952006137586281e+00
1.785525442659132933e+00
2.090006488874944779e+00
2.051012573326339350e+00
1.962626392231016759e+00
2.419179268380394543e+00
2.065274288093287502e+00
1.660075333425628186e+00
1.571604551013288109e+00
2.669688543360311250e+00
2.161295334623771325e+00
1.631516456073843990e+00
2.700852378360155459e+00
2.644321870802198937e+00
2.603731528554169117e+00
2.632658196313053089e+00
1.690700692051862131e+00
1.935452207138144143e+00
1.841450366942736672e+00
2.653162019499982982e+00
1.768060034741754993e+00
2.115921894369578560e+00
2.306574236910687858e+00
1.032830167838463264e+00
2.279288013823711267e+00
2.229885467995757153e+00
1.977041502334589529e+00
1.846287173576648843e+00
2.028899482944206412e+00
1.750446918493151927e+00
2.715332868311866044e+00
1.974600878603835152e+00
1.448697674377435352e+00
2.303985311821139970e+00
2.111854306074905541e+00
2.199916854182983883e+00
2.456414680109419990e+00
2.026434714414470761e+00
1.430180423066716777e+00
2.080986982836424470e+00
2.331623163685122790e+00
2.688316722105625445e+00
2.146975762257018694e+00
2.695430335738660865e+00
1.851274854388671898e+00
1.694557050742749871e+00
1.833889819761517881e+00
1.465309069544712628e+00
1.666432404147961233e+00
2.038217301002782644e+00
1.479434393181806584e+00
1.755607915101498051e+00
2.210055533118982840e+00
1.411116857644584943e+00
2.199450218437344340e+00
2.584032676068052758e+00
1.421802149036529794e+00
2.310810217900038932e+00
1.592047119565632496e+00
1.912148539616220333e+00
1.789580856815493171e+00
2.520543297717487530e+00
1.541951696954206863e+00
2.714998746201161772e+00
1.760454702801645066e+00
2.816252173547637128e+00
1.859637538931792067e+00
2.202451699631652104e+00
2.103749840418078776e+00
1.576282034352451511e+00
1.673604537019383720e+00
2.600098250700911606e+00
2.490424102474959156e+00
2.270575804224752581e+00
1.278435619989487071e+00
2.475169252415634347e+00
2.309144414336696371e+00
2.494090499160872554e+00
2.011876543597771239e+00
1.842060109621908470e+00
1.907868252218756222e+00
1.831683384396977310e+00
2.457464630689391250e+00
1.927100341923287274e+00
2.452962260853342791e+00
2.172597386224405902e+00
2.065159618252277340e+00
2.356644300733360620e+00
2.254309417828960882e+00
2.629749780214193144e+00
2.301399100478496607e+00
1.808111677461720967e+00
1.499648820614605249e+00
2.262092752714775834e+00
1.656990377097409484e+00
1.551895868892500197e+00
2.078411014039231119e+00
1.931000127101543562e+00
1.764575688449032898e+00
2.241148454421833414e+00
2.657253494668055716e+00
2.503835112446873623e+00
1.513513164860505800e+00
1.579513005192159314e+00
2.090057366738674816e+00
2.585276163802243232e+00
2.385892558451817358e+00
1.738690621696773020e+00
2.062159895190176950e+00
2.235816805176869870e+00
1.495288196118628399e+00
2.026381453163870194e+00
1.951611913612648186e+00
1.167439764343220610e+00
