1.835774942021634715e+00
2.805793980521224640e+00
2.156759384093966059e+00
2.018461494828086789e+00
1.222596846988204700e+00
1.827500354926671511e+00
1.962791662499170364e+00
1.954293862122958414e+00
2.298677370335110659e+00
1.725554389769788699e+00
1.685419126492953890e+00
2.368850859905503370e+00
1.912864697906309086e+00
1.520806658774846998e+00
2.289172416375722996e+00
1.902807637297328824e+00
2.476563901042266203e+00
2.198172144942397210e+00
2.411385435798719001e+00
2.391930966767072952e+00
1.612263941185628990e+00
1.727502706204018690e+00
2.491901262165410635e+00
2.340384143727575861e+00
2.419340756185942354e+00
1.511250023751870231e+00
1.890590675323922554e+00
1.500978014643910230e+00
1.880269445071369727e+00
1.958579982510981310e+00
1.330243038539602907e+00
1.844835477246534294e+00
2.271198836719740655e+00
2.159260383177780351e+00
1.427391866373094009e+00
1.809646212841997670e+00
2.128393133009271132e+00
2.208016837355168072e+00
1.790125098846402363e+00
2.144532687636577339e+00
2.581910440841341803e+00
2.852855967466088494e+00
1.835764042743447844e+00
1.871919387765641485e+00
2.531838874515727866e+00
1.668551394160067591e+00
2.331225891354730351e+00
1.283700318421560738e+00
2.224484484943859197e+00
1.590925622939061590e+00
2.112032798011037826e+00
2.220868375797877103e+00
1.086899089684016051e+00
2.274780849931020477e+00
1.248540964058587166e+00
1.926507349141247882e+00
2.273736760642590227e+00
1.905953129310739902e+00
2.088996350617009057e+00
1.571354974730307497e+00
2.079444902522516792e+00
1.945811524635983503e+00
2.296998536935801916e+00
2.293647128662779533e+00
1.773141407288589821e+00
1.681860051768190534e+00
2.302706036389996491e+00
1.557827317034537806e+00
2.061807212029128422e+00
1.379406964699257720e+00
1.931074727980173655e+00
1.277604202718424009e+00
1.208006070059349790e+00
1.791233767074336791e+00
2.350433447756767436e+00
2.297660504210316645e+00
2.394100219553884301e+00
2.136419605408589995e+00
2.365359072881883851e+00
2.351103383726641294e+00
1.791906844815145838e+00
1.808153284766718993e+00
1.663897274893302303e+00
1.729144478316269717e+00
2.385313898738032456e+00
2.245855493815033910e+00
1.465165752345744199e+00
1.626887456690203404e+00
1.692180420664685769e+00
2.205872671495105131e+00
2.333923406798640521e+00
1.632724793873610469e+00
2.118173000536320405e+00
1.370628123475685189e+00
1.687406265417592977e+00
2.431395702955509108e+00
2.523745986804946106e+00
1.609087869994723974e+00
2.183985870644675309e+00
2.704166425293497156e+00
1.750725682715269516e+00
2.202911542395266764e+00
1.569533565002975584e+00
2.656749475366172675e+00
2.129002630643582528e+00
1.944533650872581010e+00
2.875848090673507329e+00
2.325926302709249605e+00
2.559785251843429421e+00
2.050241495305082040e+00
2.402603286946491501e+00
2.086332851134875099e+00
1.703659408592857805e+00
1.966335493523986067e+00
1.693688306624098860e+00
1.420440451807562177e+00
2.358858851477373619e+00
2.472586412737301842e+00
1.118317705687428720e+00
1.780818968468004471e+00
1.643202725990589252e+00
2.497444482863544035e+00
2.643572773581956081e+00
2.443587895895721118e+00
1.809798900755754891e+00
2.256619137703588684e+00
2.370897194286416099e+00
2.255124983137484662e+00
2.712588985143747244e+00
1.556347487592355305e+00
1.807867133864550446e+00
1.273217690544187430e+00
2.498114704076759285e+00
1.664788206275567894e+00
2.182867394471635691e+00
1.773937619037601943e+00
1.603659616780038100e+00
1.884095648416768576e+00
1.180740075291020430e+00
1.708707905626743795e+00
2.503265153428997358e+00
1.512452620854655150e+00
1.834996459973749161e+00
1.507689716253990397e+00
1.958491712937828089e+00
2.182080256375473759e+00
1.645086479590132988e+00
1.620565569360931768e+00
2.091301124597361838e+00
1.439807073839868057e+00
2.538554825874959953e+00
2.256003986677050932e+00
1.756851791426081721e+00
2.342998581724410556e+00
1.726114845700794209e+00
2.056720238736085005e+00
1.704506696822492007e+00
1.433986099416635129e+00
1.576755807300631584e+00
2.658241099522718365e+00
2.290335385645514421e+00
1.793880418397028054e+00
2.062329271735552361e+00
2.222585383745535381e+00
2.657762749918668010e+00
1.407224119758486047e+00
1.760679191455717607e+00
2.013298422060521897e+00
2.617055004062416312e+00
2.044191558097558925e+00
2.565127639790417469e+00
2.042967982641778590e+00
2.092560859047884136e+00
2.478386369546742962e+00
1.571273627626811553e+00
1.806084053756050078e+00
2.048852387620827109e+00
1.589768771487106935e+00
2.632532408625051001e+00
1.985140896641703012e+00
1.780961675640767350e+00
1.397173445764220645e+00
1.905017890646774958e+00
1.768934664927500400e+00
2.544720301635920556e+00
1.691635007737155361e+00
1.818749530306087436e+00
2.546805666215240738e+00
2.294238531284559457e+00
2.175713792004086322e+00
2.763604438837866883e+00
2.335115536710772766e+00
1.775227691337959879e+00
2.144692976979389876e+00
2.525937326112802417e+00
2.501697081756666385e+00
2.468148058126108602e+00
2.578708088763876471e+00
1.958724373005420905e+00
2.041979355167100607e+00
1.487059759030944228e+00
2.932491485713647705e+00
1.788834666177102628e+00
1.899961848611604776e+00
1.706297102948234778e+00
2.361681251581004837e+00
2.566250965879647072e+00
2.414104249406068270e+00
1.316069283090925079e+00
2.608179402266266322e+00
1.380131890031739417e+00
2.210519148203852868e+00
2.231762350454784105e+00
2.393366037950273917e+00
2.316870841284417892e+00
2.177431308658674958e+00
1.825152013322030697e+00
2.030312385057441382e+00
1.933564101399616986e+00
2.395140734613033118e+00
1.541620894654657459e+00
2.115204128190235178e+00
2.353927065227789051e+00
2.049228428591592266e+00
2.441925497073276219e+00
2.509411854160714661e+00
2.617113391137808165e+00
1.151440267327130895e+00
2.029481922700138607e+00
2.746597793794229414e+00
1.987758676052739482e+00
1.319796768561491973e+00
1.313130043128936331e+00
1.932762564379381320e+00
2.115868115035667518e+00
1.661788286699314554e+00
2.173259414570030579e+00
2.127470893153591280e+00
1.547067556029312119e+00
1.925812673091668259e+00
1.810575491055417485e+00
1.866155134631353185e+00
2.312042656858450229e+00
1.240002013320590457e+00
2.228084190049841595e+00
2.146216268317315823e+00
1.912105221582605097e+00
2.016756081548754409e+00
2.025574458814264567e+00
2.202826192863265753e+00
1.644487796772895027e+00
1.855287877986417922e+00
1.489868039492734830e+00
1.522241157578753334e+00
2.057432865756500640e+00
1.746677370244078320e+00
1.195901716489111921e+00
2.771660607129910581e+00
2.710222190639397510e+00
2.050859569344452460e+00
2.472987457420103397e+00
2.676399073839580645e+00
2.408192996310147382e+00
2.552197751561242178e+00
2.551951364144099621e+00
2.834958702780945750e+00
2.134945069747643753e+00
1.592802533096600470e+00
1.617222978699739855e+00
1.532900484452896839e+00
1.756153664641631806e+00
2.237481612653917651e+00
2.195057049147709272e+00
1.795176140139064014e+00
2.166377338880508319e+00
1.613784303181735602e+00
1.884645207198780703e+00
2.779669075689914060e+00
2.422201855350361033e+00
1.584703496536060019e+00
2.099720026492383873e+00
2.296332890031614671e+00
1.801200160612999035e+00
2.146167638710068104e+00
1.376120859920045181e+00
2.389994471263628739e+00
2.150479797139702054e+00
1.964219654583600372e+00
2.559616871620628231e+00
2.137283749043593417e+00
2.004491691820908805e+00
1.381271302878097629e+00
1.906820535118269433e+00
2.154782073812008925e+00
2.126644097784072596e+00
2.382597031622438521e+00
2.578751571026155709e+00
2.000263939199657504e+00
1.182883892390296454e+00
1.718477856859855102e+00
1.455942948740227116e+00
2.661494047614947345e+00
1.582405441837812177e+00
1.352047943641052630e+00
1.394478856714266080e+00
1.759598248882050520e+00
1.278056671899072239e+00
2.361109718496795296e+00
1.941832613677435093e+00
2.165928567351678602e+00
2.096985296800582432e+00
2.596839246182763183e+00
2.342354471752964962e+00
2.447584366352908436e+00
2.274068652961779513e+00
2.272360658649902998e+00
1.928625323638583300e+00
1.526830514365318248e+00
2.101170599895541002e+00
1.778724334825719344e+00
2.085473422353913975e+00
2.119900298601445243e+00
1.785039735840369346e+00
2.374582148496420242e+00
2.350922231494114278e+00
2.251681651162191322e+00
1.329915912129191025e+00
2.161409981897585375e+00
1.926549662499157156e+00
2.618195601620824764e+00
2.421892061318717815e+00
1.856486057056703665e+00
1.698753004708914993e+00
1.848306038450652444e+00
1.710637397052888309e+00
2.432449131537484988e+00
2.411402800389823575e+00
1.743474106991920181e+00
2.322660906400200176e+00
2.012547569081941212e+00
1.772009433103502341e+00
1.740343057678339633e+00
1.936269571176428617e+00
2.349806504655426398e+00
1.469778660904920820e+00
1.804314983045597565e+00
1.467795895882932689e+00
1.905614760527185370e+00
2.554463492087525545e+00
2.015702203115188773e+00
1.802412041994746694e+00
2.021122496900305876e+00
2.511240811222635649e+00
1.744399968058293560e+00
2.725900253981607513e+00
2.159020785418719335e+00
2.211358198777921835e+00
2.238459102337600370e+00
1.591143926542178955e+00
1.238475031703071272e+00
2.228707000816064543e+00
1.913846836365084680e+00
1.699334326620773439e+00
2.324856200063999623e+00
1.969011163103814521e+00
1.363600146362068832e+00
1.393798799090770313e+00
1.568541405225467811e+00
2.601936102569694320e+00
1.900602257049459620e+00
1.986036877123211308e+00
1.548006221811289773e+00
2.523962578055097161e+00
1.985321189478233439e+00
1.930573356554989184e+00
1.364385838284720043e+00
1.861226995748727520e+00
1.460334134425706143e+00
1.669851846090415926e+00
1.973730867269224198e+00
2.448391840394540608e+00
2.217278164047971512e+00
1.323246590538009970e+00
2.016040529225101352e+00
2.189002878481301373e+00
2.031203512615102014e+00
1.818374213077151857e+00
2.053899607001435257e+00
1.996527044151207964e+00
1.505772375464037083e+00
1.928451338031279771e+00
1.678970313993990437e+00
2.534555761217344827e+00
2.484725880391188912e+00
1.877329266953242204e+00
2.322820166263202424e+00
2.167265643053971402e+00
1.811627555232481868e+00
2.152752565154244735e+00
1.068732459937776103e+00
2.128931444847609100e+00
2.244282192838426671e+00
2.188382990389288629e+00
1.662749245579302482e+00
1.529947442767773058e+00
1.327812907050208269e+00
1.317654108874912744e+00
2.280212214152878225e+00
1.940389664901445155e+00
2.287624455917367072e+00
2.023373609439073739e+00
2.667154088091503006e+00
2.103963113726670997e+00
2.064254824932036492e+00
2.286782874391614762e+00
1.826021285823911100e+00
2.028454462395274938e+00
1.652169903375953375e+00
1.614881849118298796e+00
2.040038395996564002e+00
1.960729564591362051e+00
2.048810897902173522e+00
1.765847139827961598e+00
2.428519136724076599e+00
1.373348578862134906e+00
1.986980605164385461e+00
2.787530648556225898e+00
2.508949110743686539e+00
2.131678735268134339e+00
1.363875726595334736e+00
2.488131295657583397e+00
2.146583729993730483e+00
2.010071842020773047e+00
2.498999700916162858e+00
2.392019638117115932e+00
1.476676209589735667e+00
2.511986460408282440e+00
1.694325511921304095e+00
2.100192516797295461e+00
2.372965374550088491e+00
1.542411683633051700e+00
1.677576501283416288e+00
1.592647633032977073e+00
2.509873973807452252e+00
2.250044003954813743e+00
2.110677920898003990e+00
1.864213401522273106e+00
2.414366760785912724e+00
2.254742638088527151e+00
2.454661520274941555e+00
2.582446069880555584e+00
1.762571649015096220e+00
1.486817869708317197e+00
2.144658331372958138e+00
1.735044724394091631e+00
2.356026437747456903e+00
2.409561780570540712e+00
2.460777595113515570e+00
1.861269478203777084e+00
2.509546825327610975e+00
2.150794288084896699e+00
1.366369777044168510e+00
2.483073415612608414e+00
1.936598372348158570e+00
2.756915509559386912e+00
2.083920492610144670e+00
2.003125701585146246e+00
2.290425230433703163e+00
1.871318494322951942e+00
1.566683072970593393e+00
2.063938911446369318e+00
1.776063775274094869e+00
1.556076256022929982e+00
2.486543078248573124e+00
2.237816100548531750e+00
2.143264450502761598e+00
1.475238883859327554e+00
2.127924717150939671e+00
2.147572327447825558e+00
1.174635594914549941e+00
2.026465726982398685e+00
2.726436685080438238e+00
1.861036744431898260e+00
2.172664624577091086e+00
2.615096181745870219e+00
2.514268762077774610e+00
2.756610436384752116e+00
1.627878219922252789e+00
1.889794596762173207e+00
2.300005755568074406e+00
1.535385732610637710e+00
1.200622621264820333e+00
2.629443950959736487e+00
1.420339414026661196e+00
1.498996593282467371e+00
2.183998098423030498e+00
1.928580196266633795e+00
1.729397321482705863e+00
1.480481637401594552e+00
1.674236956522496600e+00
1.360245788408251721e+00
1.637920361529691782e+00
1.604510224948099584e+00
2.640364555408031055e+00
2.326114140216116954e+00
2.656199846138282972e+00
1.388522428762425376e+00
2.071272845788054262e+00
2.237017918407498751e+00
1.306429465118154276e+00
1.774797769132292924e+00
1.598592465737198154e+00
2.180569661292266481e+00
1.254944415719021711e+00
1.922240181405807657e+00
1.134270915422432635e+00
1.857233449807469849e+00
2.266704380784076989e+00
2.381547123172647495e+00
1.575985194217729202e+00
2.298711343875491586e+00
1.525711919080102952e+00
2.345104346247623539e+00
1.998600222702887841e+00
2.807041251010335969e+00
2.384802156933846451e+00
2.469746191821503789e+00
1.406282832845767938e+00
2.164786380399382537e+00
2.404337264584544442e+00
2.329446547489052222e+00
1.714042820945101075e+00
2.191956837751779297e+00
2.104614071608907011e+00
2.038524495681753645e+00
2.817708588554909355e+00
1.681705376676014829e+00
1.677923838420338765e+00
2.166160933995963767e+00
2.013731776052368971e+00
1.293224517953954766e+00
2.651052213101637633e+00
2.191375394843261049e+00
2.203983562168794208e+00
2.050725512662700645e+00
1.792270700652777382e+00
2.517873905775736887e+00
2.424961692422188619e+00
1.364354157296724601e+00
1.539956871738830335e+00
2.110346982773419811e+00
2.705052361333017075e+00
1.950986629131840733e+00
1.192084873663645350e+00
1.987618408619898691e+00
1.937088628141537372e+00
1.802957915981161729e+00
1.744165060552958835e+00
1.262587406851167104e+00
1.747633352290192787e+00
2.011116139879181475e+00
1.406203933045083065e+00
1.619820587083349750e+00
2.398496768180488292e+00
2.326201692715827996e+00
1.710545956198553874e+00
2.120158190885338634e+00
