2.082217332655095454e+00
1.713785947188033010e+00
1.925609855918485991e+00
2.009909725198008701e+00
2.136848966996963028e+00
2.272194420847398533e+00
1.678962611526495952e+00
2.330749674747552902e+00
1.702750399604290754e+00
2.068713610278698489e+00
1.990161490913706421e+00
2.482271055661152026e+00
1.986778462678396640e+00
2.200065302270406420e+00
1.725393922151214454e+00
1.990327213475359347e+00
2.132817694297350464e+00
1.976176449183218331e+00
1.867935871996001529e+00
2.210778534039377963e+00
1.919143488622415905e+00
1.880557369054604022e+00
1.952898168942601487e+00
1.696575842952527946e+00
1.358482176656661489e+00
2.622234854539512217e+00
1.747973598151514985e+00
1.352559294848983074e+00
1.300425833295134614e+00
2.011978445303669094e+00
2.140783279321876176e+00
2.561420921291663877e+00
2.307553587005842566e+00
1.616596015881271331e+00
1.738684784941960659e+00
1.735558630624865595e+00
2.680357774711402463e+00
2.694574438458594123e+00
2.291622618409374645e+00
2.153475992447345000e+00
1.336812991313035770e+00
2.164358025877133329e+00
1.997041830217423986e+00
2.671253847763900069e+00
1.815603383894945466e+00
2.548785459607905146e+00
1.995420229130698608e+00
1.813635533510757458e+00
1.768881915843192321e+00
2.715573407889191770e+00
2.342079950347921713e+00
1.596065381762227453e+00
2.189211086060840472e+00
1.578695213354408988e+00
2.672612057956812226e+00
1.917339292882240587e+00
2.424481486289355558e+00
1.490719133468928925e+00
2.627695034472480096e+00
1.283969477546433868e+00
1.601602496794841457e+00
1.936180527139715668e+00
2.226653329108359003e+00
1.696926047638693369e+00
2.183162969137309339e+00
2.198222760590149427e+00
2.074998224887882436e+00
1.575429386954816380e+00
2.446843451677892745e+00
2.189011093210271319e+00
1.455526388849494701e+00
1.519138522892341747e+00
1.807956785074647632e+00
2.300553506323528730e+00
1.248465187815460897e+00
2.408604846383950893e+00
1.518320899696009807e+00
2.350755116075284867e+00
1.567470396957536316e+00
1.990630001149945372e+00
2.057379510980890558e+00
2.079587866150176545e+00
1.917242768908263395e+00
2.604569467628767399e+00
2.077903029018099090e+00
2.174593204584282624e+00
1.706064160423961917e+00
1.995780792133596826e+00
2.801875476151846733e+00
1.945051139155683284e+00
1.405442592775025368e+00
1.683129557818135780e+00
2.746519785251521295e+00
1.702225066232249118e+00
2.308554061973048910e+00
2.182098614771219136e+00
2.543874598646300278e+00
1.996233889131040051e+00
1.998768220483565283e+00
1.954591661811028613e+00
2.382097237469257056e+00
2.292393129950538899e+00
2.250627815991482095e+00
1.765158153528388008e+00
2.148282639270401084e+00
2.501516262437476712e+00
1.505629409573314703e+00
2.053770485557209646e+00
1.388174259965040847e+00
2.059797476987982545e+00
1.189588043430250819e+00
1.633977071565936079e+00
2.250956923444270785e+00
2.608843732412067240e+00
1.478564911187411735e+00
1.648002268823438365e+00
1.717323595533549963e+00
2.011280791949316971e+00
1.515083169397329677e+00
1.749756576509563732e+00
1.990165701297104128e+00
1.945564689805072911e+00
2.410881263568549926e+00
2.205569342610807393e+00
1.922318492598841688e+00
1.880372813532272813e+00
1.437126490990942473e+00
1.408837266928054666e+00
1.572397102928834389e+00
2.075622277019561146e+00
2.773714206955023798e+00
2.177298613292719232e+00
1.669122448091366007e+00
1.634090015178352395e+00
1.458881184353101768e+00
2.600438522027044286e+00
2.057615785757215043e+00
1.445444559000937490e+00
1.766711194237650329e+00
1.703643281267142262e+00
1.482036178362485135e+00
1.136051453588663218e+00
1.655417490442413042e+00
1.799424979820806403e+00
2.440376657847357578e+00
2.009844484208071158e+00
2.028039129051888878e+00
1.540369236324071078e+00
1.968671681390406825e+00
2.612240061562474125e+00
2.083412207262554716e+00
2.050376797180705424e+00
2.293688656574274454e+00
2.121478696347010917e+00
1.560162050805819600e+00
1.630572402795914311e+00
2.301763883515926423e+00
1.792602053240613058e+00
2.288516811135041795e+00
1.402794400616222958e+00
1.681785228438048119e+00
1.878884212717229607e+00
2.232591587665802457e+00
1.371901653413730715e+00
1.671859916942353141e+00
1.867707189968736525e+00
2.542048089494535201e+00
1.486179212195721799e+00
1.165013750767981637e+00
1.614100176187624802e+00
2.139636477803444681e+00
1.028728705278612710e+00
1.222168665397782572e+00
2.122749199617523175e+00
2.068049191804030684e+00
1.950168835777110976e+00
2.302452630457031635e+00
2.240107780597831777e+00
2.631114258797896621e+00
1.257371213223213324e+00
1.860097670063340258e+00
2.436283916614519818e+00
1.662898705664892063e+00
1.964091407306411519e+00
2.113570476570405532e+00
2.632932560646452202e+00
1.778086327660884702e+00
2.113969369918710761e+00
2.327391854444570196e+00
1.755203919694576342e+00
2.185095034543811821e+00
1.792167897540613675e+00
2.091412746578285464e+00
2.239510588139953740e+00
2.222271352640320607e+00
2.415939320395524170e+00
2.468308873938252379e+00
2.234220873054817424e+00
1.650213851986231717e+00
1.552664198420832253e+00
2.020553591251990078e+00
1.598411200688016010e+00
2.247336356967822191e+00
2.105480082977803313e+00
2.004999839216623059e+00
2.173511131651395534e+00
1.837808466383165085e+00
2.205379761069911737e+00
2.410370169003641649e+00
2.004467942077948983e+00
2.386664370914999722e+00
1.618137676198304620e+00
2.185793751141789976e+00
2.092158857913091641e+00
1.389543514553036374e+00
2.674291523690718986e+00
2.241142797848688417e+00
2.054675536967182303e+00
2.133291606858292333e+00
2.423983261021721347e+00
2.414152278219307224e+00
1.824445485682485213e+00
1.928892060246612861e+00
1.787726059545322155e+00
2.295106138057332323e+00
1.979145960291795570e+00
1.128755373500260673e+00
2.255316492026222974e+00
1.359042232105838188e+00
2.587268685630159215e+00
1.744780507305204287e+00
1.638387682962908043e+00
2.337722470006243114e+00
2.257420353617107356e+00
1.485746144895504273e+00
1.951628721562301827e+00
1.875071142462564566e+00
2.906433541302653190e+00
1.671451073876438542e+00
1.494058209464349085e+00
2.896527786128251236e+00
2.639817675219045867e+00
1.993389247684402399e+00
2.155079308062785692e+00
1.616274777716333766e+00
2.435215519477843316e+00
1.623906616294559235e+00
2.458878343824931090e+00
1.948677899781192213e+00
1.786820978446921337e+00
1.504818512452819057e+00
1.528432420728184749e+00
1.633295929974182492e+00
2.505645922209705390e+00
2.684914157856481687e+00
2.759696023347935512e+00
2.269850598056313729e+00
1.524796332784856823e+00
2.423747616250313097e+00
2.355252224223133517e+00
1.991651025897301919e+00
2.254606329256596986e+00
2.515616578577626328e+00
2.023006274949585848e+00
2.118780957677562693e+00
1.678341325839352471e+00
2.664634928375807732e+00
2.082581456851140267e+00
2.755885626414704248e+00
1.307545189718129608e+00
1.958229394664801504e+00
1.936201702574122274e+00
2.269876987236864707e+00
2.297312467971586614e+00
2.857750907544898133e+00
2.142800020853016463e+00
1.595445418196326681e+00
2.417844385151611153e+00
2.257359791992764819e+00
2.005393243888959454e+00
1.697408772657797549e+00
2.365102744931099288e+00
1.575499635809835652e+00
2.265333962771354237e+00
1.932316642774787763e+00
2.059574150295898853e+00
2.591832537753763877e+00
2.727515510287910061e+00
2.423448298553230629e+00
2.606378367583715772e+00
1.502785511305257060e+00
1.757649095957270591e+00
1.714253938484169293e+00
1.742947325758889221e+00
2.608886170114152137e+00
2.350382059032058102e+00
1.717125502799650816e+00
1.850359588700547508e+00
2.236725733824222573e+00
1.538868168680791237e+00
1.913053601937251935e+00
2.041758405673433696e+00
2.222620446609054667e+00
2.524895537215858354e+00
1.951777243660943739e+00
1.866312196143224522e+00
2.232709926615483731e+00
2.045383442857925615e+00
2.860222656628646831e+00
2.018135257760010681e+00
1.692915127152377019e+00
2.767042314389255964e+00
2.780018696028845770e+00
1.451549133893400345e+00
2.689040668391899480e+00
1.713383214863718473e+00
2.538390358741204444e+00
1.902397779782183385e+00
2.387227226484372800e+00
1.163067291119101121e+00
2.115899345537401111e+00
2.304828694609312834e+00
1.817976291878288464e+00
2.533422074581262340e+00
2.272156976249246618e+00
2.078395364199462136e+00
2.579464099607881256e+00
1.956856240948410708e+00
2.432236657959122805e+00
1.159220196885487830e+00
2.399441160129595740e+00
2.402848585284903749e+00
2.688551511687927054e+00
1.402048816960675293e+00
1.759033318714680716e+00
1.994807496233920840e+00
2.024593189403927518e+00
1.369525632947875993e+00
2.185563333897241556e+00
1.242239811922152715e+00
1.447869327576078557e+00
1.868177236993329604e+00
1.720315050673829393e+00
1.602088988912340195e+00
2.343633162012624727e+00
1.848144016038232973e+00
1.648298514962221351e+00
1.183445645787369882e+00
1.703626389360422433e+00
1.584634549596123598e+00
2.637010763181416806e+00
2.092310679794994854e+00
2.062466275846602137e+00
1.977438509327449800e+00
1.512112690634996426e+00
2.489387422065501454e+00
2.134082310060235521e+00
1.893139090495512544e+00
2.364348202158282675e+00
1.639385156992395842e+00
1.539626644387252163e+00
1.912977471326255063e+00
1.956846204941028233e+00
1.693236504813283361e+00
1.782714194802502705e+00
2.145699120376983071e+00
1.515987814590620930e+00
2.175311598978796557e+00
2.242774637803456983e+00
2.361862175965696586e+00
1.658358792277745408e+00
2.182813845578934320e+00
1.646530013624342148e+00
1.844235184826866547e+00
2.467618036192993358e+00
2.137408143089193580e+00
1.672712547416889350e+00
2.622990162535202341e+00
1.477435715824764850e+00
2.458730712570387666e+00
1.832219064158339794e+00
1.872297336281785407e+00
2.398768993739929023e+00
2.398751137481931472e+00
2.591133926998489656e+00
1.173510935571947966e+00
1.911281083870042252e+00
2.559903703092961891e+00
2.703227533607554633e+00
1.473135615037068025e+00
1.849083447293601967e+00
2.130546993783946519e+00
1.470758442063082372e+00
1.838096240284942784e+00
2.261463976346345994e+00
1.813704248490721316e+00
1.151550049394221009e+00
2.445497187086576929e+00
2.083102603968960409e+00
2.018921414669391901e+00
2.597514994292966062e+00
2.097456197094172303e+00
1.902863543152132575e+00
1.545278705323633872e+00
1.128076628084601740e+00
1.849289381899655416e+00
2.294218589188631086e+00
2.219955365105916734e+00
2.202636182038241408e+00
2.119786948554654771e+00
2.157457886979130102e+00
2.312392146551339955e+00
1.678950514860662491e+00
1.721965902553992844e+00
2.330655032524684867e+00
1.856162051065195273e+00
2.420355132097487427e+00
2.561505067370770661e+00
2.188510522371721390e+00
1.895670209577101195e+00
1.614929709031155847e+00
2.225513612561159427e+00
1.704749605332251505e+00
1.642415194577259818e+00
1.903073332277853691e+00
1.797787729276326019e+00
2.163032253052040943e+00
2.014325395689841258e+00
1.652454442838798609e+00
1.228943813378068350e+00
1.963632942159191153e+00
1.310723418873970259e+00
2.079822766802084999e+00
2.338918575647086939e+00
2.462118738278068264e+00
2.318800447787529695e+00
2.323193469321309657e+00
2.532722234060241107e+00
2.322511338520123481e+00
2.287549924061198503e+00
1.984829644502504209e+00
1.764212639739775934e+00
2.681777178389280536e+00
1.612107211912288118e+00
1.472771897160184640e+00
2.238003089644776011e+00
1.493987188547468481e+00
2.546140733481172980e+00
2.293004123406888528e+00
1.866563597677723507e+00
2.344461807906474959e+00
2.245421779684207308e+00
1.826176325001206191e+00
2.250247039028218321e+00
1.643604784918648143e+00
1.551541073272253213e+00
1.645392368226180402e+00
1.767972347901274333e+00
1.197785472505423332e+00
1.615254220474814595e+00
1.933198784356327860e+00
2.431845935687453775e+00
1.904325574386035003e+00
2.146962492538592393e+00
1.951525444148349830e+00
1.976028121668775839e+00
2.196968103300307895e+00
1.913255508231913371e+00
2.608828240266758414e+00
2.316164512435324063e+00
1.638216176798977131e+00
2.382925819574984061e+00
1.767355824835511680e+00
1.621901021735602910e+00
2.177760454902950116e+00
1.568070986036124159e+00
2.090858290512386919e+00
1.630570617129186273e+00
2.823676070125602955e+00
1.591523489648042355e+00
1.937287315727401094e+00
1.393833998041121625e+00
2.153312142071813984e+00
2.113608031365437512e+00
1.869187994807723907e+00
2.461642152391568139e+00
1.767347238534954013e+00
2.193634198762317133e+00
1.730704426154120679e+00
1.860356232290508505e+00
1.798877112684836632e+00
2.207365673333421263e+00
2.118782796721338180e+00
1.581586952708925242e+00
1.400298510057781387e+00
1.804553988796085306e+00
2.313714257665371310e+00
1.866944386559260316e+00
2.353266570632340127e+00
2.075113697235321908e+00
2.100958091931904193e+00
2.543065559430751854e+00
1.514137685202521455e+00
1.931142385429637898e+00
2.333195746806248749e+00
2.531967372901234192e+00
2.867241400565634812e+00
1.684568183840198241e+00
1.611665624831667643e+00
2.048331493410029402e+00
1.520325826241832434e+00
2.498312814777119861e+00
1.935980614205085271e+00
2.457699546997539564e+00
2.135320038530700515e+00
2.176711274071049029e+00
2.254616296034888556e+00
1.610035579587807408e+00
1.747485206472996211e+00
2.148123109841074019e+00
1.970940993729441759e+00
2.384277969485572690e+00
1.983985580663092829e+00
2.677588830539290754e+00
1.607483482991223678e+00
2.041912227518210887e+00
1.741597065167330705e+00
2.057812301053445481e+00
2.128703502303066042e+00
1.781815484467442978e+00
2.065662465299602957e+00
1.803322861042377934e+00
2.016529640742586782e+00
1.560589936974864589e+00
1.916262144816068602e+00
1.589094760844079079e+00
1.623059477536497930e+00
2.156118605127555377e+00
1.871067084472797681e+00
1.607912116158125571e+00
1.704958020274673025e+00
1.870730923788209932e+00
1.231603929543703346e+00
1.680020279163326302e+00
2.737401065501933850e+00
2.666626958350171606e+00
1.450268246530481253e+00
2.681232632432994478e+00
2.346315100337691639e+00
2.034031403678013827e+00
2.431612929069388862e+00
1.946514984976230433e+00
2.063300504853318618e+00
2.500582714534487216e+00
2.521664480755073878e+00
2.517423369517622689e+00
1.330624696687006336e+00
1.925242812819762062e+00
1.842609785299999636e+00
1.926643904928874607e+00
2.362492569903376527e+00
2.488899702039592210e+00
2.337023916332275242e+00
1.448963910675271638e+00
2.706207621712906963e+00
2.362584414389545806e+00
2.456439355704597816e+00
